% # columns="iteration, evaluation, void, void, void, xmean", seed=40, Mon Jul  6 01:00:24 2020, <python>{}</python> # scaling_of_variables: 1, typical_x: 0
1 14 0 0 0 26.088768726599678 -2.059505613328806 -2.35056563328354 29.183071831418776 -9.66909498826816 7.717210881012007 -17.909655754484692 -4.7159446975222945 -15.686830370736335 -53.259369177927624 14.941391563735781 7.719948931103268 -0.36534837370166195 -14.265764115612237 16.60805803490463 37.49867219505183 20.92085848282328 -8.872378428957308 -10.569836612172566 -9.404207922002575 8.499744503284335 10.91480350900426 -11.57267094630311 -39.35721605788148 9.875103202436877 -41.74030860371752 -3.5379969351362677 -12.853464135958616 19.77766493599467 -17.979653951660286
2 28 0 0 0 18.21174599300484 13.165603030539186 35.66922158040245 29.990285289482646 -37.822646477550435 -20.765048686673158 -49.49731552820928 -34.30908236598116 23.03454339606044 -14.848540885912328 4.683693337918534 25.10221691061683 -22.11156972130407 1.2192911891595095 77.20407415645046 45.985357205240426 28.71517044496549 4.264060818388019 2.8978986338577695 3.214022629063928 29.27638546966645 -27.492577745637746 -5.512290712176423 5.535522936589615 3.5030937689425325 -67.25629476586268 -22.034948037005684 -22.99056686696229 32.50952841819002 15.99398295141663
3 42 0 0 0 31.037031591331235 -0.8239275068696337 34.92031772757659 60.05424815216766 -100.00469151080506 14.46205699220383 -91.56941715162414 -51.894463365696325 0.32789064570971505 -9.148841286262742 -6.215506404533691 31.479993048004737 -44.70162902980503 33.76183772804825 57.05677349320258 75.73506967378921 -4.498342360404198 8.901017505241938 -22.432200644580554 -72.99550142268693 58.38848346606471 -22.409293208203913 -35.92410901762763 -3.0205727203503745 -9.376322628190648 -83.0127962131591 -17.46612308795735 -95.27354392398101 24.729950289015765 64.56628182902352
101 1414 0 0 0 54.77390691848402 69.64674684891055 27.5723209735186 58.45949135274597 -136.3510218174871 144.94120342970186 -70.89449166694307 -188.34986010031702 -134.48583461360255 -48.35917300735456 -110.49123353660634 6.925454228260091 17.740435030496254 -53.16768729443519 160.67317346844558 153.31712857697835 -19.949192404130226 15.567864946061068 -187.09384693584235 -146.07501318725494 53.05183182221442 -81.72500950739484 -255.21741823319385 35.447541523406066 3.5825721776512336 -117.30332705812265 20.682980628950084 30.117425657175232 -23.477723528163068 40.88794186891833
201 2814 0 0 0 55.42149538869833 69.82570349806703 30.693740584024408 64.71446821396263 -134.40279868073068 144.33867497111441 -71.54276257222568 -189.8233185600308 -133.3914255505628 -49.22424432081869 -110.85741039910445 7.059225872403082 19.17966587662129 -51.06192702163086 161.4753910842487 152.5460515502049 -19.925995563950934 14.770956991861832 -187.28140115262028 -145.83866416259025 52.87039696876205 -81.62397338465553 -252.23024976890633 35.44360073088554 3.611958717764687 -118.00855279280098 20.581701660185324 31.206990495101024 -22.027059960648987 40.767224831414
301 4214 0 0 0 55.45387262138405 69.85795910967732 30.809522126291963 64.75982313435901 -134.44826624645071 144.37274813471583 -71.51424357995985 -189.79160192071126 -133.40308285212737 -49.20473563290101 -110.87515756966471 7.044499021097224 19.18128419328466 -51.12638550065671 161.5983474019271 152.61245295210088 -19.89839894842509 14.674938968691709 -187.28097887959723 -145.863731844498 52.910304179835435 -81.6361852217778 -252.17437445886588 35.452696028581904 3.6039192540024505 -117.90814656241719 20.681080633159617 31.223931815619196 -21.98228320987922 40.736646960711326
401 5614 0 0 0 55.64207636422139 69.85385770849891 30.982522088702986 64.61891002057722 -134.53009878093596 144.3918638526205 -71.41460438922024 -189.61484230964703 -133.38041652403155 -49.2338953783542 -110.84286424924456 7.018137549084805 19.175950229981098 -51.38612537771788 161.94634632481484 152.72686884367852 -19.759091769973583 14.404457187224681 -187.28582083971705 -145.88166465780196 52.89191730812598 -81.63924759987955 -252.08392312794453 35.457669964418834 3.610334024321622 -117.62297607713944 21.017271715360533 31.22907518825332 -21.97438193067114 40.75010490602006
501 7014 0 0 0 55.83557346875677 69.86245407039912 31.073632083896264 64.39802972234962 -134.59071580318522 144.36290242802838 -71.46095311371614 -189.4280197690936 -133.40057979212907 -49.21982151313742 -110.83652979497629 6.989097909176693 19.200128700026504 -51.35503581418279 161.85206259784286 152.71716565388073 -19.614548107547296 14.300653586811945 -187.2649380037122 -145.85645963080447 52.894128224669345 -81.62645868228385 -252.11956416798955 35.45704895644123 3.630782500992177 -117.75595262304732 21.02327537049777 31.21966940417582 -22.104451237881232 40.72052557878282
601 8414 0 0 0 55.83563636314401 69.86167470633447 31.074402084854164 64.40153366192446 -134.5898778034933 144.3628601824822 -71.46155411842523 -189.42798852227835 -133.39986593061641 -49.21961024255966 -110.84026178137381 6.988718098361577 19.201519687449267 -51.35480650193591 161.8531098408415 152.7168170204938 -19.614569331259005 14.301516015781896 -187.26487055585042 -145.85788669853667 52.89447926356047 -81.62692765461077 -252.11893908201006 35.45719721221864 3.6287344659787055 -117.75729117164447 21.022149400462094 31.220371819769838 -22.102866561872816 40.72062071233235
701 9814 0 0 0 55.835622951903865 69.85838784624357 31.084228042279562 64.43654886294156 -134.58173816843384 144.36003852156918 -71.46426106222587 -189.42798969947034 -133.39237284393528 -49.21831914669815 -110.86793335209961 6.9776160847286794 19.21395549254142 -51.34330002080729 161.8555763094421 152.71562123027454 -19.614578315304673 14.301078861758187 -187.26574267432775 -145.8729112728533 52.897817038033615 -81.63033972788122 -252.10640285843544 35.46026182690089 3.6111729144260476 -117.7796329254122 21.00228078444318 31.23086806939949 -22.09091306915745 40.719411298039276
801 11214 0 0 0 55.83560696853106 69.85846732273721 31.097669014870604 64.48750909112103 -134.5759189717074 144.3606773305697 -71.4676425246743 -189.42799526682776 -133.39763843699387 -49.203348744361534 -110.85795093823577 6.952999706319553 19.209517049733492 -51.330541612833045 161.83573719459588 152.70920877861758 -19.61456983790492 14.288664717314852 -187.2799403127178 -145.86968377697963 52.896368516652224 -81.63023177400201 -252.0885496246802 35.460924074335985 3.603591138099079 -117.81896537109009 20.978369623042425 31.231518440719803 -22.085066852336453 40.71637056032182
901 12614 0 0 0 55.83563186776838 69.85495759098664 31.124007804189848 64.54668065763818 -134.57116531322418 144.3573181889173 -71.47035823622252 -189.4279693606145 -133.40093900362132 -49.20429705878359 -110.8459930445334 6.939488988222962 19.21276512814931 -51.34367059989129 161.85559901101544 152.71909246427964 -19.614553084469193 14.25398758050771 -187.28524888653394 -145.86650383173148 52.89961564806104 -81.6295187119979 -252.0573626692845 35.468547985151645 3.60471595934063 -117.82610392004231 20.977796800307743 31.234838767319253 -22.061214912956192 40.707481611612764
1001 14014 0 0 0 55.83562677384567 69.85627867839345 31.126243912167034 64.5811391271207 -134.59089080833476 144.363269586218 -71.47949311108442 -189.42797325728327 -133.40017991279467 -49.205349582740595 -110.85243314082871 6.927689976263394 19.22054967733148 -51.36004858553495 161.8785395354777 152.72456191133784 -19.614569147278598 14.20869269786104 -187.28050791286884 -145.86404679514644 52.893713544444644 -81.64154818753302 -252.05393516363043 35.46332332978812 3.611037242783039 -117.85498026465301 20.963606795823146 31.231552018504537 -22.03894928628014 40.69620223617078
1101 15414 0 0 0 55.835630048582374 69.8579081328881 31.087492419107253 64.56618279590049 -134.61405070506666 144.36116444102603 -71.4850626316809 -189.4279906775236 -133.39389779156792 -49.206242267183946 -110.84944992882161 6.9130246256906025 19.22338451003182 -51.37585830630901 161.9019015994934 152.72527804604263 -19.614565217485442 14.178840748846302 -187.2799787059353 -145.86774920688813 52.88977491742363 -81.63442286727752 -252.059779771119 35.46379984179135 3.612784269358428 -117.87804950830578 20.949396905311623 31.228177855689005 -22.019885361365173 40.68600007347105
1201 16814 0 0 0 55.83562743128991 69.8553652497316 31.041131518519414 64.52163692742185 -134.65522836250437 144.35974833011474 -71.48615049761214 -189.4279849901162 -133.39573055666483 -49.205865357850044 -110.83989018817208 6.886592978576728 19.23104993323854 -51.388830083821766 161.90338695388414 152.74710655338765 -19.614567780386466 14.165776015506037 -187.28277748558767 -145.86945499096797 52.8931819175547 -81.63757291332392 -252.02617488654863 35.4655171631452 3.60872089231729 -117.88762932314678 20.932735544238874 31.232130703395796 -21.99855694675946 40.670932973326224
1301 18214 0 0 0 55.83563343165869 69.85779021500478 31.038344975080985 64.51230285007605 -134.66715599726498 144.36323644637 -71.48437255694509 -189.42798097618618 -133.39587267321514 -49.20918602214275 -110.84220291686141 6.871160761272603 19.23351316009064 -51.38511391500294 161.89661441191586 152.7551548210113 -19.61456205972996 14.16559869893042 -187.2823972395696 -145.86638856974722 52.890956310754504 -81.63825765126921 -252.00324765829254 35.46450846580676 3.608152193930418 -117.8910813343849 20.932370466545663 31.23418530971997 -21.998445407266985 40.664806630252315
1401 19614 0 0 0 55.835639075286416 69.85646281199953 31.043621903870594 64.51426085280333 -134.66757395909426 144.36413515358961 -71.48539637272862 -189.4279757671751 -133.39572728412728 -49.20786349342078 -110.84922881160236 6.853843836777616 19.237843986728517 -51.37837408263172 161.88300428929566 152.76706197823884 -19.614558300647673 14.17363658503937 -187.28166766427478 -145.86648617572217 52.891707131468344 -81.63571493585913 -251.98360832054456 35.46723580078795 3.611387960783913 -117.8989303138473 20.93250743969688 31.231172851217014 -22.004536938579307 40.65488305565303
1501 21014 0 0 0 55.835635360808816 69.8566650229346 31.049051251526578 64.51660763164307 -134.66857359243397 144.3635045691286 -71.48452288438192 -189.42797920813575 -133.39463816247783 -49.205778223062765 -110.84631548758645 6.834893342738736 19.240610312409185 -51.38669062449438 161.8779084594993 152.78128391846596 -19.614561450167596 14.173296780288647 -187.2802493271685 -145.86945168475017 52.891176574721385 -81.63739179082937 -251.97572254573785 35.466103372001164 3.611382730797581 -117.90342157795212 20.93297908950144 31.22985296845871 -22.004012133415863 40.64186490271707
1601 22414 0 0 0 55.835632874518964 69.85864108359071 31.0520623385256 64.51204183568386 -134.65825309539977 144.36088273750164 -71.48583840351546 -189.4279780599228 -133.39528827319626 -49.20772370971917 -110.84596804478024 6.8027714917023765 19.249993999436576 -51.40130726610702 161.87190294223865 152.80371251204917 -19.614561997561363 14.182262731592616 -187.28152812945035 -145.86820245061148 52.89032489697076 -81.63777923275688 -251.98925158727528 35.46580165598688 3.610862188508005 -117.91655302603873 20.932054542804845 31.229886250426276 -22.003671007499527 40.62403023482254
1701 23814 0 0 0 55.835636280429256 69.85795849986471 31.053299520667473 64.51461024967338 -134.65098022583007 144.3633354592086 -71.48785654214429 -189.4279776952369 -133.39498255848295 -49.20762412757444 -110.84731193843649 6.792228729612733 19.251831382648994 -51.40739445295547 161.8766070106359 152.8111752788698 -19.614560433638236 14.18650417796779 -187.28109745054854 -145.86774573599962 52.890799072797215 -81.63639025783328 -252.00017081770775 35.465803097635614 3.610821045023387 -117.92467540674731 20.93234650031112 31.23082505541117 -22.002595214852427 40.616672063961616
1801 25214 0 0 0 55.83563658729142 69.85753311529129 31.050436293516302 64.51369261675788 -134.64956237882038 144.36297584461227 -71.4878427433345 -189.42797781874498 -133.39510469615087 -49.20661678269522 -110.84866735113998 6.789153351987452 19.251530159567103 -51.40421618986518 161.88280826794798 152.81259324118554 -19.614560341488502 14.186248148643465 -187.28047181444083 -145.86703568949767 52.89095766861255 -81.63705282099116 -251.99918934297557 35.46625504241866 3.610766038564016 -117.92648316366798 20.932840484515527 31.232198674511356 -22.003703480473433 40.61432273620406
1901 26614 0 0 0 55.83563612624822 69.85758860919441 31.050390031379838 64.51288893729706 -134.64402477682324 144.36234552700603 -71.4879993791376 -189.42797801541232 -133.3952051788233 -49.20736313240735 -110.84725791662288 6.7846268667176055 19.252634257248083 -51.3946661998116 161.8891134822563 152.81595908860828 -19.614560571529655 14.189089808377553 -187.28078092101484 -145.867096285895 52.891071084279424 -81.6371735121113 -251.99914298107453 35.46575570437892 3.6106984006729896 -117.92792703983656 20.93056609350878 31.231273087693857 -22.003332499357963 40.61138058949199
2001 28014 0 0 0 55.83563608567943 69.85800982626564 31.05036184818013 64.51314859879942 -134.6442288074318 144.36267999072345 -71.48799564495343 -189.42797803234546 -133.39536118774873 -49.207221477417825 -110.8473358617932 6.783807367468766 19.252680997850405 -51.39364684350904 161.89005629957737 152.81672981629555 -19.614560581907273 14.188940292581766 -187.28085160231564 -145.86749238083812 52.891086242432685 -81.63711340863901 -251.99851923963286 35.46597275377482 3.6108065671796643 -117.92826770263696 20.929983198430893 31.23134784706492 -22.003325161835424 40.61082632339029
2101 29414 0 0 0 55.8356360831536 69.85811303642674 31.050284054201725 64.51314810247125 -134.6444436710895 144.36285431644504 -71.48791876234014 -189.4279780379164 -133.39524141680394 -49.20717909039137 -110.84738076341979 6.784181172976216 19.252612814800877 -51.39324924038168 161.89009948396554 152.81652077008596 -19.614560584130416 14.188939407802456 -187.28086073112658 -145.8675908394118 52.89106814071846 -81.63710807847201 -251.99866069506646 35.46595362271026 3.610876531151475 -117.92799226939789 20.92977490372934 31.231364024460202 -22.003674717859674 40.611031492707276
2201 30814 0 0 0 55.835636103986275 69.85816192066125 31.05033678399316 64.51413051837214 -134.64483297217495 144.36280542910896 -71.48776677071142 -189.42797802580927 -133.3951233674212 -49.207253687691534 -110.8470070874193 6.784210178439615 19.252551509668358 -51.393280462060645 161.89025895740704 152.81659142396825 -19.614560579482337 14.188159396435559 -187.28083836069186 -145.86747714222764 52.89114493280533 -81.63730029036091 -251.99945617091134 35.46599249623687 3.6111515725119205 -117.92754989945136 20.92935225866276 31.231531401972425 -22.004451141978517 40.61117193627973
2301 32214 0 0 0 55.83563608519564 69.8579246239595 31.049463021200186 64.51476158497668 -134.64616846936104 144.3627864708241 -71.48741696264561 -189.4279780315054 -133.39520891984222 -49.20717437131945 -110.84715696979698 6.782921174662977 19.25293891350051 -51.39265295198886 161.8902241530731 152.81761740924742 -19.614560582252853 14.187312510809234 -187.28071105376273 -145.86747592504761 52.891124572270726 -81.63711520160774 -252.0013228906194 35.466063564268765 3.6108963835579835 -117.92699933334139 20.927490785741462 31.231407767460503 -22.006307786052826 40.610925553165586
2401 33614 0 0 0 55.835636082388504 69.85795557362441 31.049718724277803 64.51487660220243 -134.64666022195433 144.3628104246133 -71.48745705022252 -189.42797803710718 -133.3953606710267 -49.207265491681476 -110.84733819338149 6.782854829551482 19.25300291278298 -51.39245454073129 161.89013637336117 152.81768370402904 -19.614560584943572 14.186995391663432 -187.28076227273985 -145.86740094626177 52.89121853042656 -81.63715236567585 -252.00120314452667 35.466058008371014 3.610857554416019 -117.9271761481967 20.92739337014043 31.231370696061624 -22.006222105542907 40.61076904432339
2501 35014 0 0 0 55.835636084356054 69.85795173891124 31.0497876416588 64.51481779953579 -134.64730124156398 144.36269834317022 -71.48754817616458 -189.42797803557528 -133.3952776346324 -49.20728995813412 -110.8473712431866 6.782691234628858 19.252916762141457 -51.39229168779865 161.8899169601791 152.81781845931798 -19.614560583649983 14.187024896303488 -187.2808324635986 -145.86745222564568 52.89119211851957 -81.63715865768013 -252.0013289053437 35.46600094372423 3.6108640760328528 -117.92739075991494 20.927300750509847 31.231389725613447 -22.005984410226453 40.610513120628795
2601 36414 0 0 0 55.83563608275593 69.85796718070796 31.05005980253321 64.51493689003586 -134.64813045504908 144.36267963927062 -71.48752893376718 -189.42797803618384 -133.39522837330264 -49.20725169412817 -110.84735073382197 6.782327726677657 19.253006373680048 -51.391895429822156 161.8900186626037 152.81806185833517 -19.614560584698395 14.18756230746586 -187.28075464154668 -145.86740410641195 52.89119005645574 -81.63708769478087 -252.00191942448112 35.46601063945203 3.6108691135284663 -117.92746838040624 20.927690331898 31.231402961405593 -22.005368506128903 40.61032914031969
2701 37814 0 0 0 55.83563608316029 69.85797822007557 31.050099860112596 64.51509500057243 -134.64822330466475 144.362735794664 -71.48750270321409 -189.42797803656973 -133.3952820080969 -49.207257383522894 -110.84730218993279 6.78256269450268 19.25294747159919 -51.39175475214289 161.88992946787275 152.8178521109663 -19.614560583995747 14.187718417936026 -187.28075216742334 -145.86740817998532 52.89119349616723 -81.63712357215174 -252.00198735536372 35.466038734489324 3.6108693682545123 -117.92737241324788 20.92778984429273 31.231408558065816 -22.005191866437617 40.61050595148157
2801 39214 0 0 0 55.835636083175636 69.85795523005602 31.049959486800304 64.51528034456159 -134.64816146553895 144.3627266493444 -71.48749345168038 -189.42797803632732 -133.39530030220578 -49.20725083475416 -110.84731009287535 6.782617139287942 19.25292856669334 -51.39178064655249 161.8899187931006 152.81782062061478 -19.6145605839639 14.187795178680963 -187.28075315729117 -145.86741880999452 52.891219765579535 -81.63709892144999 -252.00193502714916 35.46601757473058 3.6108775155707646 -117.92731476464925 20.927751044451938 31.231418374344294 -22.005132136386084 40.610532934375016
2901 40614 0 0 0 55.8356360831759 69.85798280666417 31.04979293767259 64.51536229848399 -134.64813861744184 144.36271758399025 -71.48749072719625 -189.42797803655958 -133.3952915507181 -49.20726112557848 -110.84736386528648 6.782640101564342 19.252921510761634 -51.39180151468209 161.88987392303386 152.81782440926852 -19.614560583960696 14.18788182562395 -187.280758185799 -145.86741308810105 52.89122485067342 -81.63711036562337 -252.0019706668946 35.46601475408854 3.6108822742156326 -117.92728173953282 20.927735744108617 31.23140659194714 -22.005081177073315 40.61053259694705
3001 42014 0 0 0 55.83563608317756 69.8579830959804 31.049768878794584 64.51540428107323 -134.6481249270466 144.36272002469613 -71.48748279770805 -189.4279780365631 -133.39528068634237 -49.207260461151755 -110.84735916262701 6.7826042811136436 19.252937033951163 -51.391795617982154 161.8898473008246 152.81786167135888 -19.61456058395615 14.187896594495431 -187.28075400459286 -145.86740521043154 52.89121450001137 -81.63710719388405 -252.00195020963147 35.466019404335434 3.610881127987228 -117.92728210368153 20.927714084803892 31.231402515608686 -22.00507177308964 40.61051401888675
3101 43414 0 0 0 55.83563608323423 69.85798174198855 31.049784478314244 64.51543828484333 -134.64806920340467 144.36271222760962 -71.4874723395956 -189.42797803655043 -133.39528035730874 -49.20726570493585 -110.84735268705914 6.782681102430215 19.252923080610003 -51.391775220808405 161.88981440685527 152.81780885262978 -19.61456058400276 14.187812398405889 -187.28075435538335 -145.86740251992552 52.891205276287224 -81.63710116691321 -252.0019991805351 35.466023226767675 3.6108832205432306 -117.9272414464885 20.927722789043287 31.23140470049219 -22.005014356128445 40.610560632007605
3201 44814 0 0 0 55.83563608319618 69.85797191309808 31.049738131352946 64.51535214985601 -134.64794982379394 144.36272876345367 -71.48747032909206 -189.4279780365356 -133.39527732195245 -49.20726114184062 -110.84737263809761 6.782587458424161 19.25293477747437 -51.391656445188865 161.88967276662783 152.81789096009746 -19.6145605839586 14.187666753502363 -187.28075369191018 -145.86740552922868 52.891218206144885 -81.6371023891409 -252.00203463150797 35.466021145636134 3.6108831001909225 -117.92724344111869 20.92773944623913 31.231413910082296 -22.004877535936448 40.61050352455323
3301 46214 0 0 0 55.83563608318878 69.8579776595573 31.04973484773886 64.5153621179439 -134.64795699442274 144.36272651316858 -71.4874707896502 -189.42797803657552 -133.39527901499233 -49.20725261149618 -110.84737463818418 6.7825677121245 19.252939456918842 -51.39163571179826 161.88968117397152 152.81790467743974 -19.614560583938896 14.187636757090447 -187.28075148058915 -145.86740794126248 52.89121448989995 -81.63710875119584 -252.0020295659618 35.46601869484258 3.6108814230218673 -117.92725378778029 20.927779770026607 31.23141608955033 -22.004865613768 40.61049216847165
3401 47614 0 0 0 55.83563608320551 69.8579737762225 31.04964850672769 64.51541542430714 -134.6479717345787 144.3627247746683 -71.48748457242822 -189.42797803655867 -133.39527820328368 -49.207261637589234 -110.84735800457098 6.78254337609578 19.25295315487592 -51.391601612831046 161.88965173839523 152.81791915042987 -19.61456058394278 14.187603689604257 -187.2807549907031 -145.86741159521324 52.89121599303904 -81.63710317316271 -252.00204534777075 35.46601487299218 3.6108787285951784 -117.92729399864743 20.92794556220019 31.23141486029782 -22.00494789031739 40.61047477351298
3492 48888 0 0 0 55.835636083199766 69.85797307652993 31.049654023620946 64.51540806706558 -134.6479743260137 144.36272662728084 -71.4874844149704 -189.42797803656535 -133.39527883256108 -49.20726197533938 -110.84735906827869 6.7825428142910775 19.25295317091898 -51.391600833342345 161.88965139247384 152.81791910850592 -19.614560583942488 14.18760450764467 -187.2807547198575 -145.8674110159923 52.89121536951723 -81.63710414533325 -252.00204404973425 35.466015945847495 3.6108791480588565 -117.92729473766333 20.92794893707069 31.231416057518167 -22.004950458013198 40.61047392593465
