% # columns="iteration, evaluation, sigma, axis ratio, bestever, best, median, worst objective function value, further objective values of best", seed=47, Mon Jul  6 02:09:05 2020, <python>{}</python>
1 15 51.98193469516846 1.0000490012005196 166500278629.8447 1.6650027862984470e+11 265179703814.87112 340920384322.03235   
2 30 54.35258429048828 1.0403371043307932 136960286168.19084 1.3696028616819084e+11 235534919373.67368 344698703167.05804   
3 45 59.07827319477418 1.0447314502535252 136960286168.19084 1.4611165153850385e+11 218189343203.91623 386889738306.8048   
101 1515 0.8116082365507582 1.8349785172548272 350622871.5882992 3.5062287158829921e+08 376685499.49688417 427492740.39348567   
201 3015 0.3977341717315317 3.854949183406023 141595217.69672522 1.4159521769672522e+08 145913717.23732814 150366135.88147452   
301 4515 0.18423326660871459 6.018707863778704 73658720.034116 7.3885586998390943e+07 74354700.0402141 76422343.5187383   
401 6015 0.1852952372372987 7.616740309131199 32258757.202277552 3.2258757202277552e+07 33216152.32505458 33767800.206776254   
501 7515 0.1800132285949675 9.596371254938699 18485860.755880788 1.8790655563502461e+07 19097759.18495455 19685777.57445919   
601 9015 0.1994728356295503 13.238659126409907 10002637.549624594 1.0139603047608091e+07 10799304.0396746 11407452.778627876   
701 10515 0.06760834181246704 18.893928974279795 7195083.65970921 7.2104940173001355e+06 7299962.100979759 7401953.331542338   
801 12015 0.14528679330196417 21.669652067002122 4183354.6201071013 4.3017815616930900e+06 4495111.266550678 4772495.752133313   
901 13515 0.04771461190212905 26.188778425304474 2746103.677125815 2.7461036771258148e+06 2807711.5135155185 2834434.1846001022   
1001 15015 0.047399637562856874 28.284023444042063 1582797.130018991 1.5827971300189910e+06 1627666.6318683447 1663709.2240895529   
1101 16515 0.017913687623590965 33.11099887432341 1219965.6041063955 1.2210585827786925e+06 1222280.2557356437 1226975.2363342573   
1201 18015 0.027825542868794375 33.994095687594715 1155772.7832771991 1.1557727832771991e+06 1160547.5132225114 1170497.8992987622   
1301 19515 0.03282131948305568 35.96133242810783 904667.8373839534 9.0466783738395339e+05 913423.4531943336 930193.3618026259   
1401 21015 0.016425596664864754 43.5267570872571 640876.6014103163 6.4110498323604860e+05 643205.7224912947 646044.7817633462   
1501 22515 0.011627306872560429 54.81693282263648 602186.1177391649 6.0218611773916485e+05 603420.0296357423 610064.6764804479   
1601 24015 0.021506901778612145 68.25434739367263 562868.692838017 5.6286869283801701e+05 566680.7061839937 586202.617105018   
1701 25515 0.01581627786353923 85.32731993086122 469486.0804921175 4.6948608049211750e+05 475795.27163011377 514501.7723322554   
1801 27015 0.023515225705855656 146.10266758199796 313194.7185091288 3.1319471850912878e+05 317433.66793613904 346312.9921587333   
1901 28515 0.008117195785732263 229.86628489445647 288265.3120397559 2.8830104695383878e+05 289142.1623218897 292942.4913682063   
2001 30015 0.026279029234604092 231.86746882644428 259448.55791985497 2.5965510743049151e+05 264770.01036506623 285461.7693547002   
2101 31515 0.032424742650370326 235.73115951055956 156922.12094690726 1.5692212094690726e+05 162010.5973399055 175772.26691877632   
2201 33015 0.006306621337489663 250.33197730959242 97831.1003425375 9.7875653644859500e+04 98119.38170682285 98378.82899677585   
2301 34515 0.006802221908596166 243.57567895261562 95954.72682004879 9.6017037403745460e+04 96112.66224635826 96417.04776486737   
2401 36015 0.0100385583729747 244.71493854191405 88645.08181621965 8.8645081816219652e+04 89185.20127790108 89710.5073462418   
2501 37515 0.014434698849684654 248.48272409939776 67774.21693822686 6.7774216938226862e+04 68461.70812524443 69883.31525829158   
2601 39015 0.001957277607081062 315.75984940741847 53722.286701143006 5.3722286701143006e+04 53743.98752492959 53759.513416356545   
2701 40515 0.003344720348157093 326.26539668271727 53184.09899054868 5.3189973853974225e+04 53219.05757264933 53318.44179747395   
2801 42015 0.005733342014700787 341.17126576943105 49266.64041106064 4.9266640411060638e+04 49432.08973923625 49573.59092066207   
2901 43515 0.012468600573319295 341.6627209211583 37276.996753671694 3.7276996753671694e+04 37772.75862206161 38469.10217230316   
3001 45015 0.0009128891651916872 364.90977910034036 30030.948234304586 3.0030948234304586e+04 30034.40393281613 30038.848271708208   
3101 46515 0.0014524153319171909 371.22027190353253 29980.97623377774 2.9980976233777739e+04 29986.78357672367 29991.937459880908   
3201 48015 0.002795879174182007 371.6247376466817 29709.331975604073 2.9709331975604073e+04 29726.596913972062 29744.770653436706   
3301 49515 0.012455454883526978 374.27284796407866 27770.53082478729 2.7770530824787289e+04 28224.104225272167 28686.776282355437   
3401 51015 0.009367805258809425 386.1478385597565 20283.9389743837 2.0283938974383698e+04 20534.020043341225 20740.726237127827   
3501 52515 0.0021916882979640673 637.1836251032302 13252.955685867335 1.3252955685867335e+04 13268.990340503962 13447.744969520234   
3601 54015 0.00019844958769278838 678.5771118074355 13217.683203488124 1.3217789934796150e+04 13217.934704634514 13398.484834244493   
3701 55515 0.0012592681490565438 682.8142168922923 13195.986935298697 1.3196427409685837e+04 13202.02467593388 13380.508701335139   
3801 57015 0.00348913152224296 674.7325217764048 12902.956887763066 1.2902956887763066e+04 12926.484018968971 12954.625679162651   
3901 58515 0.0007396629507273143 666.3188986798466 12349.974632807734 1.2350097204677564e+04 12526.781467291763 12532.622879721801   
4001 60015 0.0001060705812285901 661.7934793153606 12337.276894692364 1.2337438093682751e+04 12337.933684901107 12517.859766290105   
4101 61515 0.00032510043730502773 671.8121162359962 12330.514038088782 1.2330687177041182e+04 12331.84189429243 12511.279095006117   
4201 63015 0.00022546151653117156 691.748171000533 12323.942514222268 1.2323955095133300e+04 12324.712638583502 12504.201601977511   
4301 64515 0.0012231015990674804 708.9936773336315 12305.412006901417 1.2307411610761037e+04 12313.610225992583 12492.045980960156   
4401 66015 0.002825916631825424 710.1879372430675 12160.836742435311 1.2167706164491239e+04 12181.892910445466 12520.687859377773   
4501 67515 0.008089807789517048 676.7303598887596 11638.7138998556 1.1682097989201486e+04 11785.736047619532 11973.911611221425   
4601 69015 0.0025656251380850627 731.3673081122257 11061.193516396022 1.1061193516396022e+04 11082.190548980634 11252.741980670904   
4701 70515 0.0001561986516570501 769.5753521723993 10978.324431329904 1.0978759252638725e+04 11156.481363923107 11160.491947539274   
4801 72015 0.0004980096847592257 777.6643629348343 10962.265881758663 1.0962265881758663e+04 10966.61886829385 11322.263454334512   
4901 73515 1.720074839767083e-05 760.1967138286598 10955.718213629385 1.0955762933811533e+04 11136.203106152767 11136.45548305178   
5001 75015 1.2745553998617157e-05 721.4479427323711 10954.915863142727 1.0954915863142727e+04 10954.980388588228 11316.045365821605   
5101 76515 7.354953202143378e-05 729.4479563041049 10948.04106142974 1.0948135100543372e+04 11128.280722136034 11309.01581779759   
5201 78015 0.00013521161442473702 709.6172773189421 10943.007477215946 1.0943007477215946e+04 10943.570189861275 11123.838657580502   
5301 79515 0.0004089043642452781 716.4197048743326 10933.620001381438 1.0934185599283326e+04 10935.873385894069 11114.66695082165   
5401 81015 0.0010333371818416416 724.2544152647034 10895.314363369418 1.0895314363369418e+04 10904.09812355055 11077.144239783724   
5501 82515 0.0024368200900470164 723.4475034247142 10790.039538293262 1.0790237118001107e+04 10970.195295224301 11155.717502504489   
5601 84015 0.009339218443243945 730.5158844403697 10063.637401876855 1.0073463352346465e+04 10149.39257431249 10514.51072166273   
5701 85515 0.005279253957988405 829.8748814032383 9202.846005742755 9.2028460057427546e+03 9229.500314138504 9257.054941010558   
5801 87015 0.0013274609010980728 1046.1210964315674 9078.583898747911 9.0785838987479110e+03 9080.280775111232 9083.025495017519   
5901 88515 0.0007444914178008964 1069.4872067153772 9026.528700944855 9.0265287009448548e+03 9027.321007979375 9207.623719991894   
6001 90015 0.000940517194378529 1113.9120600419017 9000.109514310036 9.0001095143100356e+03 9001.758451833644 9181.313619899018   
6101 91515 0.0047237410500207975 1129.3639973703628 8743.25350617183 8.7432725782209509e+03 8756.473052628202 8953.433094692995   
6201 93015 0.011294385570132248 1144.1047313589784 7904.488178792546 7.9234984471438984e+03 8017.064237333017 8185.646244280145   
6301 94515 0.00024858806931221113 1107.5142037632997 7602.290486471038 7.6024251663012692e+03 7602.860933868102 7783.12808955481   
6401 96015 0.00024988567512470385 1178.4215239392342 7596.199561264122 7.5962430452572535e+03 7596.932551259404 7777.2184857014545   
6501 97515 0.00013154050523227735 1160.6700532661582 7592.419398182936 7.5924193981829358e+03 7592.842688575813 7773.270327137781   
6601 99015 6.557112484394658e-05 1177.762270770615 7590.054918961032 7.5900549189610319e+03 7590.242546375487 7770.796850867341   
6701 100515 0.0013444586933096644 1196.1866051985287 7577.936352826191 7.5786374349987000e+03 7583.621161635356 7941.983362814055   
6801 102015 0.0018819992365322353 1184.6021426827012 7535.776359950418 7.5357763599504178e+03 7537.9815082622445 7720.327016529818   
6901 103515 0.0014188160037261397 1124.870270649995 7449.075689478937 7.4490756894789374e+03 7451.39997841779 7628.934246048801   
7001 105015 0.0007780842573636943 1040.710282828257 7424.931889213054 7.4249318892130541e+03 7425.297199694974 7606.024672298878   
7101 106515 0.0024863762764131196 1021.4806948929782 7390.672217965064 7.3906722179650642e+03 7394.381233433038 7575.631261702092   
7201 108015 0.004648515265281549 981.1744627966839 7279.09445164135 7.2790944516413501e+03 7288.9151704637625 7469.248142095072   
7301 109515 0.0036123649527792932 939.6215320283316 7063.978177171099 7.0639781771710987e+03 7073.757745724143 7249.779973991886   
7401 111015 0.005526360875082476 939.2542671193789 6900.046756641266 6.9030541037959374e+03 6922.339152281458 7099.290318744356   
7501 112515 0.004103362660114054 878.4223943740375 6574.6211170627475 6.5749605190591519e+03 6592.360930016591 6772.977905377612   
7601 114015 0.0006390483469708373 869.6249291984301 6507.6876095103835 6.5079350930266082e+03 6508.572293342026 6510.167682009635   
7701 115515 0.00025836916291856253 853.517786694673 6500.561060024091 6.5005610600240907e+03 6500.904288640386 6681.29415235781   
7801 117015 0.00013607829145089687 859.0608369054472 6499.342881562113 6.4993610033433788e+03 6499.474534106009 6680.001570538175   
7901 118515 0.00012967972792293596 1081.8618907116074 6498.462741163238 6.4985199313324301e+03 6498.626309442014 6498.797528128361   
8001 120015 5.818007897209364e-05 1098.645857736277 6498.177077719125 6.4981811322967051e+03 6498.252937857333 6678.816101647026   
8101 121515 0.00020788178565534225 1134.0195782671553 6497.062858652367 6.4970628586523671e+03 6497.132759512999 6677.667825232913   
8201 123015 0.0003219712517104047 1102.0148954975948 6494.185015691531 6.4942274679909960e+03 6494.427933135966 6674.986437876225   
8301 124515 0.0015129956259537665 1093.580286655419 6482.231025328143 6.4822310253281430e+03 6483.70520903 6487.703988835637   
8401 126015 0.004822444089439461 1056.128715339961 6377.612203869614 6.3776122038696139e+03 6388.833512661114 6575.159657527698   
8501 127515 0.003338035190172255 996.7345198375405 6075.665754727814 6.0756657547278137e+03 6082.729983257075 6090.434268923404   
8601 129015 0.0008285689450927586 1004.4656614702893 6030.19220334881 6.0304423516692241e+03 6031.013326281315 6210.749930995542   
8701 130515 0.0005258971187399028 1055.1786878752932 6027.340751795044 6.0273800570540152e+03 6027.70343785745 6208.076259711151   
8801 132015 0.0007248128010189495 1094.3089788988482 6021.743915265327 6.0217439152653269e+03 6022.150985781598 6202.542227395692   
8901 133515 0.0032593312560799817 1089.1954768282144 5981.4103184188625 5.9814103184188625e+03 5986.521259444637 5993.090254446514   
9001 135015 0.00035961992587495053 1252.9596545348986 5958.83864421063 5.9588395206892365e+03 6139.128476232259 6319.723267379195   
9101 136515 0.0007085017284982826 1369.1345583813668 5954.574562477383 5.9546914556948977e+03 5955.110098131745 6135.572246510299   
9201 138015 0.000474464031886956 1449.3680925712179 5943.211497969937 5.9432847693203639e+03 5943.564690771205 6304.008704115644   
9301 139515 0.003281145539133338 1416.3078138230603 5877.821561454698 5.8791657454631659e+03 5883.76201771303 6063.870447454103   
9401 141015 0.006199753821535249 1566.4340079681517 5734.583239815158 5.7345832398151579e+03 5743.040719498016 5919.196063021986   
9501 142515 0.002718908342464442 1684.5956300220998 5630.863713692691 5.6308637136926909e+03 5634.60571173353 5637.156007364081   
9601 144015 0.002110768479120888 1724.9544728416477 5450.441134105647 5.4504411341056466e+03 5451.7633234201785 5453.492191505283   
9701 145515 0.0012044228112434256 1707.270233010233 5422.968214953024 5.4234614708134350e+03 5603.980332303289 5783.697463513539   
9801 147015 0.0010715723550198003 1694.251732615855 5403.623661927827 5.4041970808697743e+03 5404.804044130705 5584.9714761065825   
9901 148515 0.0006978643363379996 1599.4493737208404 5388.73078945638 5.3890278074169701e+03 5389.776474164908 5569.1310344934645   
10001 150015 0.0009143326320506149 1605.237886833952 5380.58110999868 5.3808531932829646e+03 5381.912947699406 5741.641881697341   
10101 151515 0.00011217096617485887 1567.84260549571 5379.228092008319 5.3792510198189029e+03 5379.276384045651 5559.812500607363   
10201 153015 3.947807496668369e-05 1649.4700158702121 5378.922477371363 5.3789224773713631e+03 5378.988355619158 5740.070145862536   
10301 154515 6.806476013388608e-05 1994.960001480851 5378.484118815521 5.3784841188155206e+03 5378.518685025868 5559.047755576182   
10401 156015 3.621372899774666e-05 2119.289677353976 5378.309442337659 5.3783094423376588e+03 5378.331403426428 5558.908389004374   
10501 157515 0.0003121746050078824 2163.114343601965 5378.020807201815 5.3780208072018149e+03 5558.550397063783 5558.787291635115   
10601 159015 0.00025634574933272223 2143.2652944101806 5377.04245424919 5.3770424542491901e+03 5377.127607283494 5557.740933292008   
10701 160515 0.0003829875824427501 2142.993166920136 5374.9390419196925 5.3749390419196925e+03 5375.15014597241 5555.773648455082   
10801 162015 0.0024881402759323796 2066.54823831857 5360.198690516946 5.3601986905169460e+03 5362.612047096857 5541.741304940956   
10901 163515 0.010095035865879681 1993.4485067260207 5288.764321967141 5.2906537132646536e+03 5301.979873520786 5488.223418338554   
11001 165015 0.002355137422198323 1976.5334533512419 5196.001020011003 5.1960010200110028e+03 5197.370149931306 5199.482858077104   
11101 166515 0.0009928302053590487 1971.5931754930941 5186.983043667072 5.1871130539774076e+03 5187.374211046512 5187.619051973434   
11201 168015 0.0014176268964942848 1893.3545790746944 5176.186495569626 5.1761864955696255e+03 5176.601768507206 5357.076289516852   
11301 169515 0.001372390435527316 1874.506983672044 5165.423696335412 5.1654236963354124e+03 5166.1306794504935 5347.372998613326   
11401 171015 0.0019229736958076853 1817.7359033185521 5143.610842792467 5.1436108427924673e+03 5144.0003579934055 5324.367881477182   
11501 172515 0.004047342079494941 1724.5458256886502 5099.381141190041 5.0993811411900406e+03 5104.429223297162 5280.829920683852   
11601 174015 0.00223429321904938 1750.940099854143 5071.964428317557 5.0719644283175567e+03 5075.83751247986 5254.155545337137   
11701 175515 0.0015878597633928176 1766.7710324373686 5067.341061731414 5.0673694970215729e+03 5069.579041961253 5248.277845711527   
11801 177015 0.0005114125272508758 1758.6318913377931 5064.9970748491105 5.0649970748491105e+03 5065.477136170595 5245.72771351125   
11901 178515 0.0008156986615201914 1720.2038376484031 5060.566713691014 5.0605667136910142e+03 5061.165366031363 5240.5696625258015   
12001 180015 0.001255585471501449 1731.1247212541134 5051.858150986334 5.0518581509863343e+03 5052.833782494563 5412.685005459518   
12101 181515 0.0025152337850917346 1711.898469440826 5032.040386958366 5.0325725460392914e+03 5210.635842751568 5214.262043340007   
12201 183015 0.008621602816285061 1622.3962969895088 4958.638772838123 4.9586387728381233e+03 4964.786559137587 5140.940529418821   
12301 184515 0.008576203240945225 1570.8766916257741 4699.5705303907225 4.6995705303907225e+03 4705.14473774681 4713.080620675837   
12401 186015 0.0033419879379433808 1564.367162359899 4651.302306553161 4.6513023065531606e+03 4651.841568703905 4652.748817697317   
12501 187515 0.00560014516021374 1501.4910680081618 4625.506931719794 4.6264533873826294e+03 4628.674824656691 4630.759120511302   
12601 189015 0.0022172591427141587 1456.2454281523644 4582.712220644062 4.5827334813112266e+03 4583.363477136159 4763.270183395094   
12701 190515 0.005467330121112998 1446.1857174440968 4556.241916305751 4.5562419163057511e+03 4560.135743170979 4740.237874817573   
12801 192015 0.016841664158383916 1422.320256946377 4347.573335627983 4.3475733356279834e+03 4361.07774648649 4539.0193816124365   
12901 193515 0.003830106054489334 1507.0848913596783 4069.6198333753578 4.0696198333753578e+03 4070.996788950115 4250.819742856393   
13001 195015 0.0005601999134737967 1629.3482863140089 4063.780152908771 4.0637801529087710e+03 4244.358678380794 4244.428389509886   
13101 196515 0.0014851477427387642 1561.391002198649 4061.5605860190226 4.0616126582445117e+03 4061.8180501514303 4242.466544193636   
13201 198015 0.002611040422478372 1563.0435942605716 4049.052865821833 4.0490528658218332e+03 4049.8026701149024 4229.936830766023   
13301 199515 0.008082528190641602 1538.1881548533195 3986.967815540492 3.9869678155404922e+03 3989.435088514616 3991.540909943311   
13401 201015 0.001357142389829106 1621.15875722803 3937.71493145253 3.9377149314525300e+03 3937.809936025208 3937.88010763352   
13501 202515 0.0007646776282924246 1639.8412016470083 3935.62104329703 3.9356462434739228e+03 3935.7016408353143 4116.253253449151   
13601 204015 0.00019781184561369763 1620.3787799630145 3935.34504726522 3.9353450472652198e+03 3935.3650661628913 4115.957761506855   
13701 205515 0.0008235520948409545 1604.6626778306745 3935.0251094896266 3.9350558678880457e+03 3935.0938154457103 4115.650510782683   
13801 207015 0.004118641559609263 1628.3226721916722 3931.319533776242 3.9313195337762422e+03 3931.968828569813 4112.285330088433   
13901 208515 0.005451352430074079 1582.283721980287 3910.536074347513 3.9105360743475130e+03 3911.7820491046546 3913.3927964477234   
14001 210015 0.0010789916129307702 1631.3665081178724 3893.056588797358 3.8930565887973580e+03 3893.1235441059307 4073.7171058896247   
14101 211515 2.2835552646446876e-05 1637.7316477291404 3892.766457221329 3.8927664572213289e+03 4073.3558016653633 4073.356772961796   
14201 213015 0.00010322317793778439 1667.548493553313 3892.737838722371 3.8927397075494646e+03 4073.328672560624 4073.332014146667   
14301 214515 0.0003681297128926794 1687.7423527762764 3892.650569287833 3.8926505692878332e+03 3892.6710271113748 4073.255080552674   
14401 216015 0.0014031289083568672 1700.0735723675468 3892.234694621031 3.8922509998983819e+03 3892.314045180447 4072.8816329671945   
14501 217515 0.002675804658171842 1700.9362617999786 3887.985279823536 3.8879869601925425e+03 3888.3048896731975 4068.951657484154   
14601 219015 0.0009972790293388803 1733.2030390378186 3881.5461562029086 3.8815461562029086e+03 3881.578364606883 3881.6424692959445   
14701 220515 5.655382740212286e-05 1845.8742856616386 3881.313332740256 3.8813133327402561e+03 3881.314377490395 4061.9039402791072   
14801 222015 5.0424519237890765e-05 1878.2093008244537 3881.307518903739 3.8813079139623810e+03 3881.308181681977 4061.897170349753   
14901 223515 3.873478179373763e-05 1953.3809531104052 3881.3032859424725 3.8813034054123045e+03 3881.303916086235 4061.8927187496565   
15001 225015 7.40960710721287e-05 1933.0436429925833 3881.298603834423 3.8812986038344229e+03 3881.2995801924785 4061.8881481652525   
15101 226515 0.0001309075199960713 1936.2056438558 3881.2740383332048 3.8812740383332048e+03 3881.2751126812555 3881.2766716229035   
15201 228015 0.0008306296354017689 1963.9069019742938 3881.105714027923 3.8811057140279231e+03 3881.134685419176 4061.7235146349294   
15301 229515 0.0022883728747732034 1910.546459017877 3880.1101491709687 3.8801412852621033e+03 3880.236212272165 3880.3119647076646   
15401 231015 0.00044029915125304764 1829.3539408247586 3878.8317888448273 3.8788317888448273e+03 3878.8364374010152 3878.8398886986515   
15501 232515 0.00010214126202896478 1792.013285506944 3878.8107026488874 3.8788108158184195e+03 3878.81119756357 4059.4004862937586   
15601 234015 6.445605721468575e-06 1866.1122505405247 3878.8094407941835 3.8788094407941835e+03 3878.8094683564036 4059.398639152591   
15701 235515 5.981343680646316e-06 2170.6390190179663 3878.809315718137 3.8788093206664494e+03 3878.809330577803 4059.398493028539   
15801 237015 6.125069705355342e-06 2504.0605208820916 3878.8091392648844 3.8788091392648844e+03 3878.8091564796946 4059.398321380401   
15901 238515 2.2819941942949634e-05 3091.090242130136 3878.8087234643126 3.8788087234643126e+03 3878.808794923154 4059.397898544871   
16001 240015 6.5685279826408e-05 3471.010805179808 3878.806141618955 3.8788061416189548e+03 3878.806422143065 4059.39569083132   
16101 241515 0.00022728596966157237 3888.1722957200013 3878.7852971411476 3.8787852971411476e+03 3878.787752093589 4059.3761431110443   
16201 243015 0.0005289817998755559 4080.158214851799 3878.6675248934607 3.8786675248934607e+03 3878.6768034504125 3878.6796298037602   
16301 244515 0.0006131851533242231 4060.2744296740707 3878.3935320941455 3.8783935320941455e+03 3878.4035396023987 3878.4128180346   
16401 246015 0.00011489864168380632 3120.714998674461 3878.364657806535 3.8783646578065350e+03 3878.365050154638 3878.3654429955945   
16501 247515 9.452744381057186e-06 3103.0743291704425 3878.3627203183787 3.8783627348887994e+03 3878.362749107418 4058.951900936065   
16601 249015 1.8489024499489028e-05 3345.1558992038704 3878.3623489063925 3.8783623666294766e+03 3878.3623948506333 4058.951524103449   
16701 250515 2.573088886634026e-05 3731.277005054669 3878.3618766883083 3.8783618800724703e+03 3878.361898965511 4058.9511062619868   
16801 252015 0.0001746317267048796 4059.7094561817935 3878.35754996316 3.8783575499631602e+03 3878.358277025178 4058.947801823631   
16901 253515 0.0008178610549553901 4437.141141217577 3878.310836867255 3.8783108368672551e+03 3878.319612360826 3878.3280832676983   
17001 255015 0.0008779941600354648 4734.262998556215 3878.1206685076236 3.8781206685076236e+03 3878.133312651769 3878.1435007095856   
17101 256515 0.000517750037253554 4729.786880480728 3877.8269482317405 3.8778269482317405e+03 3877.8301160253573 3877.835162395358   
17201 258015 9.514153779356698e-05 4121.415474772024 3877.81169457104 3.8778116945710399e+03 3877.8118892435073 4058.4011024209126   
17301 259515 2.9106095098464025e-05 4346.321619602934 3877.810709656179 3.8778107096561789e+03 3877.810775202761 4058.399907079082   
17401 261015 4.527035140006582e-05 4738.105223648424 3877.810121115427 3.8778101211154271e+03 3877.8101848576443 4058.399295983984   
17501 262515 8.489847297402915e-05 5259.693605123727 3877.8076989269075 3.8778076989269075e+03 3877.807885745376 4058.3969643493065   
17601 264015 0.00032378042172676627 5734.647567567582 3877.7876476354427 3.8777876476354427e+03 3877.7889823880373 4058.376700825389   
17701 265515 0.0004723600830146468 5812.433847786135 3877.7078351172777 3.8777094030733360e+03 3877.710688889267 4058.301152709574   
17801 267015 4.819293356144796e-05 7052.210838105388 3877.692262106954 3.8776922714072766e+03 3877.6923155088075 4058.281472272786   
17901 268515 9.708350319970496e-06 8656.143358181305 3877.6920701146237 3.8776920701146237e+03 3877.6920731903433 4058.281227990305   
18001 270015 4.479520482328219e-06 9973.352535053202 3877.692050775254 3.8776920507945883e+03 3877.692052178486 4058.2812095204104   
18101 271515 2.878740872772184e-06 12364.06341507574 3877.6920425056105 3.8776920426906331e+03 3877.6920437085846 4058.2812020853435   
18201 273015 2.7227434549279636e-06 15246.489834347438 3877.6920378164955 3.8776920380838869e+03 3877.6920385253193 4058.28119722197   
18301 274515 1.8773456937369145e-06 19164.86344074758 3877.692032842735 3.8776920329383047e+03 3877.6920338062573 4058.2811915759276   
18401 276015 3.1300591524531596e-06 23292.130691258688 3877.69202585824 3.8776920258582400e+03 3877.6920269984794 4058.2811853117682   
18501 277515 3.4241162644838215e-06 27129.10383724888 3877.6920134899824 3.8776920134899824e+03 3877.6920144563014 4058.281173336074   
18601 279015 1.388615246386598e-05 30763.255663822365 3877.6919652500223 3.8776919652500223e+03 3877.691969075202 4058.2811286242763   
18701 280515 4.115610850198429e-05 33636.2047805048 3877.691698001098 3.8776916980010978e+03 3877.6917202735567 4058.2808909405467   
18801 282015 0.00011866952978500037 36240.2465907886 3877.690333332941 3.8776903333329410e+03 3877.690410435751 3877.6905417415314   
18901 283515 0.00014794455820301179 36617.42570982176 3877.68606261058 3.8776860626105799e+03 3877.6861902475266 3877.686310674839   
19001 285015 8.6621186707579e-06 39805.10089633888 3877.6855182934733 3.8776855182934733e+03 3877.6855194096565 4058.2746770427566   
19101 286515 2.4596704697163936e-06 46658.58082930331 3877.6855122903785 3.8776855122903785e+03 3877.685512673411 4058.274670995014   
19201 288015 8.267840018481366e-07 56067.65827577745 3877.685511537517 3.8776855115375170e+03 3877.685511610719 4058.274670162542   
19301 289515 7.685312231035932e-07 67451.96148464995 3877.6855113296524 3.8776855113382326e+03 3877.6855113764786 4058.2746699638765   
19401 291015 2.8705095962065648e-08 84778.43041640207 3877.6855112894846 3.8776855112894846e+03 3877.685511291378 4058.2746698220067   
19501 292515 4.9849136814607966e-08 109172.83781876926 3877.6855112800035 3.8776855112800035e+03 4058.2746698115084 4058.274669814282   
19601 294015 2.2489385857567728e-07 153292.41248592583 3877.6855111973737 3.8776855111989412e+03 3877.685511204437 4058.274669737459   
19701 295515 6.15570243077391e-08 177927.5583985344 3877.6855111614586 3.8776855111620171e+03 3877.685511163646 4058.2746696934596   
19801 297015 7.619038712860685e-08 208335.32640653907 3877.685511151897 3.8776855111518971e+03 3877.6855111542277 4058.2746696858526   
19901 298515 6.726374371922955e-08 249067.5809778092 3877.685511136495 3.8776855111364948e+03 3877.6855111376403 4058.2746696686704   
20001 300015 2.9934616899878565e-08 307192.9040370083 3877.6855111258196 3.8776855111259497e+03 3877.685511126582 4058.274669658216   
20101 301515 2.214206941176891e-07 357522.6492177916 3877.685511120393 3.8776855111224963e+03 3877.685511126234 4058.274669654697   
20201 303015 1.8809527971267315e-08 432739.0542141648 3877.685511118769 3.8776855111188356e+03 3877.6855111193313 4058.2746696504223   
20300 304500 2.1996021561999282e-10 478613.0602284389 3877.685511118645 3.8776855111186856e+03 3877.685511118701 3877.685511118709   
