% # columns="iter, evals, sigma, 0, fitness, xbest" seed=39, Mon Jul  6 11:43:38 2020, <python>{}</python>
1 14 53.312948932263346 0 4830.01711779654 52.32387187437209 -8.109229644315349 -76.98503249393404 35.58775078661153 -30.28563549062338 -4.555498850262799 42.296753218080944 4.868313901874891 -42.29359973996054 14.551314805404502 -64.33893932220201 90.38519465628033 39.52401159872781 -28.0652823796077 -46.38673926571185 31.633303931374336 -43.37225967729621 -51.83308914439297 53.01638339399082 6.4241662058126145 66.90182333914397 -99.74138920359911 -73.42303524086853 -59.429825542353 98.56505785716756 -84.63524945451255 37.154145245494114 -4.118467917963662 31.99479111251724 38.61166810368185
2 28 59.642967595722084 0 3873.393723275905 24.549324978725718 -49.9226613334812 -81.28032323190092 11.441199212562926 -55.24056585128473 48.29391269835343 13.025607558913848 -99.28433921550888 -37.43435515344665 -42.286686452292855 -29.4050410708821 -54.23252636921073 -11.562967184535191 -62.43796947630986 -93.23887238269589 -54.94111302126668 -81.0746228247445 12.482690867829774 91.14680599812343 -17.080612415897836 63.181110421802124 -69.7768794008619 -80.28090848074092 -25.041465518090728 -14.205642630463203 20.05254807027299 91.19971198468173 -66.23789610459283 83.37992391656597 -18.3137504374014
3 42 69.41226054309486 0 3803.3122338366284 13.44827877185574 -14.65439451288698 -55.105167015750254 4.675520840233938 -99.82787808049643 74.64492935048028 99.97094638366393 -49.54976555400265 -40.7039389560791 -64.21058393367967 -53.93971759713374 -66.77078900060457 -7.678478564398967 -75.7335043516812 -89.28145161868412 -78.93102400931747 -18.030786641580875 98.52267701832179 65.75139957057195 -25.541855107487315 21.056700757696238 -11.506615682075502 23.413568670222986 -16.74885104593656 46.818579738366665 23.198335929073743 49.17651013099339 -44.94226456391334 73.7922228672808 -2.708182278763911
101 1414 0.11379900391857277 0 2781.877833935695 -89.22765581817244 -81.13962291149656 -83.21754351801991 45.624458314513404 -70.88084398501825 -10.246801779785073 78.62787378234009 -99.54599121385063 -87.74634698181328 -99.6494012336082 -41.52174915856118 -30.942541649840962 -91.60665577826583 -77.81919730021066 83.48699739817542 8.283354871016922 -29.047460316342935 11.012208205853552 53.562430388517235 -77.98390528636963 62.22189611401464 -53.85105800262495 3.520958334615244 -56.34717815778319 -9.054362960857077 27.596542913862486 92.81702064856536 -62.11653466159606 9.457678881848146 -71.69703187116131
201 2814 0.10938733437856536 0 2777.823060941376 -89.76145876932878 -80.831436347925 -83.7005558836037 45.20459636737523 -71.28365349282913 -9.73309003501825 78.23059517569826 -99.8857154564988 -87.56540099664944 -99.99746946408565 -41.53662816864277 -31.227968754241687 -84.13196108149029 -77.47259142138886 83.65429970702044 8.48641813052324 -24.697010100264524 10.9600237152384 53.50915947083301 -78.27033110630134 62.4110151994783 -53.307735382788685 3.4053988970377134 -56.57722731403368 -8.976218967845881 27.412615029507073 93.05841894982066 -62.17786768236914 9.846882705564042 -70.85822822705576
301 4214 0.013507628915529101 0 2776.640356648049 -90.08648840848329 -81.115310588575 -83.54994939734787 45.205827014805 -71.17332020314338 -9.976466553811548 77.68578938143744 -99.991430200983 -87.28365879188 -99.99567971817274 -41.30458282065561 -31.76277515671876 -82.77201313273407 -77.60038917989735 83.71505959425363 8.359594400087776 -23.535136595433094 11.13731305813206 53.47312252223904 -78.613413239768 62.75587708730822 -53.42024343840744 3.1457393037796635 -56.7444258972821 -9.091056503288144 27.526387581653168 92.96043039636061 -61.872251814498355 9.857880435581933 -71.21354012525794
401 5614 0.0019432850370287489 0 2776.6316558509398 -90.07756011690489 -81.12946060941852 -83.55492690258954 45.233159481503264 -71.18732867197126 -9.984536715463179 77.68986628432108 -99.99999849546938 -87.27738178152293 -99.99696887314865 -41.27300621076328 -31.775568987355257 -82.7671543293455 -77.60028127969194 83.71078465409263 8.351127699796173 -23.533482833044246 11.127095250223174 53.49214404735219 -78.57742860285816 62.74544820735156 -53.41007837465137 3.137053015659518 -56.76331960857428 -9.088200568911816 27.52034189232772 92.98992519216443 -61.85053366737668 9.869927161890148 -71.20848276129763
501 7014 0.00016084079350782462 0 2776.631098197299 -90.0762288328341 -81.12992966524602 -83.55189257602244 45.23499092632638 -71.18645436687683 -9.987138557645267 77.6899207543315 -99.99999999956796 -87.27800354023107 -99.99999999636992 -41.27474035223187 -31.774239090911465 -82.76366584455032 -77.60387450314602 83.70951222464393 8.349434868036102 -23.537103507167373 11.126868501847591 53.491855593027935 -78.58279343419895 62.74693186718412 -53.40962294666741 3.1368930763780156 -56.76210301784943 -9.088878957668783 27.52149104068827 92.9895098960867 -61.84938480521777 9.867916346585577 -71.2109209588666
601 8414 5.288403274347449e-07 0 2776.6310974565426 -90.07587626207139 -81.12954007049278 -83.55174228698274 45.23493880214841 -71.18650095657638 -9.987075408207431 77.69004399377391 -100.0 -87.2779421253138 -100.0 -41.27506314282896 -31.774135583501277 -82.7649209287398 -77.60368376814995 83.70990722047881 8.349883607944214 -23.537710615614163 11.126804625714994 53.49168754969055 -78.5827453656768 62.74704302635351 -53.409412169713434 3.1370334689895003 -56.76171297217971 -9.088926904684456 27.521443038847064 92.98981987194996 -61.8491618648649 9.867886740473537 -71.21074413086215
625 8750 1.9729185985453552e-07 0 2776.6310974565386 -90.07587541375491 -81.12953977110439 -83.5517416440266 45.23493939925 -71.18650155655337 -9.987076165969683 77.69004369513152 -99.99999999999993 -87.2779425240326 -100.0 -41.2750623109104 -31.774136051361637 -82.7649208758972 -77.60368256983341 83.70990750772793 8.349883726630553 -23.537709717908136 11.126804882746185 53.49168754563173 -78.58274460426063 62.747042457529915 -53.409412124443776 3.1370333850660472 -56.76171265049382 -9.088926949311002 27.521443127669006 92.98982002636971 -61.849162224090634 9.867887100646861 -71.210744585423
