% # columns="iter, evals, sigma, 0, fitness, xbest" seed=45, Mon Jul  6 01:13:22 2020, <python>{}</python>
1 14 51.78822597172756 0 56976.25077073042 59.41138251582254 -64.73157897287247 49.37245166210932 -2.2243511356514083 59.12028228841826 77.14613493319308 20.372603892397343 -61.067031877937964 -41.19940576478234 -62.20357636696796 63.72290567850488 1.3701561051532938 -92.08597418413724 -26.672301268616405 -79.93183757706494 10.370758164269546 75.07018406179546 54.99432964727026 34.7970378286776 -36.307810465595075 -52.05142511054329 -60.34129262588183 51.05007194304331 8.768850585667261 -15.640547371858746 -20.031411462625417 -46.29106179364514 -63.2065929934327 -10.59507785315095 16.09086040926157
2 28 52.01190918090227 0 190629.6361739397 43.42700430507833 -73.4261050343227 2.172679623209106 1.0802236023803644 47.0267722417296 -35.654860442983896 -24.36548672307434 -94.99156307891194 -89.79429964252876 -21.317052256871815 3.066776545896545 -28.241955886747064 -22.40951709289814 14.740694118846173 -23.117056743580704 -27.77821081573489 -50.4866980552459 51.41544818572848 64.71411520002304 -63.59332621669091 25.715903864462696 10.503830852073726 98.12851360922275 -15.137692751122731 -61.384044372266565 -62.888333125375894 57.108189087447336 9.819522285736674 12.330205743906681 -12.884374189720475
3 42 50.36768594413427 0 7669.92034255559 -63.08646442596625 -69.63332426246482 44.39969620811802 -91.28747599642249 64.62461559864033 73.67462600176525 -8.898202356602951 -66.23119502292873 -61.53571511435487 -46.1039600757604 -11.484917406565238 28.44023051228355 -26.14223551371603 5.027346204933867 -77.19500455639378 -26.224049685835926 17.922878168197414 85.95107655523478 -24.334857282174895 -51.47204815246954 -30.698096419060235 -30.228398814447267 -47.91555229845547 -61.81578267365346 -79.31415353445547 -57.73589095006116 -56.71303127651904 -56.86260468861492 16.069664683288078 66.09593034507212
101 1414 0.631045442301552 0 4015.151407603403 53.45325799874907 -87.55326498967835 -43.684468086874304 99.71770062571483 97.87944749580046 71.7551180768467 -44.21727856714156 -79.68262974079538 27.52123277250209 35.504141762019024 98.41602903570048 61.40643304268915 99.90866564618143 -56.42466998710333 -68.13215856922386 -13.210662059212098 -49.11504406413317 28.918958448187496 -92.09770795737876 16.911097889343978 13.078793620804591 -86.78230509259487 -79.72163857002988 -42.924122048768595 -29.50484823489505 -22.929452723118608 -77.3271099013373 -42.98119445890789 -6.657532692914742 93.73736925569742
201 2814 0.008365678109404374 0 3979.7697557833612 53.34358576404908 -88.20843978327139 -43.55301471555734 99.72606211072973 98.10366769490015 72.1452146877118 -43.165033938596366 -79.91841824092663 26.835628667279906 37.16729035185761 98.3257179582918 61.156962497967875 99.84423329673386 -57.423947981796374 -68.40912898088584 -12.788018411323037 -49.376654972324985 29.707477430333526 -92.27808837495841 17.250131392530815 13.719193598869666 -87.80045056954522 -79.62419391209016 -43.73552119397465 -30.270129770753396 -24.059169869162204 -78.10946678083398 -43.983966505079636 -6.371556375733832 95.13760812345168
301 4214 0.005635320453485393 0 3978.538346193861 53.02987470898112 -88.17062693832453 -43.55178095977442 99.76628089563992 98.04603317646371 72.13373247483263 -43.457117359353305 -79.95060879838108 26.865228898606063 37.167901096392285 98.34290984266327 61.13622271405466 99.79338255716893 -57.4806359194757 -68.38031245880899 -12.863245207408994 -49.73715329934453 29.677587601630655 -92.17883351295703 17.57195320096827 13.907323684163435 -87.79685533805085 -79.62969112252273 -43.69538693861878 -30.319152750937544 -23.995650766179303 -78.0847311085946 -43.93604794118729 -6.4604259742206125 95.10260597253145
401 5614 0.012539589460274801 0 3976.113245559519 52.11513659711576 -88.26190413260872 -43.39342823194895 99.86059444530937 98.07725892254624 72.11515137963904 -44.26116746755301 -79.92802599745299 26.895626739363934 37.090264352340334 98.35510387723959 61.10211599311833 99.43551503622491 -57.434490895373784 -68.39135169902431 -12.805984760052297 -50.58215919580181 29.641441685922132 -92.23001779546104 18.36268654103613 14.395433354859115 -87.55047192730966 -79.63082761782829 -43.63036908727091 -30.42825914376275 -23.997514220902215 -78.07842471542872 -44.17633165152789 -6.591677545482327 95.31273261987839
501 7014 0.10940744993532209 0 3954.9658585011184 48.73548670187673 -89.02098082390148 -42.46544308173335 99.99758245652097 98.94235590382736 72.09020856055065 -44.22405497160966 -79.93930177877492 26.852428126406096 34.5817552546531 97.61120658133076 61.20971578169879 95.76011311200325 -57.83928137774362 -70.4224773893092 -12.715403975763252 -50.52284110684789 29.657161111905186 -92.29510576177307 19.956186278314803 14.828925139324134 -86.58697023932606 -79.46159523678708 -43.92628910695956 -30.220570862013343 -25.89775117792047 -78.20261773384911 -45.84488711481284 -6.624822521366241 96.86318141196988
601 8414 0.026428540051590357 0 3941.239427714251 47.623534035176824 -89.5369042954938 -42.311272267542215 99.99998202095838 99.20229631476548 72.14575629681818 -41.63944188753621 -79.89955951977205 26.05717699278452 33.11816089929453 97.49960463100165 61.16464191594745 95.67454816482206 -57.93218897005997 -71.91670467368189 -12.825024381063315 -50.961188362773896 29.74550454024927 -92.25412183853273 20.357371666587625 14.54870224599566 -86.88121259662151 -79.64619354386775 -43.72332392705013 -30.45483914278479 -26.498437818735788 -78.09202337794183 -46.708066526632 -6.996309037526856 97.82035978870188
701 9814 0.016783214113049626 0 3939.738654521935 46.850474220933435 -89.53937746785121 -42.318845488523436 99.99916575560582 99.24756688041035 72.12763562373581 -41.90820180627742 -79.89902996662217 26.028894685126716 33.41794952653228 98.01035855211617 61.15279214035342 96.00909874054763 -57.883454516912394 -71.97794986187219 -12.80731183826677 -51.23675707848665 29.745484523677625 -92.23466600606227 20.48483016042565 14.479697619318811 -86.72615870855162 -79.59103724854347 -43.738593023628766 -30.506763059415462 -26.526767751299488 -78.10550702556466 -46.69585005202872 -7.010060979894206 97.8486268768811
801 11214 0.04049640346061997 0 3937.4118690920645 43.29975737909531 -89.56777250422557 -42.31783977509708 99.99723890159662 99.28222210344829 72.14750629923486 -41.749831871272335 -79.87833149470089 25.999352424954168 33.705383922584005 98.72968751518879 61.173774560392076 95.91589191414073 -57.92092187553354 -71.95899000249898 -12.81693754398188 -51.219858410956675 29.76632764636086 -92.2639870458894 20.766131501711985 14.359290404748057 -86.67645200255566 -79.5936258778141 -43.68242592722254 -30.48605997243532 -26.531448623065828 -78.12796398058457 -46.736248216167155 -6.9536947342621716 97.8731348758808
901 12614 0.03435231434795238 0 3933.7545670215045 36.183957756614355 -89.53229366565975 -42.34315928723718 99.96879752075306 99.24268657338226 72.07903265892678 -41.205807026196425 -79.87909461387304 25.969586288575215 33.537199019860125 99.3236003231531 61.195883333275624 95.47642443686304 -57.85252140470928 -71.91757758451104 -12.77281698728288 -51.04046900402423 29.74279489696953 -92.26729880404059 20.881999788331466 13.779711395311582 -86.83198767488554 -79.59940146670954 -43.71829431300242 -30.57010707586698 -26.484439769684133 -78.08924019203639 -46.66893087234164 -7.1667197820331126 97.87869323416312
1001 14014 0.05440632624756805 0 3928.136912843089 15.880935151216125 -89.53838579844636 -42.334369070427165 99.94542806561249 99.28751596812803 72.12292863245214 -41.76270516742221 -79.96672524630995 25.948662902134032 32.946878717137984 99.66766927869257 61.14316910027434 95.61686312238142 -57.877461193993184 -72.02995517763387 -12.778482757371393 -51.31562528279491 29.792429322008015 -92.33949649672701 21.13302309854237 13.084544601402225 -87.58304782325732 -79.61452991394188 -43.736794006334804 -30.4426588698203 -26.577583768480714 -78.0664840963227 -46.6958640970448 -6.87097884922008 97.92753460874849
1101 15414 0.026304621261049287 0 3925.6533268834783 10.514564494216286 -89.50080857548426 -42.31795207411913 99.96904516983426 99.23291599633797 72.18004046502125 -41.86547223733538 -79.87457358777968 25.996707914010244 33.13150313975199 98.7239990508961 61.151385919744044 95.73320836953728 -57.965785145587716 -71.96526254279098 -12.833718064938495 -51.26159636268238 29.72879153370097 -92.22830244972774 20.781368605224674 13.70219616045988 -87.40673620906242 -79.6013236313529 -43.70352867858773 -30.42708677828967 -26.537266588940575 -78.11781020786248 -46.65477657915503 -6.892806552484615 97.85555200497141
1201 16814 0.0017190704455477838 0 3925.0499904578705 11.476367439994291 -89.53086962590855 -42.3222455140192 99.98683558198366 99.23322029467472 72.14067641015929 -41.81178734351826 -79.8863540431437 26.00528798203834 33.321753502713406 98.48085372829802 61.15611737848618 95.84956173355882 -57.92450164504194 -71.9621673674431 -12.815506355179139 -51.10575068148506 29.741172688532597 -92.25262121293542 20.574547331694017 14.07205694737353 -86.95451641701156 -79.61600423379099 -43.70745538998756 -30.47865350271824 -26.514089957193956 -78.08911687144176 -46.688185698832456 -6.958214789859767 97.84976620975328
1301 18214 0.0027298791640555714 0 3925.0167222911655 11.66408233544201 -89.52276782769742 -42.32038492150047 99.98945867982647 99.23164830716497 72.13556984647565 -41.78798255184523 -79.89987131397584 25.998014789589945 33.33563743135244 98.44960860900896 61.15334472998255 95.81239157672577 -57.91529112388483 -71.96512588478035 -12.813507172715532 -51.12370670037248 29.74066557924314 -92.24677736587607 20.558770513458423 14.128326027624363 -86.88085345816656 -79.60176514658642 -43.71430024001444 -30.476131361551424 -26.520932284181377 -78.08608709967837 -46.68081615126038 -6.959243705496732 97.85717505241895
1401 19614 0.0004691302565494255 0 3924.9894073844675 12.020033803371158 -89.52913247735042 -42.322588241001135 99.99188267719579 99.23077413141905 72.13460271544525 -41.73361881007688 -79.90675527020947 25.998793122496494 33.32644861148653 98.43536195293841 61.14071735085539 95.80504839272149 -57.914518151414114 -71.95439734211482 -12.811236532893162 -51.10106085395071 29.748018025575412 -92.2476983640947 20.544961567792747 14.16055301998648 -86.81747196529035 -79.59803546911334 -43.70500428971596 -30.491473037166074 -26.51197994199624 -78.08244826735273 -46.68749212685037 -6.984544857769265 97.85634163153152
1501 21014 0.0019078109528538234 0 3924.973250790631 12.202704147744328 -89.52796835819419 -42.32212515878615 99.99263635227742 99.22930441220734 72.14107309130023 -41.703815305034766 -79.9066977757149 25.998518202480312 33.29208629995001 98.41935897610479 61.141411254562016 95.77722459243617 -57.91502816870556 -71.94686916722853 -12.815225454417913 -51.09720694221062 29.747683144540776 -92.24510433861259 20.53270331584066 14.140686038578336 -86.80400991725234 -79.5981541997215 -43.69987903699723 -30.497109900267834 -26.50515049102862 -78.08852041705318 -46.68645946605813 -6.9905564888650815 97.85697981793174
1601 22414 0.0019926740660961874 0 3924.94698691132 12.666940605690563 -89.52703417439913 -42.32216369802881 99.99386237287513 99.22889976685106 72.14504585068251 -41.70657153316378 -79.9017395079385 25.997966107654378 33.22363358404399 98.41262130576678 61.14598596265965 95.78043744438676 -57.913591466241 -71.94116385448606 -12.812516717238651 -51.12164490043844 29.74509789855995 -92.24713461346838 20.510154325664 14.09291805224258 -86.83954262621938 -79.60240145457553 -43.693438560635656 -30.495690057011313 -26.498537090566153 -78.09087746299866 -46.68496877418504 -6.992636145023113 97.85659723949186
1701 23814 0.0034984698782369473 0 3924.913592289268 13.25255995256332 -89.5278463091933 -42.323840444144025 99.99658929791508 99.23408572728472 72.13889896864187 -41.6713797347868 -79.89560893395479 25.99505286464833 33.22737096382036 98.3659601397819 61.152552223221306 95.80847742422432 -57.919585892991705 -71.94862235795102 -12.811946401220155 -51.149721082345934 29.742800167114027 -92.24456347648754 20.50813843222154 14.121869529093006 -86.85313455245253 -79.60551815633832 -43.70697410385381 -30.48442153204732 -26.509190880736952 -78.08649141269656 -46.68400573980576 -6.973405308733959 97.85637358732897
1801 25214 0.0021610610424146054 0 3924.8930049163673 13.682744458766159 -89.52171684708038 -42.32082290158724 99.99834105893734 99.23962524830816 72.13707626581142 -41.678319143640266 -79.89533805944389 25.997874055865765 33.25924790243119 98.34710800858454 61.15512687633639 95.75865899015052 -57.91903286660968 -71.95086713615066 -12.808985853075058 -51.15773434757986 29.735079526205276 -92.25237029325214 20.567916093832824 14.137506191420107 -86.92453346074026 -79.59838256380698 -43.71581635908936 -30.480116190152536 -26.51452648974802 -78.0901037143405 -46.67814228494379 -6.9692176052423065 97.85553505380499
1901 26614 0.0004582568473427986 0 3924.88660372098 13.729644235440503 -89.52313785890887 -42.32169210545618 99.99868745563445 99.23623493654398 72.13542229863299 -41.67390911503654 -79.89491622358197 25.996610194412455 33.261409176234885 98.33510553545588 61.15005047346646 95.73127639281851 -57.9185335624139 -71.9489237115188 -12.810476508931401 -51.13707742881513 29.73724109242424 -92.24826782575389 20.565594187432303 14.117278400125782 -86.96951512915142 -79.60003268166625 -43.71366477067525 -30.479846803166193 -26.514028675199917 -78.08941536545733 -46.67948693989022 -6.966577156467849 97.85609929727379
2001 28014 0.0003758482683694031 0 3924.8843200879937 13.746971057023597 -89.52323094823952 -42.321980324417474 99.99894810422761 99.23735562943348 72.13521868240917 -41.69251196204533 -79.89540034770528 25.995204832437594 33.28027901863782 98.32443955127356 61.14881960113079 95.71722294852636 -57.9205186558041 -71.9514269389575 -12.811152520128218 -51.11821962656887 29.739037928875202 -92.24651094849978 20.555601755843682 14.122913654000282 -86.97309654935378 -79.60398255160374 -43.709789391366314 -30.48003039237753 -26.513887002205706 -78.08738116092161 -46.67975032457197 -6.965973427006048 97.85737237068565
2101 29414 2.8250208313794446e-05 0 3924.8841233152007 13.761040003325583 -89.523366476576 -42.32204822065514 99.99899565906543 99.23747208042457 72.13558341381699 -41.695636884039004 -79.89548231086286 25.995035469209085 33.283859643038134 98.32401124609459 61.14825872101165 95.7160592304543 -57.92051431231076 -71.95152486847348 -12.81104198309015 -51.11736636111286 29.739487436195848 -92.24682143323206 20.55357854460165 14.123829158146462 -86.97251781458127 -79.6043735849249 -43.71006541472616 -30.479860705110745 -26.514349575480697 -78.08749168574498 -46.6799352758941 -6.965538804254777 97.85755258944555
2201 30814 3.0192523824570463e-05 0 3924.8840119465012 13.782195701562108 -89.5238848861024 -42.32230137122378 99.99904454252116 99.2372118316972 72.13559993735934 -41.69562078051686 -79.89570694417642 25.99480867437822 33.2862280208447 98.3246547522787 61.147508307449016 95.71246901071095 -57.92021893485716 -71.95108066200811 -12.811128731909179 -51.116425327055424 29.7401758986884 -92.24665149209797 20.552352715599614 14.12331282904536 -86.97158233812574 -79.60483045296982 -43.70952815005256 -30.480605866225837 -26.514473589241305 -78.0878308201039 -46.680440526607256 -6.965779568518002 97.85764196286
2301 32214 0.0001512809821822139 0 3924.8837818112265 13.774102415460597 -89.52380567003554 -42.32223304237646 99.99909629313542 99.23703885374663 72.13504423340213 -41.70009155259535 -79.8964177636016 25.995062659936764 33.28672863240065 98.32588186728623 61.14838260648088 95.71465835623678 -57.919703992206706 -71.95126868996445 -12.811533631171613 -51.116036256005685 29.73972872535811 -92.24650282137137 20.55169487298254 14.121293701714873 -86.97184639103615 -79.6051994037501 -43.70947182192111 -30.48129929439434 -26.51504774169915 -78.08779969230334 -46.68031423331463 -6.965201480791222 97.85739502787877
2401 33614 0.0001514942031650102 0 3924.88341507067 13.816843087274714 -89.52474429921892 -42.32243760463424 99.99928505639753 99.2364211658374 72.13477275024636 -41.70358063057651 -79.89733095362605 25.996050537884315 33.28505197810627 98.32791278330068 61.14957762053476 95.72018116758292 -57.91868765797264 -71.95121534912889 -12.812285784867242 -51.11377664066251 29.73928322065593 -92.24664577476047 20.553854265498195 14.12259252370038 -86.97065660189054 -79.60596970425902 -43.70984809240781 -30.481892466260703 -26.51454062035796 -78.08781644674973 -46.68106548253091 -6.9667759359939225 97.85628023004728
2501 35014 9.21032249135331e-05 0 3924.8832037683096 13.81880697457533 -89.52488888150262 -42.32191332749094 99.99941016807165 99.23592984584155 72.13517596378705 -41.7035394823811 -79.89692827821099 25.997788435195133 33.28279620762203 98.32994634205065 61.14885978298301 95.7198688546086 -57.9193060144631 -71.95270992077684 -12.813154962559764 -51.11194673974069 29.739292403017622 -92.24606386029485 20.55673174645668 14.12275179797022 -86.97019284943602 -79.60667266622966 -43.709664701035706 -30.48209095009805 -26.515617822500985 -78.08822929538835 -46.68162631124418 -6.966156053452153 97.85548973609839
2601 36414 0.000951183483056104 0 3924.8828231666002 13.73587422590361 -89.52447834981037 -42.32176497435908 99.99959687323616 99.23518329817584 72.13518540524777 -41.70228494450686 -79.89768098074444 25.997592552151332 33.284658292092125 98.33231900607173 61.14933006852601 95.71483614049961 -57.920957278611496 -71.95267928589553 -12.81424223207219 -51.11076709506719 29.739314879758727 -92.24650218507745 20.562423012123936 14.124843661448653 -86.97011995462728 -79.60806948639663 -43.710054857134935 -30.48073565736533 -26.514829866931052 -78.08734861883947 -46.6813061819439 -6.964196616188417 97.85581059322772
2701 37814 0.0004717672187038026 0 3924.8818260692487 13.66398854559092 -89.52436144852237 -42.32210154515267 99.9999336894657 99.23582493557396 72.1353339036135 -41.69973903592961 -79.8971253358596 25.99632708278952 33.279275971971344 98.33053183125392 61.148450400990306 95.71512793826638 -57.91989795448248 -71.95036902867963 -12.81266914607329 -51.11282284969178 29.739610234288886 -92.24621087056921 20.557033202631676 14.121447069649243 -86.96777175744275 -79.60609948611176 -43.70975009119047 -30.482051435043896 -26.514181147525946 -78.08786053572878 -46.68098417878792 -6.967304258142605 97.85651652600109
2801 39214 6.998590235879003e-05 0 3924.881618546776 13.694538153166011 -89.52467146095049 -42.32218739017141 99.99998421202955 99.23595334936772 72.13527701587647 -41.70175676845861 -79.89626187095489 25.996625309817745 33.279901840204715 98.33327038107687 61.14890641608286 95.71662616045779 -57.91963239974953 -71.95039641517175 -12.812217800530334 -51.11849323044788 29.739394276786772 -92.24630130939961 20.55757722071544 14.12025191990975 -86.9679673892111 -79.606227430122 -43.709809408259815 -30.481738546370615 -26.51435680846868 -78.08829515098594 -46.68120417775668 -6.967756914740647 97.85613093842622
2901 40614 4.431341366147708e-05 0 3924.881581874961 13.69630697175973 -89.5243478427711 -42.32197827964473 99.99999500461016 99.23601469291025 72.13547298150571 -41.701322222031536 -79.89618355749126 25.996858656960086 33.281881673320314 98.33470829369102 61.14900580092613 95.71615416988901 -57.919635205016135 -71.95038477845992 -12.812202307909445 -51.11921415079769 29.73911037018845 -92.24606069523352 20.55760949217908 14.118871236814035 -86.96975337074036 -79.60611251615535 -43.70964678433114 -30.48145355120876 -26.514367772500666 -78.08830905370432 -46.68095905481693 -6.9675941980952985 97.85609820740468
3001 42014 2.159511000954711e-05 0 3924.8815665975526 13.695449067423564 -89.52432155807992 -42.3219658934458 99.99999789200193 99.2360502774855 72.13546542036617 -41.70096770167558 -79.89633681389978 25.996876448304704 33.282178565537436 98.33443025207669 61.14902451640992 95.7157654075497 -57.91953635635312 -71.95069467638524 -12.812184495269747 -51.11844044645957 29.739055970018853 -92.24615418358603 20.557289298156544 14.1187342014353 -86.96993760443875 -79.60599684056567 -43.709486791352845 -30.481630096514568 -26.514509434997063 -78.08819040285607 -46.680928957942854 -6.967721457955719 97.85608297848482
3101 43414 1.3126376225090486e-05 0 3924.881560131981 13.695871789620545 -89.52427064913023 -42.321969840919394 99.99999919433442 99.2360735165098 72.13551492663008 -41.7007584325122 -79.89646716685104 25.996763259500653 33.28177702704121 98.33438137630742 61.14892331435251 95.71596528279822 -57.91958675874528 -71.95097677570024 -12.812178899398418 -51.11818122219296 29.73912086659428 -92.24635649350866 20.556947110874564 14.118277401277732 -86.9702009716091 -79.60601293805561 -43.70945644562181 -30.48155450781618 -26.51465540990538 -78.08806161330715 -46.68088520355267 -6.967511721874189 97.8561849365566
3201 44814 1.6708996066537055e-05 0 3924.8815587508843 13.695610433547625 -89.52430967120235 -42.322002194424115 99.99999950950135 99.23605884224862 72.13550461408835 -41.7006676323239 -79.89653090609481 25.99671114021612 33.281800506480444 98.33431877724726 61.14890348141879 95.71609334321738 -57.91958831821242 -71.95102727416486 -12.812189327550243 -51.118018020378116 29.739163324589118 -92.24639659997868 20.556720635806364 14.118139967103879 -86.9702088677287 -79.60604347325415 -43.70942067332129 -30.481543016530345 -26.514689619609147 -78.0880009727094 -46.680911004639405 -6.967417833736249 97.85620214671508
3301 46214 1.113497922941161e-05 0 3924.881556060823 13.698073663571602 -89.52435703310307 -42.32204171363287 99.99999978642025 99.23607796959067 72.1354342136496 -41.700163791031486 -79.89651851357743 25.99663979643367 33.28212252846521 98.33443679165303 61.148882589670976 95.71622888938884 -57.91954639723875 -71.95102562227638 -12.812191188121915 -51.11778713420102 29.73923380111872 -92.24646477220286 20.556653450458814 14.118322668776512 -86.9698396229137 -79.60611182453681 -43.70947211627001 -30.481513641212164 -26.51470831651524 -78.08801837356263 -46.68094612654844 -6.967194136249816 97.85623424064629
3401 47614 7.005313443098381e-06 0 3924.8815548810176 13.697978759290583 -89.52432707138972 -42.32204009275549 99.99999994139256 99.23607153946406 72.13545880488002 -41.69973181461381 -79.89647138024412 25.996599520118878 33.282142377834816 98.33477262908225 61.14891596723039 95.71631511721962 -57.91958270099988 -71.95098049959955 -12.812219032559625 -51.11766718397212 29.73923386818689 -92.24648058811091 20.55674962488404 14.118369828315146 -86.96970400467703 -79.60614650729852 -43.7094694970107 -30.48148796383535 -26.514643330118446 -78.08801950829123 -46.68091534147878 -6.967050579547333 97.85626756953032
3501 49014 1.1938977889524498e-05 0 3924.881554011603 13.698488722357581 -89.52432861165907 -42.322053802384296 99.99999999228356 99.23604146245641 72.13546712474528 -41.699767120687994 -79.8963933083394 25.9965732089413 33.28204353456308 98.33461710874887 61.14900906535066 95.71629967466355 -57.91964088206058 -71.9510549951529 -12.812221597465026 -51.11780553489518 29.739204966575326 -92.24647147061349 20.556811098451732 14.11852017948142 -86.96961010443209 -79.60616624131237 -43.70942090618183 -30.481488740417355 -26.51468431504638 -78.08798827834856 -46.68090028708889 -6.966929135771807 97.85626548519993
3601 50414 3.60117814533932e-06 0 3924.8815534995683 13.696942613550846 -89.52439541389177 -42.32207819030039 99.99999999912153 99.23603023067871 72.13552438055522 -41.69976313657767 -79.89636198328326 25.99660267166371 33.28205312388305 98.33449196178385 61.149012616097004 95.71610974604815 -57.9196828440798 -71.95111403186777 -12.812235402907135 -51.117877825751606 29.739204546010036 -92.24642820921527 20.556915324173495 14.118667666727758 -86.96955305626311 -79.6061264870639 -43.70939167312659 -30.48147691144357 -26.514718189882704 -78.0879805512922 -46.68095284928768 -6.966837739499141 97.85621583108197
3701 51814 4.236492258274714e-06 0 3924.8815531622586 13.698036550044742 -89.52443934571522 -42.322102242063494 99.99999999561402 99.23606352928836 72.13555941007111 -41.69980583626642 -79.89637851145245 25.996594047026434 33.281964481198806 98.33454560752887 61.14901678339817 95.71607771095383 -57.91968684391466 -71.95110516052688 -12.812245302959525 -51.11779107642312 29.739216300412693 -92.24642398692033 20.556961367949235 14.1186223577927 -86.96955711328191 -79.60612436608443 -43.70940554054431 -30.48146010769433 -26.51470504938729 -78.08798632169726 -46.68098378557374 -6.966763865181605 97.85619967450629
3801 53214 2.6128346305958134e-06 0 3924.8815529867848 13.697798598719071 -89.52445561239165 -42.32211826012755 99.99999999897427 99.23609232812946 72.13558696412906 -41.69991268747208 -79.89640253093947 25.996574425994623 33.28189724094763 98.33460951258397 61.149038823083444 95.71610814229614 -57.91968192436494 -71.9511078521835 -12.812246416861996 -51.117795240888256 29.7392097088805 -92.24643105426571 20.557007593031965 14.11852480953811 -86.9696269709642 -79.60610576817004 -43.709425233278495 -30.4814235471769 -26.51469692409655 -78.08798661647351 -46.68098743522291 -6.966684681591602 97.85619588270205
3901 54614 2.009384286460203e-06 0 3924.881552895319 13.697843275693577 -89.52443986766087 -42.322112118115896 99.99999999938557 99.23609679718584 72.1355759856527 -41.69998655447287 -79.89640617024897 25.996575062010805 33.28192125080383 98.33456080913052 61.14904719729147 95.71607981551736 -57.919666662515766 -71.95111931511991 -12.812240084215404 -51.11770973886496 29.7391932980045 -92.2464128132464 20.557055163304035 14.118581756615077 -86.96963417057104 -79.60607250972868 -43.709436124052615 -30.48140382839904 -26.514698060786138 -78.08798589407236 -46.68097185085613 -6.966640905018551 97.85619760608407
4001 56014 1.8670499683294106e-06 0 3924.8815528766827 13.697959320044166 -89.52444035349876 -42.32211320764036 99.99999999847236 99.23609569835625 72.13557096389371 -41.700019347734695 -79.89640238138935 25.996572072856083 33.28191830376549 98.33455289380059 61.14904240853783 95.71610092512525 -57.91966554925543 -71.95112169885104 -12.812236008799175 -51.11769451995565 29.73919470571713 -92.24640755550433 20.557058807062578 14.11859662202321 -86.96963345034766 -79.60606427440436 -43.70943927593325 -30.481403036415436 -26.514699350574347 -78.08798778166796 -46.680971828751225 -6.966652123323797 97.8561991466041
4101 57414 3.2564964081065645e-06 0 3924.8815528680243 13.698024836659897 -89.52444303364027 -42.32211350784928 99.99999999818047 99.2360904445828 72.13557218704955 -41.700050114747086 -79.89639817230636 25.99657425316977 33.28193142960663 98.33455651075278 61.149034624395426 95.71610889522424 -57.91966551892514 -71.95111566846171 -12.812232850084541 -51.11768084328068 29.739197191549465 -92.24639886949444 20.557055344164837 14.118609588156687 -86.96961333092767 -79.60605634276871 -43.70943491260695 -30.481402853496547 -26.514695443969686 -78.08798917104286 -46.680974991293624 -6.96666024403234 97.85619778586637
4201 58814 4.423591686086338e-07 0 3924.881552861102 13.697979598247912 -89.52444089945638 -42.32211426792492 99.99999999882053 99.23608983316242 72.13557053607656 -41.700041593203736 -79.89640094005154 25.996567710977928 33.281911876634695 98.33457060184803 61.14903154980857 95.71612743058074 -57.91966409527535 -71.95111683863215 -12.812232091347681 -51.117669189604925 29.739200086070923 -92.24640326757799 20.55705278235837 14.118604630290065 -86.96960155106498 -79.60605504625127 -43.70943052126094 -30.481408472787734 -26.51469446561532 -78.08798922462302 -46.68097273586318 -6.9666698217682494 97.85620286949641
4301 60214 2.5179098389900294e-07 0 3924.88155286035 13.697987458610442 -89.52444068391341 -42.322114259848604 99.99999999896069 99.23608953234782 72.13557008639327 -41.70003978827148 -79.89640095298819 25.996567511907728 33.281913443963276 98.33456988244849 61.149032131710555 95.71612709320762 -57.919663941539824 -71.95111698995751 -12.812232184931048 -51.117666199222725 29.739199826406548 -92.24640331824776 20.55705381568987 14.118606258183718 -86.96960195496794 -79.60605516380164 -43.70943020367994 -30.481408369800192 -26.51469449340948 -78.08798880445829 -46.680972456233576 -6.966667870574696 97.85620296392982
4401 61614 2.424652290236358e-06 0 3924.881552858592 13.69800348568242 -89.5244437807938 -42.322117106828955 99.99999999930357 99.23608973616034 72.13556997230626 -41.700039146415605 -79.89640190484351 25.99656348975836 33.28190943141817 98.33458890596214 61.14903381175827 95.71613101811116 -57.91966299608143 -71.95111429174867 -12.812232050122105 -51.117673447939154 29.739200819225516 -92.24640526046278 20.55706443861709 14.11860422589234 -86.96960254007135 -79.60605419240309 -43.709430399636034 -30.481407641818805 -26.514690682000946 -78.0879882377485 -46.68097378406674 -6.966670527725313 97.85620329456049
4501 63014 1.3324830122647477e-06 0 3924.881552857201 13.697910583112389 -89.52444707744289 -42.322118027252145 99.99999999957232 99.23608760374557 72.13557187479455 -41.70004310805811 -79.89640020583465 25.996564628882282 33.2819239103701 98.3345770432147 61.14903078763746 95.71612821128878 -57.91966627420865 -71.95111786452762 -12.812233086625923 -51.11767333911993 29.7392037200334 -92.24640345363878 20.55705440696329 14.11860675259959 -86.96960012253257 -79.60605781123158 -43.70942713370604 -30.48140832586796 -26.514692957221996 -78.08798730231501 -46.68097721535014 -6.966672962464457 97.85620218874149
4601 64414 1.6677322636073944e-06 0 3924.881552859014 13.69777493266156 -89.52445011192466 -42.32212051957322 99.99999999970694 99.23609327295205 72.1355760412116 -41.70002835401678 -79.89640440765652 25.996563116996498 33.281925453367876 98.3345667912917 61.14903669047635 95.71612347911137 -57.919667170712586 -71.95111655438959 -12.812231329976925 -51.11768675485072 29.73920067990548 -92.24640479817754 20.55705574474996 14.118599250679836 -86.96961169569985 -79.60605285636265 -43.70943219494947 -30.481401016950258 -26.514694502344355 -78.0879840892303 -46.68097789486637 -6.9666580244141585 97.85619984626109
4701 65814 5.738931142167438e-07 0 3924.8815528601235 13.697853400721215 -89.52444998037535 -42.32212094606075 99.99999999964162 99.23609363056681 72.13557468858198 -41.700019852409554 -79.89640475137276 25.99656075981906 33.28192931247759 98.33457595844736 61.14903495082399 95.71611476792877 -57.91966429667204 -71.95111197584046 -12.81223153987375 -51.117691609347816 29.739203037752304 -92.24640651483787 20.557054832257563 14.118607101554517 -86.9695938179444 -79.60605434778844 -43.709432806697436 -30.481403978032176 -26.514692108728923 -78.08798742911313 -46.680977924901526 -6.966665973543371 97.85620186857805
4801 67214 3.3948630390660433e-06 0 3924.88155285618 13.697865202615503 -89.52445139132905 -42.322121319317375 99.99999999982863 99.23609304930835 72.13557462513563 -41.700031933700615 -79.89640331463306 25.996561113139563 33.28192205319647 98.33458989374986 61.149030935484916 95.71612465155442 -57.91966089247748 -71.95111475421581 -12.812231822471944 -51.11767458959511 29.73920477714273 -92.24640706079663 20.557059008046053 14.118600842513843 -86.96959217305411 -79.60605223118327 -43.70943242264329 -30.481406054077524 -26.51469256010023 -78.0879917348575 -46.680979515309446 -6.9666664330200945 97.85620165741125
4901 68614 1.6520839092667567e-06 0 3924.8815528551086 13.698058529640548 -89.52445000819861 -42.322122859128285 99.99999999995099 99.23609155881556 72.13557499533636 -41.70004801446916 -79.89639745891327 25.99655520354858 33.281921394896926 98.33458800721067 61.14903492387384 95.71611503362456 -57.91966224860957 -71.95112068051967 -12.812229404904059 -51.11769790841353 29.739203120436287 -92.24640469544102 20.55706620553974 14.1186101201165 -86.96959360205219 -79.60604745553573 -43.70943669996049 -30.481399040443648 -26.514695904566906 -78.0879915466212 -46.68097649689298 -6.966657296425495 97.8562041676711
5001 70014 3.6489144961067666e-07 0 3924.8815528564023 13.698063338699285 -89.5244454675354 -42.32212062795588 99.99999999997006 99.23609144354965 72.13557617625338 -41.70005039490056 -79.89639702787099 25.996555594587647 33.281917608110234 98.33458957760735 61.14903443475487 95.7161138504312 -57.919665798405134 -71.95112212332751 -12.812229663418833 -51.11769783734198 29.739201288990444 -92.24640329740942 20.557065192318987 14.118602379836375 -86.96960939786513 -79.60604622380342 -43.70943645583756 -30.481395550730667 -26.514696074300446 -78.08798865412246 -46.680972972360905 -6.966651094501088 97.85620578631195
5101 71414 4.3686327170582325e-07 0 3924.8815528563714 13.698085171810817 -89.52444684030488 -42.32212185833487 99.99999999995202 99.23609179171311 72.13557583538932 -41.700051400467004 -79.89639614526823 25.99655385976652 33.28191629709909 98.33458890734934 61.149035322712734 95.7161144287324 -57.919665690011556 -71.95112268065859 -12.812229443772225 -51.11770220003527 29.739201840915484 -92.24640370105044 20.5570688751759 14.118608295335434 -86.96960362794343 -79.60604590293369 -43.70943726783443 -30.48139568158149 -26.514696395985084 -78.08798943715374 -46.68097360880347 -6.966651335233422 97.85620596000861
5201 72814 9.374918866895235e-07 0 3924.88155285881 13.698065580218099 -89.52444742418592 -42.32212191532017 99.99999999997233 99.23609133004673 72.13557647526613 -41.70004543138779 -79.89639518076729 25.996554473857344 33.28191432918538 98.33459037322831 61.14903480373323 95.71611264694594 -57.919666652250584 -71.95112177766131 -12.812229401091457 -51.11770281639619 29.739202089374885 -92.24640357450699 20.557069850270636 14.11860743816942 -86.96960550787625 -79.60604625148116 -43.70943590939859 -30.481396963077714 -26.514695569785545 -78.08798878724338 -46.68097424233565 -6.966654017064087 97.85620548412524
5301 74214 2.2222288824431771e-07 0 3924.881552854325 13.698083341645543 -89.52444711801363 -42.32212192370207 99.99999999996078 99.23609209198678 72.13557590733399 -41.700040973437666 -79.8963959600078 25.99655413380819 33.28191589016933 98.33458753773905 61.1490355701535 95.71610974830877 -57.91966621637616 -71.95112167426268 -12.81222931533702 -51.117702031102084 29.73920171955251 -92.24640443531098 20.557072020747 14.118608142860467 -86.96960874320357 -79.60604653640766 -43.7094367813348 -30.48139620434813 -26.51469578623073 -78.08798870043393 -46.68097382975975 -6.966652435751115 97.85620564151415
5401 75614 1.3086138779332687e-07 0 3924.881552857647 13.69807098194724 -89.52444701195927 -42.32212188333506 99.99999999997654 99.23609206227324 72.1355760001752 -41.70004054540763 -79.89639615389751 25.996553941722908 33.2819140466454 98.3345886463025 61.14903509407304 95.71611182358897 -57.91966640318955 -71.95112182700686 -12.812229474724148 -51.117699914882536 29.739202104567084 -92.24640503604314 20.557070923619904 14.118606676667696 -86.96960814203484 -79.60604701065458 -43.70943613646668 -30.481396763534576 -26.514695618272526 -78.08798856606882 -46.6809738293523 -6.966652792345798 97.85620593945323
5501 77014 6.7710948179044e-08 0 3924.8815528603445 13.698069564823527 -89.52444695933954 -42.32212183289812 99.9999999999753 99.23609202713486 72.1355758906866 -41.700040723377555 -79.8963961895497 25.99655398596073 33.28191409871215 98.33458839239229 61.1490349273663 95.716112745188 -57.91966642183374 -71.95112192291126 -12.812229469616426 -51.11769922008679 29.739202164375456 -92.24640513185295 20.55707060720306 14.118606929085217 -86.96960797570645 -79.60604702348937 -43.70943630097608 -30.481396656246943 -26.514695632475195 -78.0879884681417 -46.68097382423002 -6.966652733119503 97.85620597624052
5601 78414 3.013672779172202e-08 0 3924.881552855146 13.69807461660821 -89.52444676044396 -42.32212172681466 99.99999999997334 99.2360920707798 72.13557588000549 -41.7000405231432 -79.89639629710291 25.996554010058702 33.28191377688199 98.33458832296475 61.14903487969423 95.71611358393122 -57.91966664905053 -71.9511219436259 -12.81222946629859 -51.11769839970802 29.739202129334444 -92.24640531884506 20.557070109440247 14.118606946372893 -86.96960798682412 -79.60604703545104 -43.70943617903103 -30.481396780622163 -26.51469567438471 -78.08798833108449 -46.68097368598683 -6.966653044108483 97.8562060628613
5701 79814 1.725558331069831e-08 0 3924.8815528565815 13.698074678482953 -89.52444674385478 -42.32212174629967 99.99999999997544 99.23609210995356 72.13557591146673 -41.70004006435042 -79.89639621617971 25.996553929615715 33.281913377781166 98.33458826844976 61.149034875736106 95.71611349134513 -57.919666598644966 -71.9511218859785 -12.812229383148946 -51.11769825490191 29.739202127297176 -92.24640533950878 20.55707019258989 14.118606511707185 -86.96960838729282 -79.60604698172537 -43.709436109312804 -30.48139677614745 -26.51469561419799 -78.0879883332309 -46.68097365286667 -6.966653022105987 97.85620610435129
5801 81214 3.6770558684434316e-08 0 3924.8815528571267 13.698074863525108 -89.52444672412238 -42.32212173877633 99.99999999997536 99.23609211224009 72.13557590323035 -41.700040028087045 -79.89639617915964 25.99655392274721 33.28191341808997 98.33458810480869 61.149034870788455 95.71611346579951 -57.919666591147546 -71.95112190547806 -12.812229362907232 -51.117698293428106 29.73920212421217 -92.24640534530045 20.557070128736086 14.118606711243046 -86.96960816575447 -79.6060469470045 -43.709436081896996 -30.481396833391045 -26.514695664605824 -78.08798838617076 -46.68097363668494 -6.966653102810909 97.8562061169424
5901 82614 7.655425192481848e-09 0 3924.88155285539 13.698074810381513 -89.52444667959352 -42.32212171377614 99.99999999997634 99.23609212318598 72.13557585948729 -41.70004034785083 -79.89639620177331 25.996553934155912 33.281913645681925 98.33458812377842 61.14903483958915 95.71611360564366 -57.91966658638316 -71.95112192205997 -12.81222933546232 -51.11769785370561 29.73920211114455 -92.24640531797195 20.557070231589023 14.11860684727435 -86.96960822777473 -79.6060469006712 -43.709436094950064 -30.481396717932512 -26.51469564146828 -78.08798832562752 -46.680973605660256 -6.966652896493855 97.85620613173316
5907 82698 4.547684785320698e-09 0 3924.8815528557743 13.698074740939774 -89.52444667586823 -42.322121710007195 99.99999999997634 99.23609212110887 72.13557585983654 -41.700040366040724 -79.89639620391245 25.996553939860263 33.28191364509985 98.33458812360293 61.14903483778471 95.71611362070833 -57.9196665874409 -71.95112192696396 -12.812229337688763 -51.11769783856434 29.739202109980397 -92.24640531596378 20.557070220645983 14.118606834177626 -86.96960823697154 -79.60604690395994 -43.709436093291146 -30.481396717219468 -26.51469564420404 -78.0879883244852 -46.68097360455431 -6.9666528888540995 97.85620613074711
