% # columns="iter, evals, sigma, 0, fitness, xbest" seed=44, Mon Jul  6 00:47:30 2020, <python>{}</python>
1 10 50 0 3454.199067158693 -77.78619037853083 60.932242273716774 -96.96237333850293 11.051057544845284 -2.758637631153781 14.05957637388339 29.933182031544504 51.36051567757315 0.3471124520958952 -87.66943151935217
2 20 55.258545903782384 0 1806.0761464851214 -5.61494798097533 59.9865257622441 -53.8009679047815 -12.37563124370692 -55.145223241540826 -11.055923134551188 52.2083314829994 18.041942298634638 -10.211342431092994 -17.863036068799346
3 30 63.35093539041321 0 3674.81517338505 -3.1219511011940426 63.846508425834934 -64.92782001617798 63.172328976668254 46.36682032987868 -22.17573115133076 77.8470216569099 14.05709948189796 75.57979626187243 -38.525427323984154
101 1010 1.3306452175553907 0 406.04171334081576 39.14260042996494 80.80258840586453 -76.78280715818372 55.80720136016 10.442980800754809 -33.81797942174992 12.392440085658158 76.07017941824955 18.786613525957385 49.09332654645863
201 2010 1.3856849484056737 0 402.1834092571077 57.59799916872953 34.76191301980032 -70.72718129968541 48.707765577749036 30.55772089056561 -18.977729672880923 -3.9642662251147245 63.36996345923504 2.9531625736625133 73.95220348666624
301 3010 0.8521260706077043 0 400.20991654795813 42.896935595826506 13.63212241835862 -61.819246900088814 70.07046407133797 22.907177112834233 -2.0510855169171185 -7.576350446631325 62.01796659337529 -19.98859928784201 76.19299819790632
401 4010 0.11630808964698366 0 400.0001196274836 32.62358913224688 7.828818581249294 -56.51239175079368 77.40553097480851 19.707446319045236 9.302196645882132 2.375268340513351 61.83739950405513 -33.52838372568496 71.44400894876952
501 5010 0.0005928668669198593 0 400.00000000076955 32.51081294370914 7.755396005970596 -56.4576042701793 77.49260180122005 19.668618374342284 9.462734554591893 2.545371117777876 61.838908330689065 -33.705373872154844 71.3652917933594
575 5750 5.5452571532355285e-06 0 400.00000000000006 32.5107241748633 7.755312110940622 -56.45757690105293 77.4926921150214 19.668558320773247 9.462876676922711 2.5454790687627966 61.83889442915276 -33.70551899620914 71.36522395707112
