% # columns="iter, evals, sigma, 0, fitness, xbest" seed=39, Mon Jul  6 11:41:55 2020, <python>{}</python>
1 14 51.02475923195213 0 3082872.675566531 -44.228130408098544 56.9987368342319 0.7100195807847381 -19.768483228962584 -45.220382083083855 -34.7224676938075 -25.34467733149539 1.2530266251101287 -91.63392871558361 -14.565959600174525 -66.72339149924058 -8.521806101187677 -57.74401206267908 -14.005609223890788 -78.77089621082166 -33.315022777106954 39.892092077719326 -12.986405171770175 14.029822685875448 -0.4630211411145468 -46.59700002259081 6.063884955667569 16.239393141340063 47.10328956182082 -17.589247818754785 36.41665531618195 43.079718366906846 -41.030060972389975 31.104580408934357 32.80585841779649
2 28 54.156493981650236 0 1092069.2041591986 24.885900279357116 -51.698860928826804 32.315565562405695 -67.47213001746991 4.901787983107276 33.878837814197695 -79.95849095013082 -97.60489060128948 32.58763623470445 -19.423629082707222 -41.652759592159185 20.63138790223881 -98.85597941968577 -65.37173223711483 29.803994146555855 -39.8216417829761 -83.52432486937018 -3.190758629549766 87.68500695142873 81.60690461394594 5.738406065374548 -13.808156297381569 -41.45947396159193 37.46274640106047 -85.25497980926679 71.52506935598666 18.985080234763736 -92.99111368410878 22.098001146494365 40.686878145309436
3 42 54.86541467055376 0 16078.24590846151 20.486543473086392 -27.225911327493733 -59.62883885942685 -44.22533170884851 15.70177876661319 30.652390882102182 -67.29218302600447 -57.03742292838501 -1.2572126749302335 82.40534252893295 -79.14136168465356 -2.5061471782560005 -76.19848261846582 -54.814309107038646 -23.121321545997766 -41.246869760788854 -22.75333685055707 16.62252604789458 97.28696900458625 49.3087411256042 -64.16425194561005 19.203035482503573 -98.33596837508564 48.09773339920597 -11.82829638976909 37.15541508397428 87.66660320878421 2.2763484579764324 98.76952125932222 68.84631603190626
101 1414 8.422894377308062 0 17029.243306647855 -13.427559165808532 -62.52735115439465 -43.87386252223191 7.6491643291821845 -31.408162963576267 61.34584188843729 61.34193067428042 46.80391139414227 7.054457180289688 -55.01590679793037 -68.74004867827969 -5.074459786746685 -25.00059866887615 60.09030657379853 -83.6962945925297 -72.88103760655966 -3.312316479599783 -48.512373391486655 42.11253735046395 15.558148125486321 21.29244529296534 -69.37202420171766 -34.55057977206818 -32.062353663956436 -10.146195163944427 2.118841566849172 47.69728493734871 -14.246885680399952 -16.020035667615787 81.76965562821769
201 2814 2.3983526317900457 0 1645.6867869349335 -25.199194709301793 -30.42303015392311 -16.41361005879061 18.304068964928604 24.645233245519268 28.224496278620002 31.16977628723065 33.04955128780727 25.513586013170027 -94.53707641720146 -22.950196276004334 30.39659073405183 9.239825330824008 95.57895253741815 -93.87230132627363 -84.044374535858 38.16114646213834 -51.81587311910668 -19.502332385429156 -17.65324039742637 -37.68067708948956 2.3985308481797176 -75.32946073978178 -3.085832909479852 -39.76439494224566 43.54093305091594 47.024375515801324 -26.95721935690032 -41.4348528176439 81.18899339148321
301 4214 0.14990892266775294 0 1364.3565270784813 -6.502448733947544 -42.362533466097744 -18.2392509876362 17.43596057559583 22.529184472937146 33.8390397402929 26.83837982279954 34.552123226245605 22.179873912023538 -89.36067719504162 -17.073509340073173 4.200480920700044 17.14346098798609 99.99999224029496 -81.13980993247637 -81.53924065332743 36.87336803073146 -65.50585568673081 -31.40511787936333 -21.98488117137404 -40.81288014185117 6.148621778076233 -83.16951151131858 15.730370832512408 -40.71093486058193 44.85557752076226 49.47291256997619 -27.678611755615115 -36.005751332299894 78.88510428661455
401 5614 0.20927443384453473 0 1361.367857920378 -1.3229451217331256 -41.91892649605019 -18.397213068229565 13.20192587180776 27.706619646582578 33.72677387725949 26.468992855924036 34.465293595619585 22.35537245289626 -89.61345769444493 -16.994909363459783 -1.7645733050666241 6.879655003945377 99.99969841861858 -81.63131794868612 -81.52083315258793 36.40446193281562 -65.62619134945996 -37.73190259998378 -21.463369902918178 -40.73658761184319 5.869071993887985 -95.84716288041241 21.928795230563793 -40.51781830049951 44.942541216946594 49.38993716282275 -27.78413025295545 -35.90579529004202 79.41693604546374
501 7014 0.08106965598228756 0 1358.071648828464 0.4072411679421138 -41.06399654385488 -18.388937353901635 5.166882591865857 33.26458734971636 32.619989833479295 26.769520375905646 34.23151115779158 22.369039254019082 -89.59058061693358 -17.15919823090246 -3.6911700130346863 0.511354532797793 99.99997856812014 -81.27381931619499 -81.5534186354289 36.71885022033062 -65.55852243231156 -40.57274366788678 -14.891543881537459 -40.75510087895859 6.05289921495546 -99.95049230683969 28.82444553039392 -40.71536781157741 44.72029922967126 49.649225859104945 -27.80298485833194 -36.03299711689323 79.11722773463707
601 8414 0.07418355296654065 0 1357.3354361781821 2.4176873926264433 -42.56873327349351 -18.35311994183369 -1.4280041826116303 34.048439366916845 35.6572008972429 26.78713731053148 34.23142971498777 22.32912238975081 -89.64775902229749 -17.277015246993102 -5.107945481732392 -1.2036354879869964 99.9998234897747 -82.16419134866084 -81.77773659817615 36.7838940341324 -65.55342329164584 -43.32305310753122 -10.806804017840099 -40.807416928297215 6.093040969880633 -99.99220528209398 32.60224141763437 -40.64160267660404 44.87438287974799 49.5406508797104 -27.688712642340285 -36.04699839079973 79.23111865693915
701 9814 0.05487087858030633 0 1357.1126176685716 1.8451184277538115 -43.672109114293725 -18.35020816174809 -3.240912594957962 34.910543093497076 35.79249645823706 26.868402760559377 34.25290176959431 22.26642260066509 -89.59723405652908 -17.22891288775611 -5.916902804945575 -0.1950582898600105 99.99999983420209 -84.78531294958502 -81.73303013067957 36.78914109979687 -65.57748673587463 -45.69456362183851 -9.481978071006209 -40.81656173225622 6.0827057624010195 -99.9994815491758 33.035902102085295 -40.66992029591995 44.82486680509593 49.49716235069499 -27.803088181381018 -35.97443410324814 79.0989794301411
801 11214 0.03897120785913264 0 1356.3589385118416 0.5718904443823589 -49.37107225128708 -18.350347702896812 -2.9504000522914566 35.962503553378916 36.49828251512544 26.842070522871804 34.25078915286699 22.297739792074577 -89.54189860363961 -17.29365614510158 -3.951810185306228 5.93688517231994 99.99979390567196 -97.53673653748285 -81.65848766301573 36.78020447904027 -65.63620766516432 -49.540737324712694 -6.641556288119579 -40.78744806952585 6.1086003254274885 -99.99888740383021 32.29502885421381 -40.701184918618424 44.81979793842664 49.57174307288798 -27.74267506568811 -36.006204674654896 79.10249957881355
901 12614 0.01226613948071255 0 1356.2935190913731 0.448101967545385 -49.93895494188696 -18.363366148156953 -2.250434076799934 34.91082555503122 36.910806533336974 26.818275142952523 34.24586838724292 22.33119157744266 -89.65618931374335 -17.225217455868346 -3.9062563803152077 6.828036901770169 99.99999825650195 -99.17222237413824 -81.72181006372497 36.77879405316842 -65.56841345370934 -49.65796247860507 -6.112494943511482 -40.79406560927828 6.077601284047006 -99.9999348890965 32.197921786072804 -40.68514203130163 44.80294773229514 49.539476459505636 -27.77413564422562 -36.01490890671084 79.15616988783331
1001 14014 0.0035427443406010556 0 1356.2903735132118 0.4111266060519053 -50.05932370846626 -18.354245237034377 -2.179923639481416 35.009604940402845 36.82319337307543 26.81761126070094 34.246756542046946 22.326423399995626 -89.65391078939356 -17.22747041978377 -3.9517505021431343 6.787008185328541 99.99999999979146 -99.55727430319227 -81.72068612760543 36.77234486961859 -65.55245361789592 -49.819508497228156 -5.9739738624728 -40.79247757529512 6.0787480705060375 -99.99999980933433 32.32893454345265 -40.684179205453056 44.80055289301075 49.53764803570698 -27.763425540781412 -36.01690597975801 79.1512433977231
1101 15414 0.0001295453115302884 0 1356.290242670157 0.402170284505499 -50.086165336620674 -18.355903857315 -2.171490252333939 35.01672520229576 36.82333303217216 26.815944541936457 34.2472601396675 22.32737607902793 -89.65002464687224 -17.228089398310345 -3.9610304652392294 6.842081700188667 99.99999999998853 -99.66327544082469 -81.71847213125173 36.77705164229647 -65.55673883753019 -49.85753506650937 -5.946771210808351 -40.792148739965086 6.0789622626489574 -99.99999999999984 32.34169338103018 -40.685186674449454 44.801435652149 49.53849185062887 -27.763351667036012 -36.015929270171455 79.1513576646492
1201 16814 1.231855353463408e-06 0 1356.2902425835236 0.4021633434026567 -50.08684441856124 -18.355959817713323 -2.171223669887894 35.01653802301625 36.82333534199031 26.81597646606252 34.24716974917696 22.327432311405314 -89.65007765717421 -17.227916622475448 -3.9608543468368635 6.842836991416235 99.99999999999994 -99.66441703074891 -81.71851566710811 36.777088979482556 -65.55670705714371 -49.85797702785831 -5.946559117004474 -40.79216505501668 6.078957188169795 -99.99999999999999 32.3410400394111 -40.68514298741606 44.80150714426521 49.53854188006261 -27.763313406216003 -36.015984369212845 79.15141195914552
1254 17556 2.3274246936439923e-07 0 1356.2902425835196 0.402164297813144 -50.08684201260697 -18.355959723967704 -2.1712289904138515 35.01653768065629 36.82333937031449 26.81597646062794 34.247169777354756 22.32743238183359 -89.65007756136008 -17.22791682480181 -3.960854797467464 6.842837508057594 99.99999999999999 -99.66441352741006 -81.71851464403548 36.77708960265115 -65.55670740566565 -49.85797633537172 -5.946562043425695 -40.79216537359781 6.078957140538421 -99.99999999999999 32.3410375458648 -40.685143050941186 44.8015077333577 49.53854275004224 -27.763313946751044 -36.015983743161826 79.15141236766061
