% # columns="iteration, evaluation, void, void, void, xmean", seed=40, Mon Jul  6 00:57:27 2020, <python>{}</python> # scaling_of_variables: 1, typical_x: 0
1 14 0 0 0 -10.172328955545296 3.9649891723829995 -19.004846504670343 29.35275891164052 12.418994330268491 -7.533235947243162 43.5673623515558 -4.426553307946747 -18.755344830770174 -5.994181261405704 60.74106393342998 10.657314142935382 8.898819086770732 22.304126904494165 -26.729334814942387 -15.3316743542881 38.41421083684771 4.1147973490504155 1.873616867719023 -15.558665480850317 10.939491629341408 -5.280455223045074 -12.983025943848935 39.35806237404411 40.935924677334064 41.00325862244494 17.56458217290314 -13.436705051636668 -60.78950829006977 15.965996119462346
2 28 0 0 0 9.257179186095001 29.662661374670407 -19.57279299537082 -0.876311724417377 -2.387148851589645 24.231475024642705 79.42013632217466 -0.1024053566008174 -4.233478800735888 -16.39860223708346 76.14549571982883 -17.087803924228844 -1.5346577860875605 9.841415125932679 -20.367664413033896 -21.10900608124894 52.43912393178242 22.458521058055624 13.980247925396657 -7.588977799892029 8.541367262421256 -14.94756286942379 -25.756571845403624 38.0575201108741 50.374081709096885 31.676907286016633 8.70512608019916 -18.4079095029312 -60.4033795912536 23.422675122520374
3 42 0 0 0 -0.24309000649588874 32.08419972955541 -0.4001160304267799 -3.1050180982879843 -12.397381782393712 36.40984182096714 100.25806397832055 15.114386631910737 -25.018858091054884 17.34238703575941 65.89530630851414 7.763806769214586 -28.784686507715225 3.4326284215233827 -39.30405762975355 -4.103042069003287 31.99035676157144 15.540384339043728 19.0617190783543 -15.01624116878939 -34.227056105360205 -10.13322087953154 -21.983218821511777 21.21988491912446 58.15154605563757 42.255045438124746 -43.89399743284332 -34.56048461932541 -57.562057748182845 61.28836962112698
101 1414 0 0 0 -31.521941482544158 29.085200031582247 -148.52275027301056 143.44328082814667 -27.62485665312482 5.784082242591844 206.90940318191184 156.62698352852783 -94.83103589956688 16.456231107968275 56.35329116750936 38.126564802673585 6.443226235419539 -35.91439868583742 2.500714591026414 50.515053437457176 -39.32328412315674 85.94700304024539 169.69288427273582 -145.60744450250039 -134.96909473574672 -127.62120688040056 43.99288803884829 141.29052997947673 165.0980766764901 -13.759067437366573 -25.945601939582165 -10.795071277051397 59.977223304270616 132.22697788927718
201 2814 0 0 0 -31.45813382175054 29.195796381714164 -148.57756507298035 143.5442958132214 -27.605545951214243 5.774375233807471 206.92310832675898 156.62954703626252 -94.73321172702617 16.456854550278504 56.300010069466126 38.13763808255786 6.399877469690136 -35.847724971562876 2.4986270892992124 50.51320555563665 -39.21287940247799 85.94787369530962 169.71433090661336 -145.59635781345918 -134.9892186769144 -127.63264426804174 43.89466646741771 141.34589117494423 165.08029945156989 -13.691082438531355 -25.97545959704143 -10.799786528868403 59.91606411370719 132.32521646952543
301 4214 0 0 0 -29.276065342605307 32.22195070883137 -148.25926119394506 147.3613661239139 -26.433444418162072 5.582671309636474 207.315320811432 155.28315415722287 -90.8626666824666 16.204432703820828 54.718739645903526 37.554090722082584 4.711352687121776 -34.10476993616106 2.251451093832205 51.076457867318695 -36.472170097712805 85.25934541798152 167.6191121194374 -144.8698764995475 -135.09480611931943 -126.60333232710632 39.12856472645889 143.19047149190857 162.9012909336774 -11.169137403811234 -26.994091753477747 -11.17905295324851 56.652503802247935 135.61148772502537
401 5614 0 0 0 -2.9491803553706397 68.4222443702209 -145.46273352371531 191.80339015718454 -11.528740255446472 5.106364076718048 211.70348824917352 140.0504183790941 -47.04523585602495 13.941639605481127 36.558901898895506 29.6200538286014 -15.568403991141263 -16.33994546851826 -0.7174214647938599 58.745598542341405 -3.263408051073698 77.73998581938916 143.52831059805422 -138.2918419462873 -137.96653397816954 -114.28792467514813 -16.87072586596279 165.5258907942152 137.1899219776307 19.2860603446432 -39.61152096328029 -15.673852608643687 18.224669257817627 175.55101855642909
501 7014 0 0 0 8.633456049460245 84.44439655271937 -144.39762638398273 211.3091139161636 -4.721354544201371 5.077932167704011 213.5388452063663 133.13778806671127 -28.018867340604412 13.224373292904033 28.419041988100794 25.8775163533638 -24.490618481748832 -8.522377121289649 -2.037491551334585 62.32914008382827 11.149979190975525 74.49284356099618 132.91573221142298 -135.3268880317097 -139.21489908233048 -109.48847879592057 -41.33579310511931 175.33806737737308 125.78159280659384 32.671950914180236 -45.12073745000797 -17.657621727989127 1.294654888440056 193.04687203341172
601 8414 0 0 0 7.265910195798973 83.78393224985116 -144.18033551206952 210.83789320389187 -3.517148313905846 5.158561014054685 210.86642259725073 133.23670699856302 -29.598769065156695 13.532207479253211 29.916203628131637 27.09196727802169 -23.438798081726873 -7.749262934628278 -1.8833650682084742 62.814687514873334 8.171999367302613 73.79613567116762 133.45804602638964 -134.10379828428984 -138.59991248022203 -112.50778755222534 -40.3790568096045 174.17825018640667 126.38458939817558 31.0917020000635 -45.15611856226163 -17.422418264368318 -2.21726163156293 187.5733121296473
701 9814 0 0 0 7.893219122736904 91.82477660606455 -142.26444368822314 223.12433882105424 9.449940649908973 5.943074369932227 194.35656993366356 129.1180774496387 -24.21470207724346 15.104376744637973 33.62880822060707 31.793118470155704 -23.91997396088003 3.539036754013123 -1.9536874404782463 68.69831147013872 0.29735809761235055 66.85738004610303 128.92535678556283 -123.471996988226 -135.47270667519203 -127.87461018850546 -53.94531354686799 174.71044159107345 121.08019727471911 31.815730160335846 -49.68920450966417 -17.53082955858789 -38.19390972613361 166.1845422268089
801 11214 0 0 0 7.429245929118668 91.943141405213 -142.34237801718845 223.5177714096567 9.681381051263468 5.776240518555823 194.24168045019965 128.8505946989609 -24.7733362529586 15.178075022205634 33.09947485382462 31.92169745887131 -23.562523703729642 4.01010345232865 -1.901259295234597 68.83162280888756 0.17931550856078754 67.0384709785728 129.12418850119633 -123.56128338967527 -135.2694629040593 -128.23265962209692 -53.64186275291472 174.3172076860105 121.0001670214011 31.279445303559136 -49.616561481080325 -17.451636827944952 -38.437940124996324 166.04923755981477
901 12614 0 0 0 1.8184028236071665 102.0337475703989 -143.3525474924419 242.60125350884755 19.1984669966803 1.4388988349420373 192.88378584288728 118.73446792672746 -27.56965477542935 15.926910533125266 16.61546905989181 33.873873302769276 -19.238697292764204 19.57694319514158 -1.2667045693369616 73.74140573291847 3.9613444167083465 69.47221927966848 128.9965616044964 -124.84189679753824 -131.37397825545975 -134.31733771438257 -58.88668658926271 169.56084796407495 113.85437853037376 24.791126189945736 -51.08998599815017 -16.491466639788744 -52.90801529506865 170.97715254623495
1001 14014 0 0 0 1.7015963682485153 113.08727029677432 -143.607207033678 260.66017322056854 29.36759759904791 -0.6357580081702727 187.53251840877778 110.72655797564683 -23.91956331818988 16.641314720928637 7.081212158298576 35.513349601811136 -19.149532916785468 32.76698835555614 -1.2528992804529393 79.12328747152506 6.695590942593805 68.42391330791162 125.37608823377062 -121.88814846739243 -128.65955008862642 -141.48753829192808 -70.15461207064975 169.46130615174056 105.87833557656272 24.65600872480778 -54.17893506972511 -16.471752120305165 -74.55792423271035 171.07994868627117
1101 15414 0 0 0 3.90051550755212 114.56139756589857 -155.08724069029935 266.6579200047985 27.38259817197767 -1.0786183669070701 185.28914531847994 113.15443174412563 -37.9347177177419 15.017170253269958 2.679899131671272 36.96902180702822 -20.844858096246387 38.80376159383863 -1.5009268440714922 86.78690576501874 3.515935781745508 74.33143384991023 128.50701912531403 -127.24141484999421 -127.21183051549352 -156.04657462384526 -54.152896825653734 171.32526696693878 102.60476442515149 27.19854864493331 -50.27557581888942 -16.848243195915565 -69.27753678456902 172.03614455396394
1201 16814 0 0 0 5.3410932249964205 116.16151536134655 -159.84803636415097 270.2486964146134 26.598034960210292 -1.3880990086370668 184.07795205935236 113.95694851166934 -42.76085395406743 14.396730920089777 0.23069002741398847 37.2631675698098 -21.953690646024715 41.892598040678344 -1.6649944865017905 90.29529098008035 2.8555010038184947 76.67838086785095 129.30316952538894 -129.55385131435366 -126.73140105940165 -161.95942357141575 -48.592918108746666 172.5467414197172 100.7438555961042 28.864468855297005 -48.654253345015476 -17.094219447446857 -67.45769078462654 173.46411772778148
1301 18214 0 0 0 5.53302100474852 117.78406542375502 -157.62584459975648 270.0249609848422 24.05949148937929 -1.6046805606798493 175.9965824298446 115.11724815191003 -38.8043878674709 16.85217689396141 0.25503099295656834 35.41437125738435 -22.101846702639246 40.31460718861631 -1.6860438632243424 91.25021203464269 0.6041504537424353 75.0018201584893 128.17295402203501 -128.37244760333414 -128.6750711788898 -162.75513416104636 -50.243195887186744 172.7094924212439 102.45937149166741 29.086943683535555 -45.10187903864105 -17.127309055915237 -62.38713612556099 172.4589141138753
1401 19614 0 0 0 5.206842948838913 128.89107709173624 -152.83180997397147 281.21161166746424 24.687613945784705 -3.7797038518582466 153.59811342374044 112.65060312021802 -28.138548538457815 23.19640073722857 -6.283873126303122 32.792083069393854 -21.85012824644199 46.91636351984932 -1.6497981071230396 97.46909529736075 -2.8604028049278196 71.0322672467364 123.0755577751926 -124.87367073066041 -131.51116874969026 -170.4354115296065 -60.33012766356759 172.43311800750655 101.61685208768188 28.709308884474776 -38.278551598440124 -17.07126472265299 -64.71506794574515 169.8009431329989
1501 21014 0 0 0 5.144940412009045 128.91775659491879 -155.5951478619547 280.4980771113575 23.192011582107167 -4.627687544661081 155.78658590475436 116.2967779758936 -27.68762161991062 22.00183573956723 -5.076528058303383 34.51682005041838 -21.80237246594097 50.9687425297691 -1.6426887102228043 97.84587701960368 -4.241792293151691 72.8595594075417 121.80717951002794 -128.9840236029279 -132.79175548661078 -173.80124755029905 -56.73361999256421 172.38068142021538 103.18418516491063 28.637638386652274 -37.22340543842033 -17.060934597540722 -63.60738442694633 171.18864627178516
1601 22414 0 0 0 4.999664735249385 129.70651447793395 -156.50263670444767 281.43525196215046 24.4400325347126 -2.486732853240114 156.7004746871116 119.05909759983507 -28.447966571062047 21.364754026655604 -7.640691783916345 34.59701286966037 -21.69018371961561 51.21687579087681 -1.6264897237795268 97.68273500064187 -5.490237000158773 74.55637057980118 121.87074480128221 -131.20306448949836 -133.41990059097557 -176.22912697486208 -54.9807296942623 172.2570406509302 102.44228004783716 28.469395633681817 -36.17657627584874 -17.0356793497939 -60.96236627014459 173.6464074529137
1701 23814 0 0 0 5.119622224744097 129.23774158521712 -157.67286555440674 281.10600038739005 25.744241376509574 -2.8309484391495268 155.58672097076612 120.48725971137071 -26.317843973257705 21.256616772253185 -9.822014039247806 34.21695688685826 -21.782964791042147 51.39823194834703 -1.63971390713571 97.93115650953568 -5.824332731211168 74.85514487533607 122.55436733099914 -133.11761499879992 -134.42285665233788 -177.67562012966798 -54.74194916990677 172.35927515620713 101.87106325892657 28.60838985583498 -34.22053946788388 -17.056047526896712 -58.86507030025799 173.51753884968937
1801 25214 0 0 0 5.168900639144448 128.65798121937468 -160.38464730438167 280.82081429511453 27.014911593180056 -3.6488067768651145 151.1546140413857 120.90167911557197 -21.862279607598797 22.394186693008646 -12.920552740656175 33.958936355002685 -21.820980269157445 53.731189052426494 -1.645436757654359 99.54276505438162 -4.961831536448388 74.36316171174299 123.57896042017045 -137.36051297489755 -136.94278231369464 -181.35133714705233 -54.266540047302435 172.40083191285885 101.30785929597566 28.665650595712094 -29.411269014754616 -17.064783551518254 -55.164532646374234 171.83471386903167
1901 26614 0 0 0 5.061585094516285 128.52251364802348 -164.15090000980152 280.53579512852576 26.281512279668235 -2.0375928377667636 147.58277539788284 121.26165202936136 -17.894423546656583 24.07454096740034 -14.551120281596473 35.47737894671422 -21.738063098711866 56.33715293066949 -1.6333298424855778 101.5063372447547 -3.9559699009115787 74.26096180272314 122.84993107643115 -143.38849601555353 -139.05185185855737 -185.69718036445443 -53.81260287743724 172.309896839096 100.20449865610658 28.54121774872315 -24.116179208622594 -17.046427355596116 -51.62232416783318 170.7487625799293
2001 28014 0 0 0 5.0605970550837664 127.49263587221714 -169.71693974395538 277.0152175881327 25.10912972963259 -1.8337124909880838 147.3235657001003 121.53224553030054 -15.346689747043266 24.658681952840933 -14.54353224663986 34.16608689671376 -21.737325706773305 54.23318013245422 -1.633080121057251 102.13781103372193 -4.662974873743745 73.26516852835076 122.19525920561307 -149.4169972217061 -136.98788107148843 -189.05984693655975 -52.2283487445535 172.30897336122655 96.99744547104292 28.54023326638896 -17.758489113033576 -17.046183130044135 -49.19131088865861 169.93610878598653
2101 29414 0 0 0 5.025847858838419 126.78897485301728 -179.0089405155852 270.518365287454 24.17348965227718 -1.1846190049410497 148.3263277880291 121.52145728189684 -11.575619593630439 23.12937658535482 -13.383487637219847 32.022484067142415 -21.71039455820318 50.27495094844319 -1.6292154445572606 102.13915437433641 -5.050697481875328 71.91504412367362 123.09303075963598 -159.69726128182336 -135.55460275756337 -194.4303968131348 -48.57971425339841 172.27906045159065 96.30199840295032 28.499731236529158 -8.36098392065347 -17.04023616051523 -45.8709487474054 168.07501956519903
2201 30814 0 0 0 5.10826041274367 128.00211682717853 -220.31342622624803 254.83937089096815 25.284490112701086 -1.7795129662841649 140.68092542868314 118.95993234973133 5.631400383178421 16.69978370192397 -18.415824118038632 33.53948180680937 -21.774192831699985 39.70873523128399 -1.638553280074554 110.51590530930363 -6.203625008208277 69.99512512896021 124.00678492939132 -210.9073499557201 -140.90106405469368 -228.3321849191798 -33.099202676661115 172.34952454158417 102.55562713898814 28.59565313099762 29.5162204379288 -17.054528737876225 -26.523163294931216 158.16010174676123
2301 32214 0 0 0 4.9618598089960795 128.32063319534544 -227.1318804392713 252.6486393391221 25.845766403448394 -2.1420325698543587 142.37979718568184 120.9980533765228 4.318974643530126 13.814998519420387 -17.93636174069974 34.050352320821546 -21.66148332663349 35.07765020102802 -1.6218282741784151 110.34990055274702 -4.518019147441703 71.40066930836721 123.12153907306555 -220.8860663926546 -145.63902626021468 -232.39867374306135 -28.74357917584345 172.2253094575714 111.72661728754545 28.42604314604915 31.75936821169209 -17.029342230120296 -22.678140952306226 156.47504193699632
2401 33614 0 0 0 5.076768119149595 128.2196185134247 -236.4194821258983 252.535850968799 25.37912526001998 -2.0374870415961497 143.10344533273295 121.45294723587068 3.4179011202226257 10.072036434235178 -20.020372957471068 33.89530805421278 -21.749797185895623 35.27013853821208 -1.6350194244527527 109.56171092649747 -4.603312752198606 69.52881826040424 123.41760102515329 -228.517464860031 -147.63344925339226 -237.7782391893416 -27.764036638558903 172.322644602352 112.06928007097119 28.558804745035836 35.24515924014211 -17.048960142759878 -22.622654212578546 155.5408433088719
2501 35014 0 0 0 5.008758742921348 127.7367762604328 -243.46593927065453 253.06226182373499 24.979775160630595 -1.7072897458174 144.57584606642394 120.90564097005863 -0.9721323917786148 2.587473830368653 -19.032928950091506 32.97978571793739 -21.697462455012438 36.94286639617603 -1.627264642553193 103.90461618698161 -5.069463996425682 64.88977783275965 122.95418418487547 -229.5602591186845 -149.9339159586111 -240.5471912548382 -28.723833228951317 172.26516496094894 112.14876662016772 28.480280152689897 33.574523336132124 -17.037378892899614 -23.69297515107685 157.49864303193704
2601 36414 0 0 0 5.039588907717541 128.27628315587796 -248.74244250177108 253.13940949626755 25.38254382935121 -2.187088876327416 145.4728391316064 120.46990006593232 -3.083100201554935 -4.019091000977936 -16.847868993264846 33.762136013934395 -21.721254906055645 37.12344240730949 -1.6306803459738013 100.2495081787434 -4.751520927725822 61.50381668535942 122.80111673081853 -226.62377008445762 -148.41667810370154 -242.12319931617188 -30.597557063539625 172.29114693141716 111.34549136381803 28.515877565265868 30.577840524256374 -17.042574156719514 -25.251869242417946 158.39358249555596
2701 37814 0 0 0 4.963652092531091 128.21600738121205 -253.22208181913055 255.51677119134516 25.447089475717164 -2.271899878601232 146.36632359974482 120.8103748858997 -2.630334650966731 -8.642663296342048 -16.039672121497162 33.75353037343473 -21.66262878637537 36.96439290144599 -1.622283276612968 100.21043054588651 -4.741597261857122 59.76393590934308 122.90264688783687 -226.06841023837086 -147.1800890959261 -243.91441648018665 -31.04493037413845 172.22673860363767 111.41147623177973 28.42802769235491 28.457279773747658 -17.029611713501094 -26.47110972677459 158.48963652591942
2801 39214 0 0 0 4.988695241935038 128.0970857939865 -255.26760131142498 257.35113626945815 25.218960207439167 -2.146113957615791 147.78009073253432 120.69741800646973 -3.2111719182535596 -11.78037125073041 -15.502183533153696 33.47171499670042 -21.681980031584963 38.0044749888264 -1.6249900447088592 100.18815735268137 -4.865397671791277 56.821287848532826 122.93467684966751 -222.57473759725477 -145.20974118158136 -244.98856999596507 -32.37150307109705 172.248051927428 111.91500057741048 28.456991035402986 24.572389936861903 -17.033914596743944 -28.078639407369305 158.5383639045876
2901 40614 0 0 0 4.992981998577066 128.07059268067556 -259.1049047558854 256.8937273281132 25.24324537752134 -1.9253852423360311 149.09965162012784 120.76534912121161 -5.931479831440242 -17.593419004326623 -14.277720147530788 33.604649721338255 -21.685292633079772 38.43296495902222 -1.6254802596599318 100.8702087460326 -4.8485465958667175 49.55203385421525 122.87352693409565 -217.89697296679097 -145.0824876422544 -245.51298598402258 -34.05241775219388 172.25164199368825 111.87632543073775 28.461940997981987 20.59391079710669 -17.034690327559595 -29.70382356785878 159.8118967812285
3001 42014 0 0 0 4.986682232695856 128.0847736792065 -259.27149520927054 256.61657312736327 25.27528056890456 -1.9961287305783832 149.03765569426875 120.92828152809166 -6.159373175644873 -16.545231086333846 -14.204024902800533 33.55055774451948 -21.68046426729576 38.39822948052918 -1.6248219934370893 101.24805354857399 -4.765613872457872 46.88934974140377 122.90812194182297 -215.96033483723082 -145.45593202705544 -245.77612585734036 -33.93100313304302 172.24635620471824 111.73852919502744 28.45467668610677 19.3433435708415 -17.033565475257817 -29.339393586254932 159.80835439619972
3101 43414 0 0 0 4.9870293012707 128.07064398524722 -259.85231454792176 256.84838660816007 25.27158577130135 -1.9704422917973576 149.30778811198752 120.82983550183981 -6.325952380325531 -16.387286997797144 -14.19916303174098 33.58088598532031 -21.680613887335408 38.63200896982465 -1.6248505804067794 101.12270521923112 -4.766074450622781 46.04963452662811 122.78556960859008 -215.64975971131827 -145.41771235837712 -246.30587480744143 -33.89252957902679 172.24658971872896 111.76435937895127 28.455008373485214 18.759109005324657 -17.03361911484635 -29.57862051427245 159.8081225432317
3201 44814 0 0 0 4.987028137804293 128.07064578828783 -259.8523446537252 256.848389510885 25.27158744974335 -1.9704434216718296 149.30778632809975 120.82982387396751 -6.325937788292348 -16.38730064962422 -14.199170396562623 33.58089629358983 -21.680612999519052 38.6320017607716 -1.6248504464865863 101.12269483940125 -4.766074373078236 46.04964927895764 122.7855648978068 -215.64981051217325 -145.41772133714701 -246.30589621739813 -33.892531292589574 172.24658874535976 111.76436308608042 28.455007044833366 18.759131236979762 -17.0336189204563 -29.578622036473302 159.8081191929772
3211 44954 0 0 0 4.987028137778612 128.07064578826567 -259.8523446529439 256.84838951098186 25.27158744975515 -1.970443421690727 149.30778632815463 120.82982387394233 -6.325937788544546 -16.387300649292737 -14.19917039652079 33.58089629355897 -21.680612999499225 38.63200176088995 -1.624850446483713 101.12269483922756 -4.766074372992389 46.04964927917221 122.78556489786324 -215.64981051165324 -145.4177213372107 -246.30589621682333 -33.89253129259892 172.24658874533768 111.76436308619829 28.455007044803565 18.759131236623254 -17.033618920451882 -29.57862203652707 159.80811919314493
