% # columns="iter, evals, sigma, 0, fitness, xbest" seed=784534, Thu Jul  2 11:08:42 2020, <python>{}</python>
1 10 50 0 4456.510261459395 -53.76281540416924 -48.337315694739864 -18.777974524477596 64.99050419009879 -17.985439768825255 55.31252475491755 -31.727031641191516 3.3128678366310207 17.733491325811475 -0.03122037609549941
2 20 48.360805024100294 0 4320.630611577937 -29.260098033575222 -27.284816497106018 -57.45285216495739 0.5844012847797444 36.51875470600733 -14.159632364641412 -69.51806348354336 99.92068430508084 80.50519086463132 -81.04357522220329
3 30 45.696559263561404 0 4375.5800041109915 -36.54219540374022 -10.741228146582777 -85.02385175660204 71.59132408872088 -3.959939232526974 -36.05492243488556 -66.25496804716681 43.86751333348309 80.57552374975032 -65.90557466679378
101 1010 2.031825853844122 0 3173.8069629540432 -82.86939287326652 -59.430873721392345 -85.86830839228062 50.48394739001021 -87.16884281766761 19.175013560531287 64.06698370163629 -28.974015673948138 24.670382181960385 -56.18609546783008
201 2010 0.25545599106208045 0 3100.503204454034 -26.364500217537653 -34.04721193152634 -49.994700249026735 47.56227824520809 -66.49990102464929 45.68871251581813 50.65211164195952 -30.686706295161542 -59.11345498266069 -41.54141927767496
301 3010 0.0015660989753777913 0 3100.001701122582 -26.37210569890251 -34.008416889853834 -49.92944483056234 47.61659642876336 -66.54541879648775 45.61754133300346 50.58385309279399 -30.671066908732563 -59.06556332484702 -41.523006785814424
401 4010 5.956933484382872e-06 0 3100.000003913047 -26.371934661472146 -34.00844100198344 -49.92961764460917 47.61660263194827 -66.54538325952308 45.61766912262493 50.58365487757958 -30.67093893169567 -59.06588457079351 -41.52281431920327
501 5010 6.782522978681044e-08 0 3100.0000000105047 -26.371934516146798 -34.00844063577049 -49.92961782199179 47.616602397893665 -66.54538272377363 45.61766922179647 50.583654405026444 -30.670938474542492 -59.06588494561007 -41.522813734986
585 5850 8.924840649294419e-10 0 3100.0000000000787 -26.371934515608075 -34.00844063703177 -49.92961782308147 47.61660239827862 -66.54538272440675 45.61766922363176 50.58365440489578 -30.670938476311257 -59.06588494547315 -41.52281373436983
