% # columns="iteration, evaluation, sigma, axis ratio, bestever, best, median, worst objective function value, further objective values of best", seed=730071, Thu Jul  2 17:33:16 2020, <python>{}</python>
1 14 46.79916661823975 1.0000483345014077 10084905297.964 1.0084905297964001e+10 25507356134.33204 57007474798.680046   
2 28 45.57627131959618 1.076382100317535 2288219495.438369 2.2882194954383688e+09 14730153880.740799 25974749605.091175   
3 42 45.65187502517117 1.1049464042001058 1459127975.3600698 1.4591279753600698e+09 10422676328.792849 25573110527.529713   
101 1414 13.87105938845254 2.1201848077198933 67625328.04093668 6.7625328040936679e+07 553049539.3018515 1055218120.2850025   
201 2814 2.781698126860057 3.4437763104845986 2229151.6579291946 5.2180746062887479e+06 14934839.92661039 33844387.26894984   
301 4214 0.7282394314088679 6.311010614472214 1588901.8695589087 1.6773484923636846e+06 1804575.6454226682 2295806.074675675   
401 5614 0.5570455573841365 18.20156107203376 572824.6860765314 5.9759309705051058e+05 640621.0323398592 744789.3108067033   
501 7014 0.42768859458162434 27.662182479184505 345471.98041718116 3.4651921311551635e+05 363683.153448357 424573.1681587992   
601 8414 0.5324397144325944 48.04794988803543 111499.74822064783 1.1866625192063864e+05 135512.64324628026 183969.41261764403   
701 9814 0.3910703809485291 69.88406582734767 53647.85344466336 5.6309459722638596e+04 62655.011495696046 76480.99516884136   
801 11214 0.19898794928812932 98.78702797386822 36163.429129269214 3.6163429129269214e+04 36803.74066249569 39333.44969383112   
901 12614 0.25900581077818297 141.45880463131223 28805.636401828175 2.8976571992578705e+04 29411.444990310927 31945.889343515395   
1001 14014 0.12535561378766671 165.17940332336838 25894.157648965953 2.5920937392820131e+04 26038.837544377067 26172.529523630503   
1101 15414 0.13782396149188478 226.60933117864175 24487.18139837669 2.4487181398376692e+04 24628.051936412317 24791.59529674579   
1201 16814 0.5658724746782318 376.8259726511103 20220.190963085573 2.1039862940983796e+04 21999.008207340965 22861.558689288573   
1301 18214 0.2993942393907886 828.2029665761291 12589.819702517601 1.2589819702517601e+04 12761.549494928458 13102.145372073912   
1401 19614 0.6371792753348812 1042.0053183052155 10762.165881690033 1.0874394980544654e+04 11206.086168058762 12308.770447139439   
1501 21014 0.31074331355973095 1012.1905469215765 9235.348327068135 9.2524480945729993e+03 9363.701753761561 9512.729285294914   
1601 22414 0.49665808697626734 1013.4378182515494 7717.232258696678 7.7172322586966784e+03 7864.999100081601 9270.523676393082   
1701 23814 0.2645180862869042 1097.6158805006146 7181.515627632333 7.1815156276323332e+03 7274.238451318514 7332.978912683305   
1801 25214 0.43355886740651517 1413.8247000458123 6401.877921116605 6.4109910730954853e+03 6478.1273354802 6655.958295377325   
1901 26614 0.24714102442522948 1486.9197818369319 6123.286431899856 6.1254622068894341e+03 6136.877400990112 6183.390768622532   
2001 28014 0.326029458094715 1968.738300792515 5886.041951042421 5.8919969944997893e+03 5902.770755272211 5934.3032216015745   
2101 29414 0.0963018561237413 2150.266900196556 5865.768273955002 5.8667090961933500e+03 5871.37692472995 5874.7579970452225   
2201 30814 0.07060460266679824 2201.473671031498 5855.242225542863 5.8552422255428628e+03 5858.761862520663 5861.649735218343   
2301 32214 0.07948374244970714 2262.538505784179 5843.67856305596 5.8436785630559598e+03 5847.164806732976 5850.975482348611   
2401 33614 0.06714484173135432 2533.535468817909 5824.518239790814 5.8245182397908138e+03 5829.048897278575 5832.334967042663   
2501 35014 0.27944694848516843 3077.879193752796 5780.17570037292 5.7801757003729199e+03 5788.368980932721 5794.205308099852   
2601 36414 0.15953656577676026 3097.5391573251463 5754.5233212525545 5.7577552471011186e+03 5761.589595767061 5765.94697832752   
2701 37814 0.18932833792147538 3678.0665472411188 5729.832703105577 5.7322384480455303e+03 5735.691262572147 5739.828997457627   
2801 39214 0.22781991168509932 4154.381888872766 5652.699443268944 5.6558170143384541e+03 5663.742352143691 5674.193494174792   
2901 40614 0.15117965933279504 4301.6515607713 5630.913488250311 5.6331942828937035e+03 5637.014107393574 5653.122882656558   
3001 42014 0.35725650147777843 5019.244335236394 5556.838232741528 5.5568382327415284e+03 5569.933011844841 5604.303310553935   
3101 43414 0.42882238843408244 7105.8597042334195 5362.44157661885 5.3624415766188504e+03 5374.701065663867 5412.127486615971   
3201 44814 0.1357809014065905 5852.824512095572 5341.102749881256 5.3419648533138306e+03 5345.582307384255 5348.19541923983   
3301 46214 0.08538835088539003 5579.659559389574 5339.096459847819 5.3418479589387280e+03 5344.590379492121 5347.532135948748   
3401 47614 0.049751133364110925 6206.358970704592 5338.805057721435 5.3388050577214353e+03 5343.54078568622 5345.339780916449   
3501 49014 0.019635725009096154 6056.364587968022 5337.847481382974 5.3382483956905189e+03 5338.886278733893 5340.0753862368565   
3601 50414 0.016740305777951096 6084.739348162354 5336.766517154429 5.3367665171544286e+03 5337.196621076719 5337.598959281805   
3701 51814 0.021449006144195818 6164.616291740361 5335.522045363633 5.3355699712917922e+03 5335.814085920764 5336.108177333839   
3801 53214 0.02327033610714876 6027.654614320409 5334.119202493279 5.3341192024932789e+03 5334.209303141685 5334.836933296635   
3901 54614 0.04166953911307993 6094.952566627322 5332.369179578824 5.3324091511453025e+03 5332.730219006686 5333.078640115748   
4001 56014 0.07278038499776818 5766.980394866808 5329.544943695104 5.3298472514863815e+03 5330.240044257167 5331.203181439989   
4101 57414 0.0930129444892731 5933.436247997903 5325.609429338784 5.3256094293387841e+03 5326.157994199855 5327.893854201775   
4201 58814 0.06608122176536116 5880.5152389613395 5321.317479407167 5.3213174794071674e+03 5321.591760301912 5321.965298148347   
4301 60214 0.07239148411621985 5250.199892997135 5319.7300493017865 5.3197300493017865e+03 5320.018311764869 5320.185083447474   
4401 61614 0.05543799742937156 4399.531362812956 5318.571707207104 5.3186063156112778e+03 5318.7312471116475 5318.819340956081   
4501 63014 0.02644766235076711 4178.328736666376 5318.128609650972 5.3181356564602866e+03 5318.15761535001 5318.212532044212   
4601 64414 0.008503644476236706 3953.3891663642094 5318.064172605491 5.3180641726054910e+03 5318.0694866656995 5318.076035280769   
4701 65814 0.0069632984017734875 3746.5205081505733 5318.036721226166 5.3180381966651030e+03 5318.0421944570035 5318.048008375517   
4801 67214 0.00723736076402822 4853.542558124969 5318.007567830088 5.3180075678300882e+03 5318.01133982432 5318.013898486421   
4901 68614 0.002442703752839233 5493.295631148997 5317.999235645462 5.3179997400891198e+03 5318.000834717568 5318.002981725682   
5001 70014 0.0016895779128077884 5414.182346845544 5317.997372625168 5.3179975873502217e+03 5317.998218009543 5317.9992330774   
5101 71414 0.0011147932470701519 6033.249570041101 5317.994793112761 5.3179948931330719e+03 5317.995321898518 5317.995761125635   
5201 72814 0.0004312279354291176 6428.907913347068 5317.9935057234 5.3179935674770986e+03 5317.993722206284 5317.993829109213   
5301 74214 0.0001866230470123877 7170.502654447105 5317.993062752298 5.3179930906989157e+03 5317.993193461567 5317.993346826721   
5401 75614 0.00016155976582947254 7899.246911697366 5317.992704013811 5.3179927128382860e+03 5317.992771456442 5317.992839300563   
5501 77014 0.002131688741027938 16576.802411417128 5317.989536260506 5.3179896543134637e+03 5317.990204548487 5317.990953015239   
5601 78414 0.007362253001360605 11462.361866132129 5317.979447913861 5.3179794479138609e+03 5317.980608089292 5317.9829679822415   
5701 79814 0.0032165014056583043 9102.496573713262 5317.971108853047 5.3179711088530466e+03 5317.972067680977 5317.97276726192   
5801 81214 0.0013440962796353883 8583.499904716982 5317.969794574768 5.3179698960210699e+03 5317.970146394683 5317.970294173808   
5901 82614 0.0005891220901592537 7845.255864080851 5317.96910949383 5.3179691298560829e+03 5317.969202491271 5317.96931893136   
6001 84014 0.00043391366638048434 8213.65405479742 5317.968708994995 5.3179687379166535e+03 5317.968830674039 5317.968902947201   
6101 85414 0.004061967623480655 13541.8456819951 5317.964441235936 5.3179644815604406e+03 5317.964851681044 5317.965116586191   
6201 86814 0.0018096864967128345 11548.719215929717 5317.96123816661 5.3179613409511239e+03 5317.961535263435 5317.961638639468   
6301 88214 0.0006203148905029728 12437.772230889528 5317.960789402785 5.3179608340709783e+03 5317.960903204558 5317.960979340962   
6401 89614 0.0003573711905356774 12795.647756355515 5317.960535497616 5.3179605354976156e+03 5317.9606070910195 5317.960666052844   
6501 91014 0.0006915361391010033 17657.65084647586 5317.960285127618 5.3179603099816104e+03 5317.960379489839 5317.960433970861   
6601 92414 0.00025134604970974376 18800.426214820167 5317.960122158416 5.3179601264655857e+03 5317.9601465851265 5317.96017081561   
6701 93814 0.00016290600606936323 20427.302864828915 5317.960035309949 5.3179600353099486e+03 5317.960049364099 5317.960062651002   
6801 95214 0.0004025528895833115 20603.434800309777 5317.959954459569 5.3179599611803287e+03 5317.959973710426 5317.960005805668   
6901 96614 0.0013111890853791939 18172.328243862186 5317.959456217792 5.3179594562177917e+03 5317.959537416531 5317.959599894914   
7001 98014 0.0012908303495584785 18155.39641811705 5317.958817536528 5.3179588263659407e+03 5317.9588748888145 5317.958926586123   
7101 99414 0.0013984498072276326 19697.064317654662 5317.958396404504 5.3179584015928212e+03 5317.958462384503 5317.958534493162   
7201 100814 0.0032430705844102717 18780.896557705735 5317.957447151256 5.3179574774933590e+03 5317.957636214669 5317.957804038694   
7301 102214 0.0017110064212319152 17882.486254759653 5317.956481388293 5.3179565299887199e+03 5317.95658161596 5317.956626954768   
7401 103614 0.010486143406152329 16358.745535249545 5317.952641203006 5.3179526412030064e+03 5317.953572398557 5317.954049731337   
7501 105014 0.03360125175366021 14807.508907696692 5317.931622576083 5.3179318933566155e+03 5317.934360766574 5317.938971212139   
7601 106414 0.008895021879664854 13220.658082765216 5317.924906483661 5.3179249844481910e+03 5317.926015740668 5317.926473783357   
7701 107814 0.002267701398787766 12334.167860719464 5317.924045273008 5.3179241049711127e+03 5317.92423724332 5317.924344643847   
7801 109214 0.0015487340024040587 13059.893033164157 5317.923701076533 5.3179237586221279e+03 5317.923869410259 5317.9240167671205   
7901 110614 0.0009389477832526063 11633.46698363657 5317.923598279264 5.3179235982792643e+03 5317.923675896747 5317.923792343079   
8001 112014 0.00016430902836912594 11414.573054482005 5317.923496007619 5.3179234979877456e+03 5317.923517901464 5317.923542156339   
8101 113414 5.5707047722722184e-05 12621.343123948973 5317.923480259247 5.3179234813255171e+03 5317.923488280673 5317.923493724225   
8201 114814 1.9495748841528787e-05 13774.64912410579 5317.923474734707 5.3179234748402341e+03 5317.923475635067 5317.923477689899   
8301 116214 4.019847378521017e-05 16179.743670263737 5317.923461821247 5.3179234618212467e+03 5317.923463603467 5317.923466467561   
8401 117614 0.00022373905576526416 28876.939234197518 5317.923382121675 5.3179233855818784e+03 5317.9233960373695 5317.923413795219   
8501 119014 0.00014753412458508476 31372.07345512695 5317.923348825054 5.3179233493869588e+03 5317.923358758153 5317.923367524523   
8601 120414 0.0006285130563134543 34437.27869889386 5317.923253343899 5.3179232533438990e+03 5317.923281840313 5317.923304503296   
8701 121814 0.002689512771299654 37382.047723633084 5317.922829955116 5.3179228373143415e+03 5317.922884842808 5317.923005017639   
8801 123214 0.015808713941154094 37736.32387638057 5317.919452971946 5.3179194983150774e+03 5317.920118732294 5317.920598421433   
8901 124614 0.06924793411659357 34129.31500038546 5317.894327488793 5.3178955259004479e+03 5317.898562246457 5317.9033638011815   
9001 126014 0.06614267498963823 27665.72108414113 5317.8536457539685 5.3178552124966473e+03 5317.859105753604 5317.862939690149   
9101 127414 0.019718013424379423 24391.341740184645 5317.837747647474 5.3178377476474743e+03 5317.838327712387 5317.8387344723   
9201 128814 0.0036565004130968168 26102.06802417895 5317.836814238297 5.3178368512222514e+03 5317.836915164586 5317.837023382952   
9301 130214 0.0009402587900383437 27407.96142150863 5317.836730095076 5.3178367300950758e+03 5317.836761198849 5317.83678420274   
9401 131614 0.00022871540480092989 28155.84755295795 5317.836692239605 5.3178367002534342e+03 5317.83670637089 5317.836711555189   
9501 133014 0.00010089562380878679 30007.21919936695 5317.83668705993 5.3178366875534784e+03 5317.836690688279 5317.836694078118   
9601 134414 4.5816719021901856e-05 45253.593471244596 5317.836685220879 5.3178366852208792e+03 5317.836685545253 5317.836686439843   
9701 135814 0.00015789097423396747 79299.74609959057 5317.836674683986 5.3178366751065914e+03 5317.836677467021 5317.836681492568   
9801 137214 0.00024825520336887384 93446.13493660609 5317.836661059321 5.3178366614326878e+03 5317.8366642357105 5317.8366663513125   
9901 138614 0.0004251694269272948 110065.59494569653 5317.836637546359 5.3178366391254685e+03 5317.836642583868 5317.836650618161   
10001 140014 0.0005789832298919819 129691.25026621339 5317.836600038341 5.3178366023031222e+03 5317.836604887898 5317.836611776529   
10101 141414 0.0027580108083638073 152009.81826043644 5317.8364716544975 5.3178364716544975e+03 5317.836490865601 5317.836510070035   
10201 142814 0.03820059499859457 122890.38027045484 5317.830278356286 5.3178302783562858e+03 5317.831380655096 5317.831834678064   
10301 144214 0.0070393674133613846 108104.98227811046 5317.826806291165 5.3178268346682462e+03 5317.826904436255 5317.827050029422   
10401 145614 0.0025486054197071274 103306.14642511975 5317.826656619485 5.3178266657645936e+03 5317.826702387856 5317.826716122341   
10501 147014 0.0010714638736053117 115622.92424996948 5317.826617361492 5.3178266203317953e+03 5317.82663323201 5317.826675766658   
10601 148414 0.0003712690008601677 116415.93289008363 5317.826604655802 5.3178266053027182e+03 5317.8266105917155 5317.826615536484   
10701 149814 0.00013065576512598877 118323.73188410905 5317.826600993766 5.3178266010188727e+03 5317.826601736973 5317.826602997205   
10801 151214 0.00044180310807359125 206184.52661912047 5317.826585924311 5.3178265866672082e+03 5317.82658886261 5317.826593904056   
10901 152614 0.0005632126585345059 3708.846194916938 5317.826568007598 5.3178265680075983e+03 5317.82657040023 5317.8265747403575   
11001 154014 0.00351942615587812 4383.650390764367 5317.826491669737 5.3178264994941692e+03 5317.82650563043 5317.82652125399   
11101 155414 0.012843685559306501 4936.817325318275 5317.826038289559 5.3178260382895587e+03 5317.826174163275 5317.826240087451   
11201 156814 0.010287440842575327 3585.710807914901 5317.825814852387 5.3178258329200471e+03 5317.825881703437 5317.825945835512   
11301 158214 0.00612949941219294 3873.4163896986224 5317.825627240881 5.3178256274493478e+03 5317.82564476721 5317.825662052593   
11401 159614 0.005923534580494456 6418.085565339322 5317.825438576036 5.3178254411224016e+03 5317.825457469571 5317.82546915511   
11501 161014 0.005215458025816303 7546.6534086676975 5317.825286914583 5.3178252869145826e+03 5317.825299990584 5317.825322221245   
11601 162414 0.017479810169667338 7622.718821979136 5317.824883398031 5.3178248967033142e+03 5317.824928305032 5317.824964734997   
11701 163814 0.03574119583794499 9575.165380700993 5317.823701939255 5.3178237019392554e+03 5317.823802002646 5317.823983366239   
11801 165214 0.026513038247957116 13968.687659633497 5317.8220570935555 5.3178220899922044e+03 5317.822155900594 5317.82229330384   
11901 166614 0.0034673550081190836 11636.46317614963 5317.821864591928 5.3178218720995383e+03 5317.821886571723 5317.821898655112   
12001 168014 0.002437802536406207 7333.35506555189 5317.8218436660145 5.3178218521777590e+03 5317.8218602845045 5317.821882230359   
12101 169414 0.0011886788178153385 5031.190886255151 5317.821830258836 5.3178218342799555e+03 5317.821838032225 5317.8218436111565   
12201 170814 0.0006443121233269779 3569.525253046733 5317.821824161927 5.3178218244981808e+03 5317.821825753657 5317.821828856071   
12301 172214 0.0019387222712110995 3035.540263113897 5317.821807283869 5.3178218101989569e+03 5317.821811207379 5317.821815250574   
12401 173614 0.0075332666699705975 4849.354988650694 5317.821746300458 5.3178217483735971e+03 5317.821755526504 5317.821774958398   
12501 175014 0.015647167351135388 6591.053596800453 5317.821451282755 5.3178214512827553e+03 5317.821472871839 5317.8214865773425   
12601 176414 0.03998264580442054 9330.82200829072 5317.820743936128 5.3178207983313750e+03 5317.820856643563 5317.82091110491   
12701 177814 0.03618010913704376 15520.795984023409 5317.8198932557825 5.3178198996124611e+03 5317.819977333216 5317.820015963785   
12801 179214 0.010366854547958465 10571.716350067367 5317.819762971907 5.3178197721930528e+03 5317.8197849868275 5317.81980938345   
12901 180614 0.003141215339234067 7553.784547989091 5317.819716733352 5.3178197172560967e+03 5317.819728302461 5317.819735354291   
13001 182014 0.0014964312989850525 5306.209757335867 5317.8197024123165 5.3178197028402847e+03 5317.819704880709 5317.819707796593   
13101 183414 0.003887819349637496 8356.496244236534 5317.819670271577 5.3178196715197828e+03 5317.819676708659 5317.819680626062   
13201 184814 0.06824682314024559 17332.33593966828 5317.819144886485 5.3178191581632564e+03 5317.819199304006 5317.81930508993   
13301 186214 0.016186509594351448 15808.620147726486 5317.81843316731 5.3178184514441637e+03 5317.818468107936 5317.818502710799   
13401 187614 0.003626006250573828 8456.48584149744 5317.818413089725 5.3178184150481247e+03 5317.818421133326 5317.818427293849   
13501 189014 0.002325540143871822 4967.694687451044 5317.8184066387685 5.3178184066387685e+03 5317.818408524308 5317.818411505601   
13601 190414 0.004341586879120675 4635.064327040237 5317.818397392442 5.3178183973924424e+03 5317.818400022195 5317.818404788757   
13701 191814 0.012731156488703928 10309.100054412396 5317.818341642173 5.3178183418133985e+03 5317.818351090646 5317.8183575017265   
13801 193214 0.04765532284200178 16115.18100140409 5317.818016379522 5.3178180163795223e+03 5317.818058286533 5317.818081169587   
13901 194614 0.01198700962867098 10946.495103834395 5317.817898980888 5.3178178996877150e+03 5317.817908642546 5317.81792649987   
14001 196014 0.0038610102276029914 8601.332742113274 5317.817878424105 5.3178178787058177e+03 5317.817879807413 5317.81788287333   
14101 197414 0.013421623370328989 18374.58118989254 5317.81782501662 5.3178178250166202e+03 5317.817834682116 5317.81784538454   
14201 198814 0.010440352754713356 17595.275410083992 5317.817744965464 5.3178177475671864e+03 5317.817755334854 5317.817767482295   
14301 200214 0.006343594299453441 14681.582831561187 5317.817713811138 5.3178177142141649e+03 5317.817717263589 5317.817720880304   
14401 201614 0.006786667317758646 22761.62756518605 5317.817689256089 5.3178176904392913e+03 5317.817691305452 5317.817694512305   
14501 203014 0.006137402602366595 20029.6260131647 5317.817667509137 5.3178176675091372e+03 5317.817669045316 5317.817672281582   
14601 204414 0.005565148467604128 24882.2203934999 5317.817655054916 5.3178176550549160e+03 5317.8176560731845 5317.8176587144935   
14701 205814 0.003805945804892433 27300.716575541537 5317.817646763285 5.3178176467632848e+03 5317.817647258329 5317.8176484341675   
14801 207214 0.005845631926269382 29557.55810163146 5317.817639733534 5.3178176397335337e+03 5317.817640447565 5317.817641423815   
14901 208614 0.0072757826480304615 30817.27365613784 5317.817630345139 5.3178176305214611e+03 5317.81763160317 5317.817636364235   
15001 210014 0.007583612078427654 26282.65105168758 5317.817611333745 5.3178176115802489e+03 5317.81761237073 5317.817614179563   
15101 211414 0.009378061114677249 19963.685395189153 5317.817589747005 5.3178175902095882e+03 5317.81759100447 5317.81759555116   
15201 212814 0.011707945338240957 15674.198554504885 5317.81757528281 5.3178175754681688e+03 5317.817576183466 5317.817579641553   
15301 214214 0.013122641527551304 12595.366959629544 5317.8175547973715 5.3178175548779436e+03 5317.817556851256 5317.817559324132   
15401 215614 0.016587436613701313 10002.846975385408 5317.817536317265 5.3178175387393712e+03 5317.817540392654 5317.817543217406   
15501 217014 0.014121802394741855 9454.605977770716 5317.817519621392 5.3178175196784068e+03 5317.817521113598 5317.817526363227   
15601 218414 0.012076535866182816 9466.579795136953 5317.817509363524 5.3178175100551298e+03 5317.817510837574 5317.817512743426   
15701 219814 0.010800515264170116 9427.571862070174 5317.817499761173 5.3178174997611732e+03 5317.817500399604 5317.817502059348   
15801 221214 0.011506990298931284 9945.725725339476 5317.817490391616 5.3178174906345739e+03 5317.817491408858 5317.817493871125   
15901 222614 0.0074095116551494925 9931.798615265632 5317.817485474976 5.3178174854749759e+03 5317.817485802511 5317.817486433579   
16001 224014 0.008651666494217686 11231.902929295416 5317.8174813219175 5.3178174813219175e+03 5317.817481684033 5317.81748318049   
16101 225414 0.007918361410846522 14019.817626096568 5317.8174772764505 5.3178174773007913e+03 5317.817477662059 5317.817478702656   
16201 226814 0.008866130535650624 13528.769330312623 5317.8174733258165 5.3178174733258165e+03 5317.817473860497 5317.817474760816   
16301 228214 0.011299808489128219 14746.035774886439 5317.81746875866 5.3178174688880144e+03 5317.8174692907005 5317.817471891909   
16401 229614 0.012268355472862678 14219.71344939171 5317.817462296211 5.3178174625729380e+03 5317.817463443376 5317.8174662763995   
16501 231014 0.011685207224840883 15097.849992438036 5317.817452437902 5.3178174524379019e+03 5317.817453222405 5317.817455085526   
16601 232414 0.019149867796105967 17068.196866805607 5317.817437155596 5.3178174376347288e+03 5317.8174391695375 5317.817444280467   
16701 233814 0.020165364017535454 14710.36960711704 5317.817423827904 5.3178174239007431e+03 5317.817425114699 5317.817427378328   
16801 235214 0.019730070741108257 13131.487442674295 5317.81741047234 5.3178174107969326e+03 5317.817411718192 5317.817414124095   
16901 236614 0.018014275963539605 12994.936123332669 5317.81739952121 5.3178173995236111e+03 5317.81740048053 5317.817402152987   
17001 238014 0.021557249209727437 11563.000641980694 5317.817390531178 5.3178173908048175e+03 5317.817391465678 5317.817391862951   
17101 239414 0.015658175918301574 10732.04347615246 5317.817385587336 5.3178173857351749e+03 5317.817385954415 5317.817386698893   
17201 240814 0.009141142059291401 10216.572427574916 5317.817383449485 5.3178173834494846e+03 5317.817383566775 5317.817383754157   
17301 242214 0.003427365721947587 11132.006400440665 5317.817383072928 5.3178173830758724e+03 5317.817383081909 5317.817383101514   
17401 243614 0.0035264951736543844 11045.124434506153 5317.817383003439 5.3178173830055512e+03 5317.81738301197 5317.81738302025   
17501 245014 0.024387915613771023 21627.206339680175 5317.817381712754 5.3178173817744482e+03 5317.8173820244865 5317.8173821264145   
17601 246414 0.03190449932084864 27016.554277802094 5317.817378633692 5.3178173788123222e+03 5317.817379161213 5317.817379838298   
17701 247814 0.028469502657942583 27118.719500237195 5317.817375351013 5.3178173754689224e+03 5317.817375852596 5317.817377098344   
17801 249214 0.026758432315152354 28955.166356494152 5317.817370330602 5.3178173703306020e+03 5317.817370789796 5317.817371757517   
17901 250614 0.021332524243561836 32217.17986817326 5317.817366608396 5.3178173666083958e+03 5317.817366945683 5317.8173682569595   
18001 252014 0.026080574702865095 37037.78629389947 5317.817363087546 5.3178173631140789e+03 5317.817363565628 5317.817364808669   
18101 253414 0.022232593761732082 39717.744492775135 5317.817360037169 5.3178173600406008e+03 5317.8173602694515 5317.817360657013   
18201 254814 0.02366695776708061 46077.062880938756 5317.817357351669 5.3178173573516688e+03 5317.8173576065765 5317.817358618958   
18301 256214 0.037616054653729566 49951.64541917329 5317.817354781348 5.3178173547905917e+03 5317.817355257257 5317.817355899215   
18401 257614 0.027621197991179642 43717.44092799895 5317.817352275333 5.3178173523451169e+03 5317.817352614164 5317.817353173667   
18501 259014 0.025001847624431885 47833.232189539565 5317.817350656914 5.3178173507244255e+03 5317.817350921077 5317.817351833934   
18601 260414 0.014733830796124387 48026.94251614201 5317.817349943655 5.3178173499436552e+03 5317.817350009353 5317.817350102183   
18701 261814 0.013624184093836662 64915.136149311744 5317.817349536086 5.3178173495493302e+03 5317.817349572415 5317.817349655271   
18801 263214 0.01607757351763451 64937.517324338434 5317.817349262231 5.3178173492622309e+03 5317.817349314195 5317.817349480713   
18901 264614 0.013473708283091943 63246.83410738346 5317.817348953079 5.3178173489579949e+03 5317.817348974686 5317.817349032479   
19001 266014 0.021631775619023224 65947.52761804897 5317.8173485826555 5.3178173485826555e+03 5317.817348653755 5317.8173487601925   
19101 267414 0.052389708853005534 60647.227700602576 5317.817346751413 5.3178173467793222e+03 5317.817347145977 5317.817348747292   
19201 268814 0.06564468240092601 53896.73541377234 5317.817343617493 5.3178173437365913e+03 5317.81734413386 5317.817345494959   
19301 270214 0.05235070058245406 57604.680437158735 5317.817339134835 5.3178173391348346e+03 5317.81733938455 5317.817341202508   
19401 271614 0.07599329223286273 55460.53511238984 5317.817335941969 5.3178173359978482e+03 5317.81733646896 5317.817336974362   
19501 273014 0.0701470538247209 51212.091414686955 5317.817334215563 5.3178173343249236e+03 5317.817334538924 5317.81733524322   
19601 274414 0.0573168211909113 51521.05936257598 5317.8173327356835 5.3178173327356835e+03 5317.817332911901 5317.817333137589   
19701 275814 0.042437086057321556 48579.611430583805 5317.817331698319 5.3178173316983193e+03 5317.817331795561 5317.817332037705   
19801 277214 0.03092426847288476 40994.084310954175 5317.817331071086 5.3178173310710863e+03 5317.817331133779 5317.817331185001   
19901 278614 0.0970785125860998 28979.179627084282 5317.817329290094 5.3178173292900938e+03 5317.817330009418 5317.817330568145   
20001 280014 0.09907018454680937 23939.957996027817 5317.817326328111 5.3178173264840270e+03 5317.817326831377 5317.817327257575   
20101 281414 0.05096215606029763 23991.376912595817 5317.8173243670335 5.3178173243844512e+03 5317.817324463 5317.817324573007   
20201 282814 0.0766653544135372 29228.20789269062 5317.817322175477 5.3178173221754769e+03 5317.817322409381 5317.81732306164   
20301 284214 0.08023123496355619 27728.490305631647 5317.817320332191 5.3178173203820425e+03 5317.817320514983 5317.817320892206   
20401 285614 0.04319442959167625 26536.97281462132 5317.81731960145 5.3178173196014504e+03 5317.817319656604 5317.817319738396   
20501 287014 0.0432508778927536 32122.069829450782 5317.817319007566 5.3178173190075659e+03 5317.817319050291 5317.817319113598   
20601 288414 0.02248967453861331 37846.16502103566 5317.817318825723 5.3178173188257233e+03 5317.817318833587 5317.817318845413   
20701 289814 0.010914436143133867 44455.33664797405 5317.8173187946695 5.3178173187946941e+03 5317.817318796748 5317.817318799655   
20801 291214 0.025957779838841004 47947.17469775652 5317.8173187474185 5.3178173187474185e+03 5317.81731875303 5317.817318759831   
20901 292614 0.07582991071232689 52786.232921966184 5317.817318046265 5.3178173180656559e+03 5317.817318116925 5317.817318322124   
21001 294014 0.03283935168177701 60919.78942291851 5317.817317782808 5.3178173177828075e+03 5317.81731779298 5317.817317807498   
21101 295414 0.03897617238999762 64354.1138979107 5317.817317682104 5.3178173176827950e+03 5317.817317693822 5317.817317705762   
21201 296814 0.06263358226597458 62009.30937622526 5317.817317444182 5.3178173174441818e+03 5317.8173174721505 5317.817317495179   
21301 298214 0.05916138048108102 50975.29412298062 5317.817317197612 5.3178173172027819e+03 5317.817317221389 5317.817317287455   
21401 299614 0.0802881321088094 44310.55731750575 5317.817316967468 5.3178173169674683e+03 5317.81731700407 5317.817317064882   
21501 301014 0.05781080776458292 48238.020590180866 5317.817316774361 5.3178173167743607e+03 5317.817316787961 5317.817316822401   
21601 302414 0.06874130798061714 46789.95163401333 5317.817316513918 5.3178173165173830e+03 5317.817316539137 5317.817316561799   
21701 303814 0.08529959954794238 73174.87548827885 5317.817316171548 5.3178173161715476e+03 5317.817316199182 5317.817316250682   
21801 305214 0.04678131270247454 72825.57221544594 5317.817316018866 5.3178173160188662e+03 5317.817316027836 5317.817316051845   
21901 306614 0.07121587555074979 67603.13004904591 5317.81731588271 5.3178173158827103e+03 5317.817315899986 5317.817315923994   
22001 308014 0.13151010532921004 52822.08606882147 5317.817315452143 5.3178173154775759e+03 5317.817315506432 5317.817315556011   
22101 309414 0.14628218243095262 69848.94661035606 5317.817314810174 5.3178173148101741e+03 5317.817314849253 5317.817315021188   
22201 310814 0.06713113726359174 93201.13837273138 5317.817314502535 5.3178173145042947e+03 5317.817314511345 5317.817314527838   
22301 312214 0.027978200386812917 104727.24661201876 5317.817314459708 5.3178173144598268e+03 5317.817314460943 5317.817314462965   
22401 313614 0.102410806281197 101109.90924398282 5317.817314403808 5.3178173144038083e+03 5317.817314418173 5317.817314429381   
22501 315014 0.034758761326189165 92517.6442035068 5317.817314351162 5.3178173143518889e+03 5317.81731435244 5317.817314354203   
22601 316414 0.046567906041000674 89851.04556052113 5317.8173143406475 5.3178173143412887e+03 5317.817314342247 5317.817314344539   
22701 317814 0.14310065929142554 89900.05402069788 5317.817314230163 5.3178173142329988e+03 5317.817314244904 5317.817314267104   
22801 319214 0.12368888970543865 79655.49739401185 5317.817314117465 5.3178173141203752e+03 5317.817314132022 5317.817314147431   
22901 320614 0.12624762531625447 82639.85889086447 5317.8173139991 5.3178173140014851e+03 5317.817314014254 5317.817314027789   
23001 322014 0.18097722354438905 84023.69453614963 5317.817313788686 5.3178173137961467e+03 5317.817313822104 5317.817313860782   
23101 323414 0.1278380771661517 82224.36337027393 5317.817313674988 5.3178173136791202e+03 5317.8173136899195 5317.8173137155645   
23201 324814 0.05541619469248791 91583.00540662053 5317.817313624617 5.3178173136246169e+03 5317.817313627259 5317.817313631567   
23301 326214 0.03884807497739131 95336.79237061019 5317.817313616093 5.3178173136161795e+03 5317.817313616592 5317.817313617037   
23401 327614 0.04687107133865478 92495.46821911678 5317.817313607584 5.3178173136076002e+03 5317.817313607984 5317.817313608611   
23501 329014 0.09956142259869168 80423.77186416766 5317.817313578169 5.3178173135781690e+03 5317.817313581101 5317.817313583926   
23601 330414 0.07392180200338365 82066.12098953067 5317.817313545644 5.3178173135456436e+03 5317.817313546818 5317.817313550675   
23701 331814 0.07439044725725913 85131.14978132267 5317.817313526694 5.3178173135267234e+03 5317.817313528374 5317.817313529943   
23801 333214 0.031882110896108325 102273.13500440867 5317.817313518424 5.3178173135184279e+03 5317.817313518552 5317.817313518872   
23901 334614 0.05050825151499099 108659.35783429937 5317.817313515961 5.3178173135160196e+03 5317.817313516247 5317.817313517744   
24001 336014 0.019900167468100576 117817.61473102904 5317.817313514371 5.3178173135143707e+03 5317.817313514396 5317.817313514463   
24101 337414 0.002614852883752662 121610.38588947416 5317.817313514315 5.3178173135143170e+03 5317.817313514319 5317.81731351432   
24108 337512 0.0020902443878206577 121436.99206820276 5317.817313514315 5.3178173135143161e+03 5317.817313514318 5317.817313514319   
