% # columns="iteration, evaluation, void, void, void, xmean", seed=49, Sun Jul  5 19:47:36 2020, <python>{}</python> # scaling_of_variables: 1, typical_x: 0
1 14 0 0 0 15.937634943471645 -2.042909804422224 -26.359323560120142 42.00912540878655 17.579607837667073 24.819210511869162 14.05803034298911 17.942505068941735 -6.890609168766427 -13.882332825723923 26.069117350914198 13.848228469075394 -3.5649331372745134 -2.0563832582508987 35.143093437586465 -38.452937501314665 33.20642014328071 -37.78005734974322 17.459666076169217 29.265679796717944 -8.009467904567295 1.2324737516255437 34.985594071715546 11.987623658473364 31.534132252272272 0.835784218383802 10.313228640950097 -28.632962947997587 -18.388354692840096 -37.33111938670422
2 28 0 0 0 15.901288230882713 9.297553950258607 -31.162747610049017 46.300059523428935 -15.81164973526219 14.476224290943149 16.08903410536013 -1.3876370518410184 0.7633643004933566 -34.52343520114381 41.79110464737344 -13.170876171546716 -14.940077308099335 0.5647274233136197 16.907948469161564 -5.387742896367726 43.38915582060451 -17.905263120068533 45.43502765606163 17.327909459982347 1.1438302917528596 -11.351169967887632 55.064319996202315 11.202828141840767 40.29132149329115 -7.9440801136035635 53.672524628207114 -38.791961343448115 -8.260971219902212 -70.35049304478669
3 42 0 0 0 33.525653523422974 -3.305647166385757 -40.615521077592796 61.168780528632084 34.81499436784408 29.744637574320024 19.76923019535487 26.090626260447277 30.570906971819653 -70.04844022039131 50.76104154792065 -18.730981534376667 -57.65828550815857 18.934542738368272 34.60342768932471 -23.14618006463174 39.33745434364703 -8.68677829403912 16.122541899940106 -86.86585421090439 25.285436190063827 -2.528496603723937 66.52184005951572 -11.833463208601712 12.34406265586637 11.52777615730887 54.93020432434633 -28.160260487701457 -16.58571065644818 -51.924219261548956
101 1414 0 0 0 -29.22365747485218 65.39381103135703 -122.92460248636588 102.28052401578049 33.71807363122673 48.95952368427685 -64.8945507698255 119.2130114111855 -53.629799208215445 107.63132377542826 51.438047437674136 -59.17607424042227 -107.75345595314296 103.90505479894227 22.66544722303854 -6.850022034129884 23.363576645518343 45.91908689105827 -19.730352886699375 -140.55030161269826 77.00856767251807 -6.64801351318569 111.34558628561123 -7.2368058916020495 18.08561491428133 21.417472467026034 105.28007936655007 -24.23796525802403 -13.24159128735395 -34.526737990982895
201 2814 0 0 0 -39.594359062819535 45.742962180705426 -130.63478274020497 109.80451634775407 18.875725901928746 62.21767389988816 -66.06400763545888 115.73610968632359 -50.94175631164776 102.54983485284167 46.3391472342768 -56.01202035636427 -105.45130577566631 106.82793005963958 21.717245604677277 -12.565888378473245 15.413957502945017 30.851222464860154 -25.181008523469103 -143.76453155444284 82.70421419481676 -4.30655929505694 106.03266727824281 -29.47235644888162 -11.141471178712017 19.97064760324914 105.37158102078305 -51.08103553838617 -28.64593498080392 -42.80205268256144
301 4214 0 0 0 -40.26639929371085 38.655495610743316 -139.40558239929936 110.9148812145339 26.126523484877954 61.758297784999286 -67.67913437728211 123.28017339345112 -51.30387874625557 104.31884519602869 45.99153726631136 -42.82646999174352 -105.23420106448943 124.97881879600175 22.912019455080568 -14.134473481767202 14.576162553104759 26.275361560543786 -24.712465837372143 -143.58697340523656 83.0676729410536 -4.6016157874366135 104.60629383398518 -36.43612226612216 -15.663083035594491 20.354200053578186 105.00213975093175 -60.229432529540965 -36.32157379166883 -39.437819576776754
401 5614 0 0 0 -38.25730832492688 34.031832493693045 -146.59768055909257 118.24564437140586 23.24676252139248 58.79775677674842 -69.80955806790105 123.50770801875719 -43.973091320509546 105.75157329602247 45.51752273432647 -33.429981374304724 -104.73063178611805 137.85929564997963 24.512952250971278 -17.629578001969826 6.466821542055874 25.999657986802223 -20.419087913488802 -137.14374895092774 78.53224179695225 -5.181082126073608 104.810399538339 -39.26246284488236 -18.37025487103976 19.600327450971825 104.8499602895623 -57.436530322187224 -41.35101158605254 -29.62341889177368
501 7014 0 0 0 -34.62242349470104 31.96760887898159 -146.26733153398294 121.47865779645436 19.102001877923957 53.85200051600391 -67.60524192540807 120.76566295242063 -34.52465690367499 117.32507498402943 45.97611323679604 -28.837356585494316 -104.77937052337094 145.05986636634842 30.621355202243414 -16.385852263011582 -2.2710314871277606 19.73114015307403 -19.24037410158242 -135.67127234711594 73.92580436366964 -4.906205789636002 105.12880191286655 -42.117534115027794 -18.474465377171416 23.60027881668649 105.0355741953201 -58.00265638276774 -42.247474590976196 -23.80955797598168
601 8414 0 0 0 -26.857681114645025 31.277939527933665 -146.51084078157726 120.70570523221853 17.661858060094467 50.42606058717383 -54.29712928351876 114.85220135465931 -22.411007096635576 120.02052904989957 45.7437426453966 -25.18644833558656 -105.23208562364827 152.981354890509 37.94768607370964 -17.15837421950224 -8.99802008873704 13.051665355966671 -17.603472196985283 -133.01651845735742 69.03934595907047 -4.884594421810263 104.91813407320689 -47.68337563168948 -19.1048439243289 24.764395011810084 105.20295722273036 -58.3531345413023 -43.432684335919085 -23.734889647891567
701 9814 0 0 0 -22.771922061190573 31.231250791399574 -146.20831509773936 120.66028511155923 16.754052924289724 49.26297049089264 -41.994672628254655 110.60533446580476 -16.372358527192244 116.3176530515274 49.08986187673111 -24.57045317515751 -104.86900816539766 155.4992094719536 35.80876335801281 -16.79870054564187 -10.760784290686548 7.709381173182977 -17.106925766972576 -132.12475851118347 66.98569233471862 -4.062804910939506 105.16793661198155 -49.93478322830303 -19.530933044373334 25.218828165768887 105.16736338322647 -57.661662207578715 -46.266718296125354 -24.378422456790076
801 11214 0 0 0 -14.914223663036992 29.665708811674612 -145.57361760320003 115.09564059811737 27.438847727727634 49.71144797099638 -15.232807802284468 115.01576107252946 2.2450545722841055 106.19930698048199 73.89474547302025 -13.644873772866498 -102.10161783448451 167.33932618492014 13.887589668904395 -29.68928013985702 -14.021596442534003 0.6883110260045929 -14.885307181027834 -125.45012825420467 73.67374452598395 2.9766381024186623 105.203560811446 -53.58755848620321 -17.60512798279625 22.376842685598483 105.11961065184519 -55.520824724433965 -54.25594652309539 -28.517224300402134
901 12614 0 0 0 -13.329522979789335 30.33341482862196 -146.38799208844753 114.27490696586287 26.923043406125846 48.916998043676344 -14.602760248980829 115.74975965145543 2.2873289856071293 105.0393889900008 74.23220747487447 -13.145645829751054 -103.80982225734861 167.52407814482098 13.849470738745055 -32.20795078511907 -14.071650281319384 0.428630878912157 -13.791899655822165 -125.76263271470162 72.03442755832319 2.3618067323720275 105.10841851731456 -53.984070042401584 -18.887460330847414 22.806556641669054 105.0458221990613 -56.80497545327976 -53.60372379178517 -29.6742567885563
1001 14014 0 0 0 -13.284074735039539 30.399481080372507 -146.27520214202318 114.37408399307417 26.979125733359677 48.96336322370421 -14.65170575072294 115.71045776925278 2.3287635533329407 105.09098351053026 74.11528005945942 -12.926221494681299 -104.86178491805002 167.35138569057216 13.85845292028402 -32.26602589258746 -14.119719764237717 0.4451891166531193 -13.668721988908805 -125.7217005083482 71.88899563201646 2.509229738004237 105.05442295422591 -53.93158717640219 -18.910051070569725 22.873323285391795 105.03873015897538 -56.939154544167614 -53.68200930731466 -29.71775697404067
1101 15414 0 0 0 -13.294349224757967 30.397640230531874 -146.2878206907837 114.3637607144415 26.975002160714084 48.95356588635908 -14.647274032809493 115.6985600384372 2.356526163414639 105.05136514015254 74.11039275490951 -12.942512755637026 -105.04340788140814 167.36372432049933 13.863499296964099 -32.286331046706444 -14.118790551943803 0.47209871087560634 -13.6449339421884 -125.72534371785392 71.89062633034433 2.5171392112357034 105.04983656813017 -53.93200972920634 -18.896549711284543 22.87350300630342 105.05103437518652 -56.958795391160756 -53.67555216630249 -29.703227679329796
1201 16814 0 0 0 -13.295141388516113 30.397728814309428 -146.2864015215147 114.36382267949942 26.975096511163827 48.95314275652074 -14.648440403704656 115.69802631456163 2.354775062469071 105.05001820622923 74.10975721501183 -12.942514955419483 -105.04995446707785 167.3624448266697 13.864132089274959 -32.2850486374255 -14.1178488767469 0.47178244079513376 -13.647393677677874 -125.72705694576716 71.88992793274431 2.5180492473000315 105.04995013737152 -53.93146646686591 -18.896928955779853 22.87380532835359 105.05000309898075 -56.96081179771582 -53.67686743828241 -29.70286638217453
1301 18214 0 0 0 -13.295150149370995 30.397760616962785 -146.28637838587636 114.36379452134359 26.975082528200574 48.953127491021526 -14.648425287131678 115.69805626849575 2.354718018882853 105.0499994887425 74.10976436390457 -12.94252503705093 -105.05000016978259 167.3624343038412 13.86416024933391 -32.2850927962369 -14.117834823749911 0.4717450241202101 -13.647433331000723 -125.72710758235311 71.88989678286104 2.5180302599042035 105.05000014446078 -53.931530051601506 -18.896970101433812 22.873819673830205 105.0499991222546 -56.96089009171672 -53.6768749701509 -29.70286649080982
1350 18900 0 0 0 -13.295151144683894 30.39776138138403 -146.28637772987227 114.36379320864083 26.975082591730725 48.953127596557714 -14.648426020465642 115.69805607333245 2.3547178974723826 105.04999947474523 74.10976432769132 -12.94252527146336 -105.04999938442397 167.3624345920278 13.864161026512063 -32.28509270446684 -14.11783502053064 0.4717447364526477 -13.647433652079092 -125.72710635123421 71.88989627871042 2.518029847408456 105.05000022603639 -53.93153013088106 -18.896970864600412 22.8738185498977 105.05000003514098 -56.960890883221744 -53.67687461589295 -29.70286572402288
