% # columns="iter, evals, sigma, 0, fitness, xbest" seed=49, Sun Jul  5 19:47:36 2020, <python>{}</python>
1 14 46.84862096669492 0 63305.6835382187 27.117557102400607 47.52410250695753 -80.85592600789913 82.73737790039205 19.498707346488228 52.79518341745322 18.9214398188041 99.59682144745108 47.840843794489516 -61.57261620375986 54.07509548015127 70.6401278661675 11.186292214854427 44.443318516392154 48.19458591568426 -68.1523501710607 8.900214719399296 -28.16222730350529 36.59695663383282 80.6166209141931 -13.989883865933518 18.000576757441404 97.58325100257309 -25.240987298304514 51.60952297842469 0.9586957516801624 -22.29224362118708 -4.370699249895617 -11.835909616234948 -66.9111304253061
2 28 44.50785057504267 0 50188.402837991 -34.418512094343356 28.039722604030285 -32.16791788950065 62.962176148710185 -29.602729842051712 2.1911757604814746 62.849801267493504 1.2241242839409665 22.63491200494439 -21.427613472010243 71.01508351392987 -40.33146889066432 -75.70158765407298 38.44115295583403 16.306632730140933 31.091626291601386 68.20777661205429 38.840932754893856 71.14247746396315 61.58372439849282 -1.2233312325541554 30.498411531443008 38.431655053272344 33.19628307090096 46.6209244160384 -60.55784002154221 58.00575220554097 -22.5864002299215 27.526140931938222 -59.28351581318843
3 42 43.66424002125294 0 37373.493913363556 74.3987805537715 -20.071283613102224 -26.742468129117157 89.68576733773088 36.42842540160521 48.0097163905558 -0.5878249163618925 45.89201765650307 50.46069082604289 -99.76566582452864 39.53890791764122 -77.98645877683248 -85.23973757945353 13.186317778658227 27.539789971105037 -32.27772128645918 35.96724599334851 -58.104252027638786 -43.49525628569963 -95.04957594018082 47.14007180045017 -3.1609385125770046 98.65026718347907 -52.27696639312833 -53.164038696650096 3.027076299235471 62.97027283810324 -99.66366545877932 52.944283029931654 -27.483914685451147
101 1414 3.499227481320668 0 522.9428020852165 -28.761533690460112 63.13224461633406 -86.27213376243733 99.79340599856684 34.530014091312005 51.341179065614945 -67.98677048256481 90.38426654725959 -53.56167496497096 99.97812271933715 50.5696902848752 -60.10651659919962 -99.88788440569357 99.99610896134189 21.885662979013308 -5.533628625703856 23.83864573431587 43.119906783385716 -22.237132212626907 -67.97603770157284 75.89460038250719 -6.181559202804663 97.80336856671913 -6.51364656896847 16.995096639982652 19.063120610248475 99.97609915790859 -21.716215419179075 -9.818551822998705 -32.13078647574057
201 2814 0.9340192999048448 0 492.36735824264633 -39.5046750465612 45.85081818766574 -79.66523760672413 98.0921533102019 18.907554318343237 62.258838625952926 -65.82552593952516 94.02513414189272 -50.62516142113037 99.68211449892932 47.58802415064993 -55.999643689047915 -99.99764032378536 99.85984421608616 21.021931754493238 -12.225863760229142 16.176337180602715 30.73110968125086 -25.099082548523487 -65.12870890021495 82.45479843904994 -5.109271432093951 99.81085223737115 -29.55028000303144 -12.32415802705039 19.68107373066483 99.99974791909084 -51.969470751691496 -29.09353917251056 -43.78445831552773
301 4214 0.5064092019238067 0 488.4205127262003 -40.24079481633834 38.618427626780885 -70.61512596962328 98.07707048137374 26.045182125022432 61.52164860820153 -67.41324772309011 86.75662750306853 -51.23567977438621 99.98772872536654 45.64188177829764 -42.58334038895912 -99.99584142621532 84.4371526377733 23.11898338075978 -13.720439873715861 14.472965690833497 25.985094856333085 -24.741576797968573 -66.62300731946013 83.04420627754934 -4.4607094607717555 99.98590737002151 -36.64505849082218 -15.67779626182309 20.699049814222654 99.99577551019499 -60.33569743449323 -36.36479631708399 -39.3033382861001
401 5614 0.3100126422629554 0 486.6166932693536 -38.121071072822126 34.12006623809781 -63.64810747474934 91.66069052508342 22.578276325181285 58.75511133858932 -69.82227017617451 86.96891040270475 -44.1025311584579 99.97887717680041 45.6179723732778 -33.814529043436096 -99.99534459822043 72.42836296822568 24.552724685254447 -17.44132040718494 6.492010518300243 25.840069485047565 -20.35469381210921 -73.15125091994744 78.3784169845749 -5.161194848098063 99.99723860467026 -39.35412634967343 -18.384852691737805 19.594513913039478 99.99506567484407 -57.49178496792898 -41.07483453164006 -29.481494757804708
501 7014 0.32216107911744407 0 485.23955287188517 -34.6005941325503 31.884651530084138 -63.885336732538775 88.57728056309207 18.973505415715966 53.85224083373745 -67.62091831186027 89.3134481149078 -34.36693680891111 92.76997663101847 46.15147582545648 -28.784546936198637 -99.99579244728841 64.9635171034918 30.797477437216152 -16.090047539933455 -2.2203530252555934 19.376058162537646 -19.3372333784573 -74.110463171308 73.75167965909776 -4.941301057573747 99.99752371421961 -42.16989124053536 -18.456416893273065 23.882788329935263 99.99997875143562 -58.012018510542475 -42.26647697748148 -23.845315081970057
601 8414 0.252330022878688 0 483.77191737694574 -26.674382457179938 31.0892312816449 -63.5127550354853 89.36761408084598 17.671764335009854 50.241345157453246 -53.75594607403088 95.32841022802175 -22.09841759510616 90.19199640323612 45.73703538104049 -25.014737672642358 -99.99873280173689 56.83565455846909 38.32019250207137 -17.16304472988554 -9.244808590709308 12.788345432677712 -17.59026919201578 -77.12361908371034 68.85770761366746 -4.951833206796585 99.99828937139965 -47.98141711682723 -19.19129187476886 24.78937735297064 99.99726913980881 -58.54854162417096 -43.69947395284916 -23.77442757538775
701 9814 0.21872594627243835 0 483.18102688669876 -22.63500553783548 31.310251129107716 -63.80931817560938 89.36273899035399 16.803600525205354 49.274975585549456 -41.57514643731715 98.50942690908835 -16.242078355407077 94.06859456028886 49.187420442373316 -24.710478705396206 -99.99600437218925 54.661331693946295 35.51743557393461 -16.787870410049724 -10.707301219917584 7.539018730047532 -17.05156653132184 -77.97700934858304 66.90309676536637 -3.997310111159838 99.99987359960029 -49.98042697166029 -19.557230959314587 25.121249552981986 99.99933195298651 -57.61249933644671 -46.56503955188023 -24.478608939334627
801 11214 0.9331082791594738 0 459.9157991172241 -14.689401092782123 29.683029608973357 -64.45231938961021 94.46106779855191 26.927663288798616 49.45081638476535 -15.88231117796293 95.04925772065457 1.523930574054584 99.84724903385475 74.16040325087187 -14.156624144069484 -99.8001205100798 42.66878698140761 14.00615642045574 -30.009626434947183 -13.75433875903907 0.7815094920861185 -14.622106866405863 -84.96892888742696 74.11345040524874 2.47010241530701 99.99975181728266 -53.52919128203676 -17.573196025744465 22.11198506516612 99.99993722853151 -55.1821463392311 -53.7639760383882 -28.056786909680966
901 12614 0.10886430113433788 0 458.5820070224442 -13.333174917069949 30.32953758626184 -63.71111945190543 95.82028707496711 26.903209933201776 48.90222711639483 -14.573424224359979 94.32730470134149 2.301198143861226 99.9999929272253 74.27892915942458 -13.146017143091449 -99.93230113890232 42.522955797855474 13.764687285079866 -32.273687744442526 -14.04592614953171 0.5193194415182767 -13.769083909919894 -84.36790618015607 72.09982285360988 2.3606431008881956 99.99983851878197 -54.01061325793454 -18.834036494222076 22.821501852162832 99.99997477656511 -56.7467524409052 -53.62062976168422 -29.67002804869327
1001 14014 0.027640037230317285 0 458.56228928961457 -13.281805459055036 30.39653066495125 -63.827862174234525 95.69381245050909 26.97249852240988 48.97019309305965 -14.654676127583121 94.37811026349436 2.320206982538099 99.99993680941148 74.11904086845446 -12.918683528166682 -99.99825304386202 42.750131292964056 13.856268384869736 -32.26452683269711 -14.12715211537883 0.44675050814249107 -13.655011189501684 -84.38889646215905 71.89991630128164 2.504342364744773 99.99999876579295 -53.92538000997377 -18.90051855839107 22.86999817677079 99.99999513733219 -56.93185457679257 -53.67272288556334 -29.725823630207785
1101 15414 0.0016548034511349968 0 458.56155948595256 -13.293500743395311 30.397221132864885 -63.81152220466538 95.70576307665586 26.974866918972975 48.95321049330867 -14.646679381900247 94.40142012521983 2.35731300274025 99.99999999770418 74.110067226023 -12.942158906496473 -99.99999735834236 42.73554480607473 13.864029874361858 -32.28814293450574 -14.119055060350744 0.47167197456571264 -13.644771427984455 -84.37522159221633 71.8904272718725 2.5176134303793622 99.99999998338986 -53.93221458613403 -18.89573207404648 22.87334667640515 99.99999991550376 -56.95953155607447 -53.67568263005113 -29.703342204071085
1201 16814 6.676999368542749e-05 0 458.5615573041709 -13.295172931770203 30.397753006179794 -63.8136225454586 95.70557529727665 26.975098287097676 48.95313005220339 -14.648476560739608 94.40198034003726 2.354731667552634 100.0 74.1097394860809 -12.942516821310315 -99.99999999964315 42.73757101097178 13.864146613511178 -32.28502654481829 -14.117836513370646 0.4717722441619389 -13.647400015238848 -84.37294494762912 71.88993871100092 2.5180453700336725 99.99999999986186 -53.931457713619935 -18.89695926775483 22.873781573958688 99.99999999998671 -56.96083094113451 -53.67687713916221 -29.702850416589595
1301 18214 1.9337361856850617e-06 0 458.5615573023864 -13.295149652910268 30.397760424947453 -63.8136210866933 95.70560509536546 26.97508244932301 48.95312696056753 -14.648424975892452 94.40194390224778 2.354718257127715 99.9999999999999 74.10976498777885 -12.942523941330844 -99.99999999999974 42.737565406298614 13.864160087950916 -32.28509270556886 -14.117834888750949 0.47174536965181685 -13.647432371336745 -84.37289238414881 71.88989659497179 2.51802958873066 99.99999999999999 -53.931529272636254 -18.896969541569643 22.873819820436236 99.99999999999994 -56.960889637590746 -53.67687495170236 -29.702866201520354
1350 18900 4.098509409235585e-07 0 458.56155730238527 -13.29515120693604 30.397761432638855 -63.81362241259964 95.70560672738173 26.97508267122599 48.95312769128646 -14.648426098321165 94.40194409169243 2.35471803470092 99.99999999999999 74.10976443865053 -12.942525320082911 -99.99999999999999 42.73756536274473 13.864161126983808 -32.28509245790556 -14.117835074980428 0.47174479504406525 -13.647433595988652 -84.37289352006388 71.88989626745828 2.518029702414793 100.0 -53.931529866571694 -18.896970737622755 22.87381868320443 100.0 -56.96089098885504 -53.67687470693785 -29.70286567046345
