% # columns="iteration, evaluation, sigma, max axis length,  min axis length, all principle axes lengths  (sorted square roots of eigenvalues of C)", seed=715190, Thu Jul  2 11:11:10 2020
1 14 46.34426895191186 1.0000483345014077 1.0 1.0 1.0000016666680556 1.000003333338889 1.0000050000125 1.000006666688889 1.0000083333680556 1.00001000005 1.0000116667347225 1.0000133334222225 1.0000150001125006 1.0000166668055563 1.00001833350139 1.0000200002000015 1.0000216669013906 1.0000233336055577 1.0000250003125026 1.0000266670222253 1.000028333734726 1.0000300004500045 1.000031667168061 1.0000333338888951 1.0000350006125072 1.0000366673388972 1.000038334068065 1.0000400008000108 1.0000416675347343 1.000043334272236 1.0000450010125153 1.0000466677555726 1.0000483345014077
2 28 45.58470177889893 1.0224384438271463 0.9663626981564499 0.9663626981564499 0.972701585395319 0.9797312062141245 0.9897843952711917 0.9921091703801027 0.9936941294117768 0.9982556498261844 1.000005969616667 1.0000097097207323 1.0000101715077945 1.0000144645657856 1.0000190624653447 1.0000226269546404 1.0000239537028803 1.0000247153162414 1.0000260987556795 1.00002733233946 1.0000281559498954 1.000032170208559 1.000033754528709 1.0000380079705322 1.0000408890009296 1.0000424657991995 1.0002851234239285 1.0017890942297265 1.0037191804008514 1.0061951923678023 1.0071215964740516 1.0170016790962468 1.0224384438271463
3 42 45.00009699761615 1.0519568734905815 0.9508951495223331 0.9508951495223331 0.9663357464496894 0.9743125801373816 0.9799384271450945 0.9832015827367659 0.9849320909507588 0.9902234637119169 0.991103068990478 0.9943660437240619 0.9959223303324082 0.9965547065167272 0.9990715477815557 0.9994937069501855 0.9996353064176697 1.0000235647819862 1.0000289046545412 1.0000495383631054 1.000086876237228 1.0002210608593194 1.0009055743348263 1.0018498122254136 1.0024333101583742 1.0032280983072726 1.0047027898243726 1.007095349677632 1.009681484809756 1.0133561963197717 1.0191694226555672 1.0197364700157476 1.0519568734905815
101 1414 4.343014181108643 1.2623060539495705 0.72895586824573 0.72895586824573 0.7522286793718072 0.7622176702547996 0.7722847863318986 0.7882819297673015 0.7943867070842718 0.8081104732903204 0.8170043846736186 0.8538774310641664 0.8553255362294031 0.8645836737761468 0.8752470829585555 0.882753129421105 0.906642359002673 0.9123779837175338 0.9215964313370234 0.9431889042725029 0.9540459107805314 0.9666934357308975 0.9760088812302643 0.9923573805158713 1.0029531519035946 1.0249453026634667 1.0393612011695719 1.0638259441722129 1.0887484747645204 1.0994539133125556 1.128978537383014 1.1431982612547698 1.2623060539495705
201 2814 0.2777123988527534 1.2825412947094874 0.6075952528053629 0.6075952528053629 0.6459445707786037 0.6571471029798762 0.6597096773175933 0.6866740047193256 0.7036552605636383 0.7130605640544846 0.7233653424193606 0.7365441428084059 0.7460623709652756 0.7606421385519015 0.7786772427652092 0.7990540824748276 0.808008925107275 0.8451961062933459 0.8522845897558302 0.8708847272704863 0.8776401139117576 0.8858556881237855 0.9139019921466206 0.9438618297616433 0.9590005580964654 0.9860460960760098 1.013472847974814 1.023745963271465 1.0559481345819948 1.0681387469279422 1.0781512373207012 1.1190587222514394 1.2825412947094874
301 4214 0.018641462603042253 1.1711374663986858 0.5145674582109265 0.5145674582109265 0.5500863123354638 0.569524774420627 0.5912335653550466 0.6048699660109244 0.6097031931823159 0.6158901968516849 0.6378525290147582 0.6541178262319226 0.6715090710040602 0.6927033867644157 0.7078185526102989 0.716853541831873 0.7448464161492929 0.7516252218974175 0.7796210744718369 0.8007741042259758 0.813362601460021 0.8165864499182077 0.8281676754837758 0.8661498354454747 0.8779696262680449 0.9211705291563629 0.9247798318380018 0.9466027838886458 0.9538722196594795 0.9887115595797126 1.040258727151712 1.1295845194544383 1.1711374663986858
401 5614 0.0008930659266240448 1.2833299742221878 0.44010084723865966 0.44010084723865966 0.45983974242160786 0.48060622424720584 0.5124708522764945 0.5351393112919597 0.5460869209626902 0.5535189096977704 0.5751967183342167 0.5923331272667356 0.6017937321523149 0.6171625728270876 0.6384245541396525 0.6629137618471671 0.6746694923806619 0.6922980680171612 0.703675285504923 0.7098297405754828 0.7388383405221393 0.764796616952627 0.7705269336229595 0.7800195104515635 0.8066303959080707 0.8183926476921971 0.841787755790676 0.8663499449514669 0.8719294227487072 0.900313470416486 0.93990517073508 1.0014752455390652 1.2833299742221878
501 7014 4.274692505150902e-05 1.3383993745337595 0.365698450900928 0.365698450900928 0.4023226879206288 0.42507208229489246 0.45512879436153253 0.4607373681402976 0.48525226381731307 0.5004378628040506 0.5361345599816666 0.5408062228737314 0.5535483042526307 0.5628521934333445 0.5839102702051059 0.5922781592557417 0.6035111989365006 0.6129305788402268 0.6349385393821311 0.6367037779230781 0.6579937977508228 0.6855530343335212 0.6956282995558913 0.702848380029509 0.7372442200925521 0.7432263061836207 0.7497195025071375 0.7690358008443111 0.7934435710417411 0.8304923215421894 0.8439938513341262 0.8608015394115426 1.3383993745337595
601 8414 1.2316530980355956e-06 1.3591274005600895 0.31674725832946043 0.31674725832946043 0.3435409623865064 0.34729272244807996 0.38749043924084553 0.4105207406275864 0.43097934769660545 0.4366600969077231 0.46444276545548707 0.47344705214861826 0.48652325601272806 0.5161355257281277 0.5215420202758416 0.5260702695862675 0.5505000099808712 0.558510590917617 0.5731737648722245 0.5827378449272532 0.6067388863036929 0.6123475721105123 0.6367677140393709 0.6393464582021572 0.6549442221782801 0.6647332638223399 0.6805610177354013 0.6992793837056941 0.722573513424801 0.7463863510687159 0.7637322860926483 0.7969406393328275 1.3591274005600895
672 9408 1.0910401820336923e-07 1.274140871894584 0.29594199272185134 0.29594199272185134 0.30753754090655033 0.3183311708765449 0.34820616673405647 0.3571651912084731 0.38636807999088646 0.40033910152089786 0.4317060720152622 0.446487937437078 0.4585964792905941 0.46710624273692186 0.4839874946989126 0.4983682517027937 0.5104841322531432 0.5170439956252654 0.5292047175383815 0.5518774452517083 0.5632816701578207 0.584321561910553 0.5905777070676295 0.6030583835453944 0.6139133586568614 0.62248017062807 0.6340924955204541 0.6555740498623784 0.6652722925956268 0.6977998318899896 0.7295959618301482 0.8070489055421114 1.274140871894584
