% # columns="iter, evals, sigma, 0, fitness, xbest" seed=40, Mon Jul  6 00:59:30 2020, <python>{}</python>
1 14 47.0082681608456 0 12014.415953421027 41.83246207437368 -38.054876370037114 17.344287057580694 -22.873290501803744 50.388948123156375 -72.68996773345138 -86.27494479494976 -15.176382726769699 -76.56350075620087 44.30899074513949 -0.07920289182766808 -50.94528944342584 32.213642593423096 -14.714385611977518 72.40726500419115 7.67827662784397 -0.7416378864275669 74.5509740788718 20.57174763494344 -41.093291163205414 6.187579385591986 -83.20944714084739 79.60072107953316 96.45240751722547 -11.679693061539485 -6.343682140305239 43.73430523220705 5.175230772127285 47.161556831681004 9.757340858296782
2 28 45.66235768732403 0 6889.016114928927 72.9823905275388 -85.82586000051634 11.592378265084058 -4.308856237910324 24.157395938403916 -6.034051654760077 -51.08860556295291 -79.03075076208984 -53.65243499748701 15.788505320146445 57.91823647861708 -66.37572233671963 55.48635985137499 -79.08137326627264 -90.36605377302712 45.50729791190155 8.607491147332317 -51.208220608509905 -47.5880237424553 -99.94357589512626 -36.2183477306412 18.661865188035414 63.45751903349846 39.019247071797665 6.999014646754996 7.76642693643043 94.49811981974361 -25.07944184726207 -55.512339251787054 -83.37354240581858
3 42 45.66982081931744 0 5774.626801302732 44.11826960592737 -92.43649079829981 -4.583089904552276 -46.40270561423841 -15.278030526413858 -92.1545203424844 -99.9623268510387 -82.741232131212 -98.37284561130718 69.08476589067755 0.06427369944859507 -35.79459433462072 -59.93602711924383 -96.96189786093888 -27.80478576144379 -11.374765567939399 11.62283810842561 7.94517918652225 -99.37092785322079 -56.86733918377254 -54.70302522197839 12.787798485113097 86.17909641538989 75.58775812686704 39.40185021645451 11.067035395180664 97.17698980849761 -27.579954629942513 20.48492096252014 20.926500483151564
101 1414 19.740643714002875 0 4776.020840935934 58.34478588510309 -18.907281018408156 98.56271195474744 -20.80444982650991 60.79534862661221 -48.47057226616627 -21.949779593331215 64.46864599342453 15.647247812544864 46.55435378796655 -94.87409249398566 30.901417870050132 -58.00215366752036 -67.50542080934201 13.645249427844082 41.34304353620047 99.47525504666251 8.596436738663247 46.49887103751813 -84.40767499701452 -99.60270744261989 -74.94287145703976 68.38725811480785 43.77215316115996 16.785062134939736 24.27678848902903 42.71911607241627 -39.05698471973449 -14.064289881534052 77.48533134561633
201 2814 13.363877221720992 0 4132.957681338377 42.93175247717075 -57.6533185805365 83.09651476301514 41.495075103078705 73.81894710067647 -33.76006896280237 -28.29108286687992 -99.79065458250801 35.11624441137761 69.15626592503182 -94.51061404708739 59.06437864898746 -19.758493108163343 -92.72847216945895 -22.535850746481003 57.02987916574905 56.396893576135625 2.36382392330814 -35.11837894861838 -34.66288303727248 -97.82443957729673 -79.08630075586635 73.78700079662752 53.195604545675565 -25.554896182255938 20.48457206301336 78.4131773661419 -62.68261799554544 60.69806434914386 34.653746009280766
301 4214 5.465527758965632 0 3345.58957802852 47.097932010353325 -83.19826263639206 -3.4852219982510633 -1.6324942937058324 60.976624162937654 -62.958698729092625 -28.479873986773413 -89.50395228731617 17.286117916347223 96.43943953587751 -79.28894315765746 74.60309207155927 -5.601793428502271 -90.3458941454684 -9.481155574708547 59.333570496457014 3.6145696840040102 9.231336028076335 -46.25060802144264 -82.46556283081989 -97.31856168072184 -77.85792813047553 98.77233503195441 29.664255494078247 -34.87310463008811 26.575350445789326 98.94863782653134 -66.27936792960725 34.79842375627402 25.274088735923385
401 5614 1.1997746993800684 0 2483.6873644553366 37.18376863252752 -76.43219177301546 23.450088155123638 14.82317489700094 62.17502964270019 -52.712583973868774 -20.212266597301408 -99.82925613022068 23.992772864199964 97.47945872682952 -78.25502669402597 76.45792933169474 -26.47302104500129 -98.33021503405836 -9.138354321413193 75.74985794398606 20.58789670738605 8.491577751716811 -38.39717857934097 -73.52911455522855 -99.9956326134533 -83.940687089213 99.8143743204918 37.2014643390915 -43.08329227499942 14.18765002181695 85.62369306480136 -58.21610155150299 54.363887899590964 36.94001012421461
501 7014 0.3079902430560387 0 2354.8758543280037 37.98523143239758 -80.95846716152349 27.431954534923108 15.633168454567567 55.30647594148485 -53.33638077084685 -18.290017935857435 -99.54235574374346 23.986739027371556 97.35008288821405 -78.77428772927271 75.70458441942282 -24.358465704899935 -92.56999587186993 -8.309375373356675 76.0830422323439 21.082549774532424 9.900621964175448 -38.490391603427256 -72.5196402435397 -99.72849234247099 -83.3564410903481 99.59266774558971 34.52823959130649 -46.85199285446023 14.607060267566169 79.98171885125655 -56.745310380256484 52.491760150651146 39.54904016758172
601 8414 0.3970637685609006 0 2266.2228298524424 30.54521253333729 -95.61540253426166 44.79738283643232 15.970953694587195 28.48461264090907 -56.09576410952865 -4.417586756416483 -99.7272684161496 23.908106524404673 97.24083278370793 -78.78331188258642 75.9664786267177 -17.72112442856339 -78.40118540052055 -8.389839155915325 63.63965401643836 20.932166379104387 13.089855827189615 -38.384155011788145 -66.29168549459243 -99.82875651204127 -83.27143702336569 99.89616892606529 22.389628369781377 -53.81167024295458 14.563887520129668 53.7501373197245 -43.453694335119906 54.526598911622955 43.60429479328542
701 9814 0.4913778788888785 0 2214.8752348143335 37.43799518911827 -85.40102510545651 67.53798623170874 15.734562985783128 21.790962682617025 -58.48050925039661 3.791956613244764 -96.44059314853365 23.86459225546838 87.27445937470745 -78.7461308371642 75.70649137586744 -11.226679744624748 -75.70918999471064 -8.175372618064086 40.541541736853645 20.938011171162827 11.520134732718263 -38.09968232973747 -64.16655547697309 -99.33306596207177 -83.21321313126995 99.73234362979763 29.91594022572673 -34.31975172124367 14.773402127794554 44.93225916691964 -40.40000093545967 58.28560477336907 44.547134943779895
801 11214 0.301641639877594 0 2190.3271305301305 38.88045447804511 -65.96987531434517 86.20011443411511 15.694676411229551 20.553078564676994 -62.13255929588294 10.566475327358745 -84.66865370599962 23.98521238517654 70.14850859282332 -78.82142206368077 75.82950572596494 -9.771922615134885 -77.03288310730301 -8.136780627033392 10.378608477882267 21.031071047238157 16.098400296952327 -38.35697439221438 -63.66042525287142 -99.4554794483953 -83.34732747015453 99.92782133377894 40.772774507994114 -13.311849502335866 14.699366305108498 37.5380073819521 -43.55526786879372 62.39481928466233 38.61808075378724
901 12614 0.2908502573407355 0 2184.2457849660723 34.751845881396925 -62.32691671791113 81.8958913243541 15.704314306731845 21.710266681701327 -63.44645139240486 16.582385088752517 -76.71347692093016 23.86397762860176 57.97901853119008 -78.81390041856652 75.71254347867045 -9.390898543123363 -75.31554359306244 -8.284457117223177 -3.4139424169155177 21.088255967880656 21.29238533892703 -38.3115456091405 -63.72797220110391 -99.87636929503256 -83.28701214057044 99.99528272600428 40.829230419801235 -4.80483598839866 14.639545692430005 36.38790862305063 -46.17929743191496 62.73061621657695 40.64447415064123
1001 14014 0.0670715526511009 0 2183.5617852830565 34.45493556177282 -64.09637080676112 82.81205591561616 15.740329378181258 21.675298232247474 -62.89902780128085 17.232856852743794 -79.22844183690282 23.865248143599445 59.60212150228908 -78.77489134938543 75.71194840346661 -8.467999086513323 -75.72737584892442 -8.213358571185276 -1.3286752845084777 21.033392602769226 20.420351526447206 -38.36988856688662 -65.18764060751855 -99.80907265125207 -83.35261664466303 99.99824870580477 40.13042087853975 -5.160301498095803 14.680310297821563 37.390714723276005 -46.71394320358479 61.8200732314416 41.50127923048481
1101 15414 0.03290868819002678 0 2183.5088536979147 34.27048245931462 -64.45635244730306 82.10180724147693 15.76299504624285 21.56940820981276 -62.80449315665935 16.953120575126178 -79.3045303642219 23.84670856163976 59.77143843812917 -78.77729608953727 75.73392069873796 -8.759693960746453 -75.6713796870122 -8.197797545955904 -0.4408554064775956 21.003011290754245 20.32611046354087 -38.35655695460037 -65.15432797305894 -99.83978698178251 -83.34120660132909 99.99948290888358 39.84471592791198 -5.548459937444208 14.698012604588058 37.422175414064725 -46.74057558147916 61.63468694700549 41.38852198339595
1201 16814 0.014824845141150036 0 2183.451455173032 34.34972650347562 -64.32153898192509 81.89274599112736 15.75445736200868 21.779187299862375 -62.700700090981464 16.745487191915686 -79.54779756893336 23.87234284121206 59.735916202082926 -78.7776874223306 75.72567232465096 -8.683282692048227 -75.76071426631762 -8.206961732715316 -0.28323512193239253 21.00762389454789 20.3041580473955 -38.36396899906255 -65.25763301474848 -99.85029656877816 -83.33596765409959 99.99860205870553 39.92138606238677 -5.308929993071164 14.673889393485268 37.67877780576652 -46.90036926979178 61.68621239523162 41.33286512217094
1301 18214 0.014260136808391295 0 2183.4504620339376 34.38151999484122 -64.31703356689903 81.82356443255765 15.74586686985296 21.733843824622234 -62.65812646254202 16.68080527100659 -79.62964198562187 23.867944941365806 59.718968569986565 -78.77475763117233 75.73593613278044 -8.707384402623198 -75.68381199328229 -8.216556386257857 -0.21848410061537038 21.010728542675537 20.283764807688257 -38.35435455061831 -65.29418801874499 -99.85564363502175 -83.34503418559453 99.99843444429894 39.816238232539376 -5.276304723575706 14.673857588117755 37.823394854673346 -46.91515700912527 61.68143240530452 41.488162943939074
1401 19614 0.012109237832476555 0 2183.429265102606 34.4491026613292 -64.26107470477874 81.81173771636008 15.755450251485144 21.812432877632226 -62.71586838996949 16.63780952632419 -79.62749756392711 23.86826972371253 59.68743548169234 -78.77246341598229 75.73270909031959 -8.664972642168438 -75.73347613843868 -8.214016456992546 -0.2859767294542621 21.01923839628236 20.319263308515307 -38.36014751035273 -65.29966096806271 -99.87229933115466 -83.3417779700756 99.99858384574539 39.88864797957939 -5.247655733625759 14.674365613714514 37.81367658204227 -46.92955218666961 61.767853230294634 41.56074954096175
1501 21014 0.01205918465933632 0 2183.4242806136476 34.495346939964705 -64.24102152196198 81.73279552025522 15.753523967869285 21.89361543516872 -62.67649056393346 16.523504404585026 -79.84365521716936 23.87166047557568 59.706733557071544 -78.77447722428643 75.73281876308678 -8.647600958693571 -75.83593449365168 -8.211110546849964 -0.2880010292217321 21.015923227603395 20.190930049401963 -38.36414155788103 -65.33005035049251 -99.88997915821899 -83.33629262533793 99.99734694887547 39.9918937862561 -5.1306902552165905 14.680505912924929 37.89484972766962 -46.945810266019464 61.85346357526112 41.62833821694781
1601 22414 0.008053565911973985 0 2183.418629222903 34.45965130811652 -64.15722055916146 81.71827067392215 15.748802550354213 21.88943803340752 -62.69330827541334 16.53113692577199 -79.7640125670246 23.873595007384324 59.67733036581843 -78.77328364268054 75.72500748834128 -8.728283622676928 -75.87613776682136 -8.209414627131375 -0.24311823470202398 21.02017668080299 20.220432176306552 -38.363473869908724 -65.28974613598226 -99.89814925037749 -83.33495928776915 99.99728798150919 39.96798231030144 -5.089518902327736 14.686464414638436 37.923721525985265 -46.92520866600114 61.89785531052593 41.652003755575265
1701 23814 0.004239857283567854 0 2183.417372848392 34.437361404125014 -64.15799113273954 81.70871354028176 15.746090611550898 21.915340296046068 -62.71959303743423 16.52919632238178 -79.7621928530987 23.87121020881088 59.663255001943746 -78.77131833355679 75.72619249854677 -8.700127185629123 -75.90254763699434 -8.210487458859447 -0.2351619754705041 21.022734406684265 20.242689955424474 -38.36205365334725 -65.30819458782241 -99.89947369762557 -83.33972618147853 99.99662679880821 39.961655095329206 -5.070336396648526 14.686034753509404 37.920909357810096 -46.93267608189052 61.91987928413255 41.66394456678117
1801 25214 0.002699109266235121 0 2183.4138668279793 34.41823762796666 -64.21174281613257 81.69017363356338 15.746920949543664 21.918432643401964 -62.71099767385297 16.50424748297044 -79.7936041847735 23.875258839950817 59.6582960827758 -78.76916000455205 75.7284395343861 -8.711650067111659 -75.91214216271658 -8.207103749543737 -0.25149889050018714 21.02081668797848 20.232184365607555 -38.36240190141374 -65.30885354091987 -99.90037766306486 -83.33507685227688 99.99706789635049 39.959606739828416 -5.081894863745488 14.685521043242261 37.929214685269756 -46.915607521118176 61.908118939026906 41.6306327070842
1901 26614 0.003247032588321055 0 2183.410140827546 34.422784845382814 -64.23347315292716 81.66970682005365 15.749334333941306 21.923573146269785 -62.707986587632334 16.49482911424917 -79.7737618586257 23.871675735139604 59.64864438145683 -78.77060857495418 75.72794018269457 -8.715798713847008 -75.90848754797517 -8.207914456312036 -0.24354224238624056 21.018694331958443 20.24208253556282 -38.362738437971466 -65.29404583008133 -99.90385332878165 -83.33456391936575 99.99776572035734 39.958108183020556 -5.071064423642625 14.683385201861114 37.91809636795886 -46.925497766279136 61.918883537253805 41.614078545024825
2001 28014 0.0019753986783301826 0 2183.4087564903075 34.42547179883052 -64.2419172673791 81.65672418960062 15.749152820840067 21.9404575099687 -62.71193387424268 16.477299961018787 -79.78318672449129 23.86893709886951 59.6566301565881 -78.77483035636652 75.72846397197301 -8.73973946365523 -75.92574494227205 -8.208205488216812 -0.2568093097585802 21.018462127631096 20.228357113370283 -38.360291029001374 -65.27265176391543 -99.90841517457719 -83.3365955554855 99.99836397646577 39.979671339550094 -5.077854281285748 14.684904836431713 37.90760369498633 -46.90644178223522 61.93557943602383 41.59590054439411
2101 29414 0.002488695669944227 0 2183.4059180085983 34.43397548876834 -64.25191867458628 81.65223381808542 15.749976605429282 21.943910598160805 -62.71920331426607 16.47852127955599 -79.78221695833761 23.86948080106481 59.63377586609406 -78.7752833008075 75.73005288914666 -8.73757058867485 -75.90934952212584 -8.211242734641125 -0.24566271934884298 21.01702844623597 20.245179047285824 -38.35978922539898 -65.27382870218486 -99.91181597620026 -83.33817667168037 99.99869685086718 39.96991231406682 -5.070814945306579 14.684057840380746 37.933104559226294 -46.919780413055406 61.93828638043283 41.57954895748841
2201 30814 0.0024630200248270963 0 2183.4027468212366 34.421561640151296 -64.27572110491903 81.63781382997578 15.75079050719026 21.937783041228425 -62.7087694156408 16.462080442522762 -79.78754082946071 23.869542308511484 59.64042424555011 -78.77514570217858 75.72885875378677 -8.735165493905452 -75.91892315810577 -8.209945799859712 -0.25504694200699873 21.0178606389168 20.240902861660263 -38.35969831331623 -65.25673810105613 -99.91712268025408 -83.33616122825772 99.99904357350836 39.97357068666264 -5.06494559307842 14.682261363528767 37.91696270350169 -46.90982003280962 61.97373641508557 41.567050611676336
2301 32214 0.004383929155300199 0 2183.397089374568 34.44452921987876 -64.26518358552447 81.63016097031132 15.749299499274429 21.946443775182605 -62.707543213496 16.447419708173186 -79.81449320349756 23.87097215272169 59.63258223346785 -78.77362688396089 75.73059373979271 -8.76356997641967 -75.94796563286462 -8.208655447901267 -0.2687036801548288 21.018475559027507 20.22878731201234 -38.358701734019 -65.22231502052063 -99.92932893985726 -83.338286112387 99.99956749386106 39.97678256092448 -5.044734853333742 14.686307148293992 37.91578576333221 -46.897802411428444 62.05254974056675 41.55430591477747
2401 33614 0.008830461401067243 0 2183.3848453936857 34.5071646034777 -64.21753165765759 81.59377691066015 15.745839983469551 21.895547469579625 -62.615249913998454 16.410639129666293 -79.8927989312638 23.87386466564371 59.63585870549209 -78.7778259395429 75.73147749468043 -8.813879976826966 -75.92009253888287 -8.21566573245269 -0.2648811807663378 21.02321649353624 20.234571090629164 -38.35844763270928 -65.13666744002663 -99.96148058931728 -83.33591154182575 99.99768971248079 39.90732021222729 -5.012809002511266 14.682650051843865 37.92461831747163 -46.936302173065684 62.3412739376584 41.5819872984473
2501 35014 0.00424229148823115 0 2183.3800763151858 34.54180383217199 -64.18648998790202 81.5923517549443 15.749192881140857 21.95417300934385 -62.62132935272834 16.41980935651148 -79.94329027685907 23.874705968478565 59.61017797441238 -78.77364425865747 75.73433879592707 -8.794632316084185 -75.98805754254863 -8.212781978854327 -0.2488732346261031 21.01965928782934 20.2341433705175 -38.35888768685583 -65.15380174217347 -99.97146845689689 -83.33667102989259 99.99774746795396 39.92011520683792 -5.01255643652005 14.683992923073475 37.947324257802514 -46.977792374448455 62.40950047627604 41.627448413428255
2601 36414 0.00481369550599842 0 2183.377494615805 34.576683239051555 -64.13971990856034 81.58505215999429 15.748348919491491 21.95691547737907 -62.59600970310056 16.414189546150936 -79.99939963588409 23.875681797806067 59.60434605263229 -78.77328096585056 75.7346336428709 -8.796613962315107 -76.02211220918758 -8.210303539887189 -0.2553477035908429 21.02128878897213 20.215213240615668 -38.35877372573291 -65.14677735551606 -99.98153759523609 -83.33802660936993 99.99626492471404 39.93024692743904 -5.0081589736059655 14.685924830940053 37.93419698725973 -46.97985882113997 62.52739024845948 41.680725392217965
2701 37814 0.0041918467295824135 0 2183.3735001627338 34.58111045847168 -64.08382437014777 81.58416577109534 15.748704061734202 21.978768913468 -62.57986857340248 16.420653201262468 -80.03450972252014 23.874384498230597 59.5933369932447 -78.77204458244918 75.73199582376844 -8.78929734047145 -76.04092665854 -8.208319452369722 -0.24984060281343545 21.02195294301589 20.203114583956456 -38.35820874400647 -65.16611218354168 -99.98675160873368 -83.33648616214462 99.99657371339859 39.92503606410469 -5.008225021636044 14.683281631688686 37.930237591866074 -46.991138222651756 62.64615858712011 41.809253723484346
2801 39214 0.006307767155386772 0 2183.3684373485066 34.55090973838604 -63.99130565977477 81.57799576586825 15.74847719292444 22.062057064195557 -62.58194802056711 16.41646462910151 -80.06491788668362 23.868898239844526 59.582680582776 -78.77498461185039 75.72862765540629 -8.75525783014878 -76.10051535735784 -8.209395066087621 -0.2548336652147043 21.026878038133958 20.2187347837725 -38.35957787590513 -65.1849402443793 -99.99273080053021 -83.3350878197451 99.99821971155556 39.910142625024235 -5.004183816885616 14.681840966183387 37.92431884655129 -46.994091256866085 62.82729922643972 41.945177090840446
2901 40614 0.00541434614410873 0 2183.365592265885 34.547239395883345 -63.93808169279936 81.57896265132885 15.74722252786978 22.118783483492326 -62.553753748088674 16.42168825797785 -80.11026717716439 23.871339186417458 59.573945294551834 -78.77419538053732 75.72844940532704 -8.699838567588085 -76.13660951539114 -8.21090014016108 -0.250581762578463 21.023623087856464 20.234330974077835 -38.36272983321293 -65.20619584557218 -99.99434023659471 -83.3342030982865 99.99918338663367 39.87342646720174 -5.002662804627657 14.681424974425738 37.925484684334606 -47.063239749107936 62.904943445461925 42.000536576295474
3001 42014 0.002518172745230331 0 2183.3639193552785 34.5242302779205 -63.9514606023139 81.58564251175187 15.746289044704355 22.111361738896317 -62.54389398403871 16.42246389664001 -80.13224226875784 23.871196559046894 59.56855895158508 -78.77336161402152 75.72744727831113 -8.68278956995233 -76.12925314294853 -8.209189644948689 -0.257114812684307 21.02354898203015 20.231318369758142 -38.361431328141116 -65.20258295043755 -99.99561913771514 -83.33649319488755 99.99960999846688 39.822317156322356 -4.996708374700607 14.68293293931066 37.93342801866794 -47.05318038510427 62.94187795335 42.0274894710642
3101 43414 0.003096883117064364 0 2183.3632047992796 34.52622305466766 -63.937005062048954 81.5832241680254 15.745613444372196 22.132540926445774 -62.5273036437388 16.425396076772017 -80.13699250225821 23.871379433082893 59.56490224216782 -78.77403392269412 75.72891034882423 -8.710269237723095 -76.1319539348836 -8.209389933021495 -0.25534885304904265 21.02168337100366 20.212349124189323 -38.360478363306605 -65.2079955074087 -99.99685725540752 -83.3367955734144 99.99956874600883 39.81229423710042 -5.0057904825995045 14.684386436427786 37.92636147404326 -47.05411632321943 62.99587185536927 42.06948840507968
3201 44814 0.0026325992163819868 0 2183.362509330885 34.50717369745536 -63.951405576912435 81.58640533990203 15.745494700244137 22.119167784722666 -62.512878218468934 16.42634288499991 -80.11786803309982 23.871028437773873 59.56535029794094 -78.77405013325463 75.72999081597135 -8.720994114116307 -76.0913502380464 -8.210089652642582 -0.25396658127900196 21.02121325391417 20.20405618484775 -38.36181921051915 -65.21202213065342 -99.99572175737359 -83.33651638371721 99.99972197970183 39.75855761052577 -4.9982708629427215 14.683336796763655 37.932176053178644 -47.0362494514315 62.99432555160388 42.06264686485349
3301 46214 0.0020015409641184908 0 2183.362001227039 34.49625893177481 -63.95073518915486 81.58647210668198 15.746375467730473 22.13858298060308 -62.50211690784948 16.42520120426329 -80.12270273407975 23.871747793161177 59.56348810978667 -78.77334848204664 75.73083856662745 -8.722594979828582 -76.09482372767556 -8.209818076792322 -0.25744455436222324 21.01978145629957 20.193142973366005 -38.362134910239064 -65.21947831263009 -99.99620380990535 -83.33663154433829 99.99983458038344 39.745962182483794 -4.998210658920293 14.682902573985928 37.93116881703491 -47.041203448442104 63.019735567219016 42.07629175642029
3401 47614 0.0007875739908874247 0 2183.3617092720015 34.50414176042908 -63.94100712139447 81.58640169490414 15.746396836626474 22.143258517139426 -62.49045348441938 16.42657741575823 -80.1246516837306 23.87251361394962 59.56191136928458 -78.7738990045357 75.73067418231304 -8.730779064420856 -76.08361716399247 -8.20907951451527 -0.25623637324665083 21.020384172539593 20.186567297984993 -38.36125970142319 -65.22309132272144 -99.99664083888761 -83.33643926969377 99.99980746813925 39.7307466519525 -4.997975496617431 14.68223459404183 37.929867327034394 -47.03988006593809 63.045699970650446 42.102518045985704
3501 49014 0.0007481215578201383 0 2183.361665664012 34.497667100409885 -63.94476379943817 81.58603471364884 15.746636596806866 22.14472591941833 -62.48984070284356 16.42570014973748 -80.1256637621631 23.87259287246752 59.562159362933265 -78.77384214961695 75.73033227655412 -8.73220565190357 -76.0855944633447 -8.208926045170024 -0.2567401017307134 21.020623948620965 20.1801325925338 -38.36064681242391 -65.22295064028995 -99.99667493805306 -83.33563453196979 99.99987250880382 39.72668518850625 -4.997646641468584 14.682274454486418 37.93049576551205 -47.038481028600415 63.047262779808534 42.099670950216904
3601 50414 0.0005343336135190494 0 2183.361531446002 34.495307219375746 -63.94420429537357 81.58633416536958 15.746790820568009 22.1494931697995 -62.48862071657094 16.426147142308736 -80.12432212613615 23.87281927411982 59.5615071588202 -78.77409984856924 75.73042705713908 -8.729690070361551 -76.08625234338808 -8.209250625591228 -0.2567338445717269 21.020597973938038 20.180523832437913 -38.36088955664016 -65.2235163148803 -99.9967130593178 -83.33538366590328 99.99991146170672 39.7203269270895 -4.997681150464425 14.68255392558325 37.93051460764822 -47.040916581129295 63.05029374160256 42.094409421687715
3701 51814 0.000808532994107507 0 2183.3614085290897 34.4919845864107 -63.94086958397749 81.58616984051463 15.747085390710708 22.15603892601495 -62.48393546458673 16.426090827861145 -80.12120619718107 23.87272046529921 59.560763239414534 -78.77426669038464 75.7309394115168 -8.738286493144098 -76.08649190135222 -8.209618503684343 -0.25696505647934487 21.020701475998123 20.17497705802248 -38.36088606950431 -65.22162589997205 -99.99711519344469 -83.33563878440238 99.9999235866449 39.71314189972355 -4.997651980934789 14.682656941820596 37.930476553795636 -47.041257866227625 63.06525149654061 42.095178176890386
3801 53214 0.0011842711012822068 0 2183.3611745112335 34.4941082757606 -63.94118920246666 81.5863156727819 15.747158544941641 22.16432798185497 -62.47738315911437 16.425986895802225 -80.11603159683105 23.872606475684876 59.55985507504574 -78.77435459737127 75.73117144653901 -8.731976010484193 -76.08684536307999 -8.209638159909144 -0.2573916656336621 21.020036275632805 20.169213823375998 -38.360614644107805 -65.21946614314498 -99.99774870515935 -83.33543180894333 99.99995688327829 39.695221195712435 -4.99640369501256 14.683079427297912 37.93080677175431 -47.04716828216786 63.08359835295943 42.087838260312196
3901 54614 0.0008832904517288795 0 2183.361046378197 34.495835585211765 -63.941642414532836 81.58645577423414 15.747559396129418 22.165343478228145 -62.47821980779055 16.426028912269857 -80.11446578370763 23.872755662623405 59.559330415974564 -78.77448771342767 75.73117628473233 -8.72929643783567 -76.08824714340722 -8.209780243398459 -0.25754399602226385 21.020118405350388 20.17505370052214 -38.36042130568587 -65.21544396821005 -99.99810955463958 -83.33568620954236 99.99991759607373 39.69494682295854 -4.996149058002615 14.68267949288881 37.93123091802237 -47.04782567577385 63.08835743441881 42.08528517386901
4001 56014 0.0018799904919648582 0 2183.3607415891065 34.50965406989524 -63.920847259052394 81.58680131599314 15.747060537465643 22.17242868477142 -62.481647924784404 16.42596419652159 -80.08983986154081 23.873055476558847 59.558893358330536 -78.77519146875001 75.73174279666986 -8.725745844994561 -76.08330293013123 -8.209845950511726 -0.25840590659518625 21.020865362018895 20.169366893881953 -38.36035189986301 -65.20917393727953 -99.99895361084212 -83.33548461120145 99.99988822367425 39.68663019035256 -4.996160513778983 14.683337155996412 37.93122774479568 -47.03583253067083 63.11062350513561 42.05408252297897
4101 57414 0.002608256781511098 0 2183.3602249426804 34.50807174812726 -63.899761902432985 81.58823414028285 15.746820684164732 22.15668902728601 -62.48455027103945 16.427453443901328 -80.0603271017408 23.87332650208424 59.558615743724346 -78.77495470083085 75.7315031190258 -8.726070092932382 -76.06494951396823 -8.210177082903547 -0.25820982823907457 21.020991222717043 20.175727274910262 -38.359933103533734 -65.2044734110562 -99.9992044614327 -83.3352412663959 99.99986625917442 39.66351953050767 -4.996115407947944 14.682585454212528 37.93096880175361 -47.00703567646883 63.11680766606378 42.03160759997445
4201 58814 0.004606412854613388 0 2183.3591846402282 34.49350630457083 -63.85019442624913 81.58990233213112 15.747582248689497 22.13638956372241 -62.50670849631928 16.428803017633925 -79.98073490437005 23.872996131217064 59.5602690970735 -78.77305410940156 75.7300318664773 -8.746932716844128 -76.03928075980872 -8.208381071956104 -0.25776244967158846 21.021874386861356 20.17321717549686 -38.359738651060134 -65.19144452327484 -99.99891477444568 -83.33500667613772 99.99997387009724 39.636530570293786 -4.99711440898826 14.68255331295154 37.930992218123926 -46.92073536211896 63.080172701349056 41.9676219161054
4301 60214 0.0028922424779690005 0 2183.3584871125686 34.50820973125942 -63.810801173953536 81.59052909606774 15.747320943804539 22.141017695538757 -62.513339253863236 16.428708781301538 -79.89888736299233 23.872663899749625 59.56077216710104 -78.77329697203751 75.73069635474496 -8.738745174113731 -76.03052938956455 -8.208679490203028 -0.25791385088493257 21.02078801712642 20.174268316801864 -38.35855202789723 -65.19551743701308 -99.99939604922062 -83.33487631238687 99.99986933675494 39.638110611288 -4.995891095320675 14.682843879911758 37.93196807884849 -46.86371370717191 63.07624201916417 41.92354870855908
4401 61614 0.002989005415933712 0 2183.358059722271 34.48721113132639 -63.79432836900914 81.59069162479167 15.748193728221679 22.140975274793547 -62.50812175956412 16.428962817263113 -79.86705444119954 23.873009777376183 59.56118065838214 -78.77343834857146 75.73098614362058 -8.72590497825125 -76.03908695443582 -8.209167032638845 -0.2581216205375938 21.02073380019462 20.17481166991098 -38.35983442782237 -65.20593869188735 -99.999358792792 -83.33547859108819 99.99995615562564 39.64139163045334 -4.996502425288538 14.682847086970156 37.930919301297806 -46.83480042390494 63.05421508713084 41.90427443945478
4501 63014 0.0031284217023121804 0 2183.3575277411 34.50017565896779 -63.76052022341669 81.59123901659143 15.746803815639367 22.160185988168806 -62.49290518397888 16.430010015283955 -79.83350329103914 23.873197422168516 59.56068852937819 -78.77349739866614 75.73056434299932 -8.693641559726075 -76.05328719566549 -8.208869044255394 -0.25680470502609865 21.019003543577185 20.185940104400643 -38.35997228996633 -65.23102059848827 -99.9992498607669 -83.33619125826901 99.99994135019327 39.67806806774294 -4.996303271682225 14.683137137821234 37.9320456002697 -46.82938285620489 63.026651057559036 41.91572030734889
4601 64414 0.0019343484358629085 0 2183.3572152325924 34.49234365050328 -63.73565312263273 81.59061609402534 15.748369071210249 22.165587231239876 -62.46862235256174 16.429513698243795 -79.81233403908155 23.87289186174317 59.56099948340508 -78.77390661926323 75.73057585555176 -8.684238208080217 -76.06950973459718 -8.208768504349734 -0.25680437523570276 21.01952832829673 20.179582713583294 -38.36090866899684 -65.24685508896846 -99.99933326493087 -83.33637705360589 99.99998138767556 39.68923954463568 -4.995056303605466 14.68345791195975 37.93091197554425 -46.80838930420782 63.01860805424133 41.91753206105304
4701 65814 0.0020071350316153017 0 2183.3570483446592 34.50200381455592 -63.718467365641885 81.59100707665559 15.748077193538222 22.164561053044103 -62.457639635878735 16.43025938130191 -79.80169164632579 23.87237033376377 59.55922324141301 -78.77363093151563 75.73002579095564 -8.667573406546168 -76.0755265650005 -8.208927633676922 -0.25678777912861506 21.01992985893733 20.187115328956473 -38.360338740627704 -65.25108155645054 -99.99968548156951 -83.33702566420683 99.99997108428988 39.68536341569282 -4.994794248856719 14.684152860885035 37.93119398219553 -46.804202708037394 63.026912286945674 41.909170389889624
4801 67214 0.0005997191352895406 0 2183.356927048907 34.49565657494993 -63.722158150445 81.59064030405113 15.74799170684446 22.163015576632382 -62.444493934753936 16.429769716555057 -79.80760359392914 23.872535447276704 59.559094681415516 -78.77322729348538 75.72983225161988 -8.668316078791236 -76.08312444969371 -8.20881876097853 -0.25684724812995796 21.01977746978065 20.18869809592902 -38.360018506527474 -65.25730951813836 -99.99966184931586 -83.33684486263174 99.99996256924535 39.68915404111863 -4.993911116979659 14.683731521854241 37.93143488001455 -46.80902259504606 63.01875755528488 41.91402058490755
4901 68614 0.0003486948745848951 0 2183.356894275187 34.49755409073752 -63.71964614840717 81.59057460951709 15.748019560231825 22.162218497501897 -62.44431212980382 16.429542916659756 -79.80807322700778 23.872543079824055 59.55905263403471 -78.77342974597981 75.72974296712252 -8.665797633508717 -76.08253215096465 -8.208925162515026 -0.2571044438495562 21.02011184532293 20.188844431256484 -38.35996155050581 -65.25840199743615 -99.99967669669806 -83.33652824720546 99.99996066105044 39.68890549882198 -4.993711317392458 14.683613945012183 37.93147416716639 -46.80976040775079 63.0193303116053 41.91578505832845
5001 70014 0.00031024724345890867 0 2183.356877966786 34.495441343089254 -63.71985200301352 81.59052084738116 15.747976622686139 22.161034050099488 -62.443057252843815 16.429492993519744 -79.80936133350806 23.872437448030865 59.55901984481676 -78.77338005549231 75.72957162708025 -8.662923835536645 -76.08338660804677 -8.20902897450221 -0.2571185201620665 21.020050152297472 20.19049241883664 -38.359965033500586 -65.25960133690072 -99.99968268458416 -83.3363862710557 99.99996546757819 39.687233731255844 -4.993618231648727 14.68358432509649 37.931446071279375 -46.81197363956892 63.02002388069434 41.91883435615793
5101 71414 0.0001876062303776895 0 2183.356864014902 34.49495962427382 -63.71743030457768 81.59049044145581 15.747818139644949 22.161274069194242 -62.441788365313386 16.429436312303068 -79.80894037607126 23.872443849632475 59.5589475245049 -78.77344580232108 75.72954668600684 -8.661374564492561 -76.08480351515814 -8.209092424220467 -0.25718379392026236 21.020056921558307 20.191022607877848 -38.35988793245833 -65.26139596976515 -99.99969196722647 -83.33637158898547 99.99996387674233 39.68903560234162 -4.993550636561032 14.683517121033162 37.9314661134456 -46.811191051707425 63.018268504525906 41.92009624304134
5201 72814 0.0005753821608171237 0 2183.3568276270926 34.49657865860537 -63.717320753670755 81.59050882506187 15.747708605317655 22.15811993816854 -62.43799652919422 16.429481310146002 -79.81128670313538 23.87221478021786 59.55869948148498 -78.77350180306628 75.72936632164482 -8.656900350775558 -76.08670865297236 -8.20920480941459 -0.2572345109999219 21.02001316459578 20.19412335069697 -38.359742281233636 -65.2645689797385 -99.99967584619004 -83.33647941305736 99.99996036663818 39.69060099193834 -4.993519658749467 14.683642860478756 37.93149933969723 -46.81425480321994 63.011392325637644 41.92171805450451
5301 74214 0.0003999056461674804 0 2183.3567773411723 34.49358817503027 -63.718574814126 81.59054807773165 15.747680807659151 22.152950890946883 -62.435876767107175 16.429469586524107 -79.81539343333529 23.871996799005757 59.55857088693476 -78.77382876490705 75.72928833866416 -8.656914833169438 -76.08619914397119 -8.209017685218507 -0.25730410916668234 21.019811684205138 20.196379927183393 -38.359610669366226 -65.26332096245565 -99.99967226384715 -83.33624875680411 99.99995527365628 39.68608454387453 -4.993442081881151 14.683207924278491 37.9316267071622 -46.81568195158388 63.00530315346708 41.92142083078599
5401 75614 0.001133367271919813 0 2183.356697246967 34.48915738152608 -63.71753684952104 81.59050021664919 15.747801177168867 22.1480755777568 -62.43133077590795 16.429353214786005 -79.81394525477205 23.8717927703768 59.55849863235173 -78.77440498090212 75.72959130920893 -8.65177071371734 -76.0906777525447 -8.209368116032374 -0.2574318253983279 21.0193421995439 20.20422484030462 -38.35954387987736 -65.26899723136685 -99.99961527890807 -83.33638773323888 99.99996404220151 39.685940563734135 -4.993162430610791 14.683080774466134 37.93157617154117 -46.817980614147274 62.982722670151645 41.92057046036214
5501 77014 0.002619564989698329 0 2183.356529758049 34.5019810466208 -63.706359478121875 81.59078191584155 15.748197086601493 22.13723323861835 -62.442870303078024 16.42956924124738 -79.81985947576189 23.871802666076462 59.55833374630303 -78.77412322413079 75.73013728275188 -8.641721241391878 -76.09507458053167 -8.209530053070065 -0.2574971118660869 21.019669886198386 20.2080708778689 -38.35961551089997 -65.27828105920102 -99.99975617282784 -83.33652362404628 99.99997651387173 39.69565787239239 -4.993003605075668 14.682640613668099 37.93164226099968 -46.815298736666676 62.94492092922383 41.91103691198654
5601 78414 0.0021582091402065867 0 2183.356352986149 34.51263017852555 -63.71720211753786 81.59090330800697 15.748329777915899 22.11958455419635 -62.447079544981364 16.429601904243185 -79.83390369376829 23.872002791344386 59.55815827919341 -78.77456450992001 75.7301965041469 -8.629963637750564 -76.10004691853962 -8.209389973500777 -0.2576146063203737 21.020110892559813 20.214015932800613 -38.359020042755446 -65.28052917409423 -99.99986337816702 -83.33581377304728 99.99999531019871 39.687605647219755 -4.992720383244796 14.682811513404744 37.931716581773934 -46.827039839776376 62.89719364322599 41.8857570341485
5701 79814 0.000606144491474238 0 2183.356323854743 34.51137086894777 -63.72108840663871 81.59084517299476 15.748074984980406 22.120379931817546 -62.44736108271333 16.429568231666252 -79.83366264130441 23.872078810983112 59.55812414907322 -78.7744591472784 75.73020945568425 -8.631690241097672 -76.1006417041377 -8.209320650082045 -0.2576359361017069 21.020030951281257 20.214343500122915 -38.359064044207784 -65.28105632095864 -99.99986294679317 -83.3359250405017 99.99999891380074 39.68745842150963 -4.992729610916674 14.682966329906407 37.93164698136922 -46.825487753274786 62.88967243898617 41.8824380528753
5801 81214 0.00048818817293625486 0 2183.3562990894925 34.511981670793254 -63.72431236449381 81.59081910968098 15.74801292139935 22.1205347808069 -62.44840646823309 16.429566699766923 -79.8322071700031 23.8721097312621 59.55809912827041 -78.77445427721683 75.73021571491395 -8.632498152191062 -76.1015007578055 -8.209358385186919 -0.2576487828741847 21.020017726483957 20.213654813845608 -38.359035926874455 -65.27944508878127 -99.999897535517 -83.33591722674257 99.99999883600992 39.687243863680294 -4.992760189919731 14.682898091303343 37.93157960422119 -46.824905572583276 62.88688890544199 41.87694143321724
5901 82614 0.001279432161169304 0 2183.3562445857965 34.515488449390645 -63.73805900834773 81.59080856002234 15.747711493859214 22.120156046773978 -62.446169227876766 16.429626677417303 -79.82697590191148 23.872057554722176 59.55797440272286 -78.77413165796665 75.72995642168132 -8.63559095620056 -76.10081392421813 -8.208863401226402 -0.25758799713861436 21.019702141199076 20.213693735547636 -38.358927459947346 -65.27568208569514 -99.9999199758088 -83.33580914609652 99.99999972245537 39.68360455892787 -4.992765574613897 14.68291881236135 37.931585681662554 -46.828275130466324 62.869898330536785 41.86371388258269
6001 84014 0.0013230150120020327 0 2183.356164270366 34.519116120797065 -63.759686090461415 81.59067488116932 15.747562361900947 22.12473767285823 -62.44868375673457 16.429490783734707 -79.81281044133513 23.871918761215852 59.558041162834975 -78.77387342635151 75.729939760744 -8.65227492854153 -76.09281246744138 -8.208809806613788 -0.25759727878406125 21.020302385064383 20.210178916275474 -38.35928211533495 -65.26858422431127 -99.99994718854451 -83.33605286478902 99.99999911552104 39.6854869762964 -4.992701675503788 14.683287128949416 37.93153832705109 -46.82277838097053 62.854641414235346 41.848454055792075
6101 85414 0.0018395174333753596 0 2183.3561175671894 34.514012581234965 -63.7835060755583 81.59064454292184 15.747768555028216 22.124772931891002 -62.449040951351975 16.429502512413762 -79.79938546180469 23.872095138477647 59.55790801410473 -78.77397000962947 75.73034738497074 -8.665137614776228 -76.08744812091155 -8.2094839350891 -0.257572416651044 21.020200274174954 20.212288095919178 -38.35959071236132 -65.26614388633323 -99.99999723797445 -83.33573163452503 99.99999736007503 39.683720738606866 -4.992683525584682 14.682657074863926 37.931583743807806 -46.8189882296719 62.825300967928854 41.838703511343994
6201 86814 0.0005373610335263776 0 2183.3560928607376 34.5144704014891 -63.78283469332337 81.5905504031079 15.747683520584218 22.12793623291723 -62.445288494552926 16.429376067137497 -79.79640723728946 23.871744811642003 59.55800497058526 -78.77400673096032 75.73009610938104 -8.664578806966318 -76.08823097521812 -8.209440292406574 -0.2575530855708621 21.02030366115548 20.211128764531914 -38.35952146407107 -65.26654556051514 -99.99999885883581 -83.3359198411514 99.99999783160493 39.68498399063836 -4.9925715369199395 14.682779951551737 37.931638789057 -46.81904285213105 62.83361569986283 41.84436358483512
6301 88214 0.0005158669839448409 0 2183.356088965407 34.515278958376335 -63.78363432472176 81.59056385065736 15.747591961318903 22.128727983299967 -62.44295552794294 16.429393744090447 -79.79664496217939 23.871738668561193 59.558012730519536 -78.77398604297967 75.73016243137553 -8.662980983027254 -76.08855788342007 -8.209324713151805 -0.2575408437340627 21.020078744486028 20.211967545696325 -38.35941068920191 -65.26699898871493 -99.99999832970697 -83.33599982590759 99.99999631657742 39.68440670493604 -4.992573346081189 14.682938453305525 37.93163465521074 -46.81943016131834 62.8363745964711 41.84526968060297
6401 89614 0.000325165838163326 0 2183.3560835556327 34.51546762627598 -63.78490498631228 81.59056435436992 15.747644823667912 22.12765779721076 -62.44391417299752 16.429381407855203 -79.79975569340857 23.871722363891223 59.557982290747645 -78.77411967983736 75.73017122956739 -8.662660232683052 -76.08846989671005 -8.209445279632117 -0.2575774243898934 21.020186624884957 20.213354580500805 -38.359453171933055 -65.26654769047147 -99.9999969688009 -83.33597797914963 99.9999972499214 39.68397750407078 -4.992587214817 14.682942277265255 37.931644020895604 -46.822011951709584 62.83462102396737 41.84556790596045
6501 91014 0.0004254360353074911 0 2183.3560809113446 34.514488757111785 -63.78273109949392 81.59056062836817 15.747518465859883 22.12826883322211 -62.44373243549137 16.42938217613613 -79.79922931189955 23.87189754903295 59.557970966652555 -78.77403514085019 75.73013170344473 -8.662226373907714 -76.08959756992411 -8.209426975028562 -0.25758404961032966 21.020287129059852 20.214553313903885 -38.35952448322721 -65.26675199287027 -99.99999789519374 -83.33596777390696 99.99999774537335 39.6844279263581 -4.992587420183447 14.682936765887717 37.93162642735616 -46.82154987020323 62.83483424346855 41.8461760822253
6601 92414 0.0001883963921873948 0 2183.356079084311 34.514567108612525 -63.78275808603145 81.59056780224853 15.7475543746732 22.127982826344542 -62.442612881433035 16.429391476066343 -79.79998411428036 23.871845053613896 59.55795659422953 -78.7740467866127 75.7301290357442 -8.661181064370112 -76.08985192165144 -8.209398964897996 -0.2575736639601871 21.020231379943652 20.214827145765113 -38.359455634828485 -65.26701719193991 -99.99999822309708 -83.33600010007879 99.99999807483395 39.68370472350864 -4.992580610117172 14.682936747995683 37.93164987754278 -46.82215672273824 62.83545905132746 41.84603140737815
6701 93814 0.00013308993028333032 0 2183.35607795576 34.51418852706163 -63.78198562285253 81.59057212041509 15.747580463854376 22.12787994320935 -62.442083735678295 16.429399675654167 -79.80080290335727 23.871823524810992 59.55794845673761 -78.77403395310341 75.73015217582571 -8.661376175910036 -76.09023616269417 -8.209339916821829 -0.2575694100885073 21.020214651933657 20.214435319352887 -38.35944758184797 -65.26701905961315 -99.9999983849525 -83.3360250798793 99.99999824615752 39.68321358142231 -4.992588594939687 14.682959531394403 37.93165489558374 -46.82209503003784 62.83751034568422 41.84695552682777
6801 95214 8.126144773042529e-05 0 2183.3560761159088 34.514397397140684 -63.782123159711404 81.590570582749 15.747571282061614 22.127810806323062 -62.442132397862395 16.429396760315058 -79.80136525876017 23.871794058127648 59.557949597712536 -78.7740369496281 75.73012395284178 -8.660610093528462 -76.0903131019497 -8.209355319391708 -0.2575690840745324 21.020236578783795 20.214584996970736 -38.359416038271775 -65.2672949531023 -99.99999838887521 -83.33604343102506 99.99999850185141 39.683544402871775 -4.992583511899253 14.682945561377892 37.931657994930966 -46.82262858923329 62.83730350123005 41.84722704777025
6901 96614 6.67219989232169e-05 0 2183.356077974278 34.514403677439134 -63.78204794003497 81.59057176999062 15.747556220127308 22.128105554389194 -62.44216496407314 16.429398789926978 -79.80104962094796 23.87181820624295 59.557947102825565 -78.77402212676137 75.73012316468686 -8.660783086871874 -76.09032568472549 -8.209346959958667 -0.25756836117548687 21.02024385273458 20.21454019655232 -38.35941440790672 -65.26726073604843 -99.99999848217962 -83.33606692543371 99.99999858272183 39.6836350080919 -4.9925858153115685 14.682952119932338 37.93165960030705 -46.822443022679124 62.83729536748751 41.84713690437681
7001 98014 8.855193514326274e-05 0 2183.3560776834347 34.514369947091204 -63.78167510239695 81.59056649000723 15.747559119176202 22.128451974189844 -62.44231688564493 16.429395692947793 -79.80009674832834 23.871841984611763 59.55795478281068 -78.77403153616311 75.73012689233423 -8.661092869703623 -76.09015695029007 -8.20936622417849 -0.2575688417815911 21.020258317731816 20.214421268694025 -38.35944928530349 -65.26726331142993 -99.99999849217299 -83.3360575999721 99.99999854729367 39.6837713676932 -4.992585831683355 14.682950601888678 37.93164431461292 -46.821885485916454 62.836916197984124 41.84706610993939
7101 99414 7.512977456754861e-05 0 2183.356076763189 34.514363959462266 -63.78099972012426 81.5905708909163 15.74756672633788 22.128328628838048 -62.44196514850202 16.42940005886473 -79.80063204047926 23.871853251071144 59.55795046517891 -78.77400469232755 75.73014070197323 -8.660538428881267 -76.09048348506505 -8.209352582926803 -0.25756533203912113 21.02021591850297 20.214600225288358 -38.359440671026704 -65.26745905999039 -99.9999985512824 -83.33605009024402 99.99999851532223 39.68347796811224 -4.992583391365957 14.682943201616439 37.931653468702834 -46.8221190817402 62.838055945024166 41.847245509942496
7201 100814 8.55278333414563e-05 0 2183.3560768867683 34.51422831788012 -63.78109456326926 81.59057167884802 15.747566158176824 22.12830896582581 -62.44181533480837 16.429402284508086 -79.80030243195071 23.871882249501283 59.55795178987292 -78.77399103928754 75.73015234679286 -8.660650927660882 -76.09035196274726 -8.209332598007869 -0.25756866134159395 21.020179570755516 20.214966639893802 -38.35946310960441 -65.26731854985312 -99.9999983731469 -83.33603839594157 99.99999861260433 39.68283672718124 -4.992586522683687 14.682956448377013 37.931640172411385 -46.822190754153354 62.83775970923068 41.84709018464261
7301 102214 0.0001349598727574472 0 2183.356076563051 34.51440953794368 -63.7822403736762 81.59057240167289 15.74756401612035 22.128181442377112 -62.44191909554368 16.429403436648272 -79.79964918483236 23.871904882545635 59.55795001978964 -78.7739556598637 75.73015818879486 -8.660847010215889 -76.09023614873351 -8.209291772254778 -0.25756484056176987 21.020125264439855 20.21533090772619 -38.359485723093336 -65.26684108753759 -99.99999882189954 -83.3360405596116 99.99999837324573 39.68261268497264 -4.992583451927993 14.682943423459477 37.931647008022544 -46.822073049845784 62.83658729404982 41.84611772909793
7401 103614 0.00014521381519948362 0 2183.3560762879033 34.514572386976866 -63.781190116041735 81.59057495597722 15.74754346468697 22.12835592744956 -62.4417461984915 16.42940198957845 -79.79988990207019 23.8719350134501 59.55795265362759 -78.77392947851257 75.73015140661525 -8.660397962245582 -76.09063003480782 -8.209289851092157 -0.25756328312746746 21.020151674451625 20.21527540915706 -38.35945636368922 -65.26739358010568 -99.99999891982233 -83.33605191084123 99.99999833260954 39.68320415978704 -4.992573788457688 14.682922391417122 37.93165696551737 -46.82210827799082 62.83669440055394 41.846467020873064
7501 105014 0.00016295223674883097 0 2183.356075266556 34.51466058059815 -63.78163458909738 81.59056424916258 15.74754363684417 22.12875477326598 -62.44243914643499 16.429386877731986 -79.79993811110077 23.87191162056115 59.55796320483558 -78.77393669657349 75.7301340862291 -8.660638671383168 -76.0904015452976 -8.209304317832665 -0.257577166051675 21.02015766001753 20.2153082987082 -38.359451478769394 -65.26674920797817 -99.999999391412 -83.33605687497624 99.99999850024624 39.68285754578412 -4.992573048742031 14.682920336256672 37.9316369693896 -46.82247910689358 62.83742033675628 41.846940210197744
7601 106414 0.00012486982805465187 0 2183.3560743044195 34.514595732923226 -63.78007767619692 81.59056687726803 15.747537313693925 22.12881329870801 -62.442196236806 16.42938796717391 -79.80042182536383 23.87187281140507 59.5579623313434 -78.77394354748284 75.73010513730642 -8.659930965212183 -76.09025624725675 -8.209329775535288 -0.2575753313084306 21.020175227665817 20.21522692890693 -38.359435608570514 -65.26706834150008 -99.99999921102145 -83.33607397825583 99.99999847111512 39.68290046123536 -4.992573899702913 14.682899920263964 37.93164703883459 -46.82247527388839 62.83962089815088 41.84849007920067
7701 107814 0.00021060583357928532 0 2183.356073316877 34.51458784695436 -63.78002768082227 81.59056632280891 15.747564622617574 22.12913803608059 -62.44184614434329 16.429392492336518 -79.8003712486562 23.871853699113274 59.5579655458193 -78.77397582930003 75.73014103082537 -8.660826271563764 -76.0898484618472 -8.209299465400864 -0.257577848293181 21.02020559261416 20.214594153573778 -38.359466422590984 -65.26653743959716 -99.99999931874149 -83.33609025925358 99.99999842250821 39.682388751742764 -4.992591461862185 14.682963925463213 37.931627171783326 -46.82173939555034 62.84177154747465 41.84850642557953
7801 109214 0.00040067978390267913 0 2183.356072303799 34.51578187926674 -63.77890050861658 81.59057078993095 15.747515470979977 22.128965281266616 -62.442388795808455 16.429379336245745 -79.80340462945705 23.871738112691048 59.557969310236565 -78.77406125741459 75.73008775585188 -8.658875059129883 -76.0891078950983 -8.209315910065413 -0.2576012491921915 21.020205296945818 20.215324773397683 -38.359380258951106 -65.26666760646336 -99.99999800456064 -83.33613261950215 99.99999884133086 39.681887725015855 -4.992594773855358 14.683041155644275 37.93163915478553 -46.8235064799874 62.84522321033302 41.852482082989496
7901 110614 0.0002624879322767632 0 2183.356068074198 34.514802836305186 -63.77898268358348 81.59055760781462 15.747582090430342 22.12890074565196 -62.44196373594781 16.42936205370006 -79.80352851021186 23.871722245767614 59.55798526777412 -78.77403654748011 75.7300889000654 -8.659431493408533 -76.09065351200408 -8.209284204202216 -0.25760762951722427 21.02020538081183 20.215323018392397 -38.35948818676796 -65.26594941242587 -99.99999869438572 -83.33610173550875 99.9999985154752 39.68224487619656 -4.992587908939985 14.683072515974544 37.93162685153938 -46.82355663333206 62.84591375578606 41.852150416083674
8001 112014 0.0001525834585717234 0 2183.3560668001464 34.51470972267673 -63.779611985187806 81.59055535596664 15.747583531117726 22.129484386904828 -62.44198106244066 16.429363809468754 -79.80280904648097 23.871771042325065 59.55797625140926 -78.77399447116736 75.73013939717728 -8.661279530115593 -76.09061351530869 -8.209211344441943 -0.2576009284253473 21.020196425895364 20.214521377120434 -38.35946390881128 -65.26539268606587 -99.9999997111848 -83.33615859099781 99.99999844639747 39.682260573051735 -4.992585831161815 14.683068237555005 37.9316362052665 -46.822383316651155 62.84569907332633 41.85154413238328
8101 113414 0.00011779301566881687 0 2183.3560639677025 34.5145917867015 -63.77888188980661 81.59055867992464 15.747554662378121 22.129794294433957 -62.44216077143011 16.42936612505858 -79.80393598588981 23.871780178781762 59.55796922982763 -78.77402074046768 75.73011406230896 -8.66083620618221 -76.09075460400899 -8.209211665962334 -0.25761080401886716 21.02026498382301 20.214891622770715 -38.35944745102853 -65.26536684896286 -99.9999997227764 -83.33618980236342 99.99999896479947 39.68211642283853 -4.992593212190336 14.683086166325552 37.931627967312885 -46.82308608044531 62.84693277020028 41.85290948239415
8201 114814 0.00013895885528177138 0 2183.3560639726197 34.514006626678906 -63.778712077913895 81.59055897223419 15.747566966409494 22.129815292903913 -62.44213871147538 16.42936914072166 -79.80376719657167 23.871802250193724 59.55796583391617 -78.7740125060056 75.73012386869613 -8.661056133258356 -76.0909705935417 -8.209221346220284 -0.2576104270325459 21.020283621706085 20.21496394049081 -38.359459137691545 -65.2654314149153 -99.99999984391425 -83.33619980328784 99.99999921100247 39.68193948722265 -4.992594557504564 14.683074772850375 37.93162246511915 -46.82290185446854 62.8465980578967 41.85288169229213
8301 116214 0.00016478064356518932 0 2183.35606338296 34.51372636162375 -63.77846883052942 81.59055502537987 15.747575156784762 22.13000075842799 -62.44237806535213 16.42935826949622 -79.80427549183324 23.871759268649697 59.55797902869668 -78.77403496516483 75.73010623908885 -8.660891983204806 -76.09120482068809 -8.209236329888556 -0.2576164363462681 21.020265203452936 20.21495410037962 -38.359460244093036 -65.2654022266797 -99.99999967816689 -83.33619877734674 99.9999993313664 39.68186077039098 -4.992587124731305 14.683089366668383 37.93161990068894 -46.82359552911984 62.84750620211804 41.854299115945
8401 117614 0.00017246362240608412 0 2183.3560628551763 34.5140688414528 -63.77797576126398 81.59055701990147 15.747570537703666 22.130032756588577 -62.442304126047276 16.429359517719007 -79.80456981690261 23.871737618649234 59.55797922470363 -78.77404911723985 75.7300741815501 -8.660357016773759 -76.09136213999739 -8.209220183374448 -0.25761765701486183 21.020343940223086 20.21496620134485 -38.35945453243007 -65.26554984963525 -99.9999997748644 -83.33620604475149 99.99999941562557 39.68253245093527 -4.992587510766288 14.68308810106467 37.93161903066906 -46.82345837247988 62.847343342727015 41.854597497659284
8501 119014 0.00012157068396134217 0 2183.3560628267687 34.514338592958794 -63.77834216609822 81.59055542333135 15.747567987156089 22.129651439774285 -62.44224309824591 16.42935295539806 -79.80449239084757 23.87171055380844 59.55798373645078 -78.77405567134916 75.73005086004198 -8.660221944686882 -76.0907358445757 -8.209213481450043 -0.2576186489281156 21.02031764026259 20.215030461024554 -38.359443600409485 -65.26527546899104 -99.99999961770818 -83.33619400274166 99.99999924275902 39.68208950686804 -4.992584015160672 14.683079402067875 37.93163028825046 -46.82340741214807 62.84757108362243 41.85460299466612
8601 120414 0.00014831414077390791 0 2183.3560638256936 34.514357719614935 -63.77852520231294 81.59055421624214 15.747567053626284 22.12961649666839 -62.44223832669418 16.4293557936806 -79.80436444076585 23.871718346821496 59.55798149910454 -78.77408625285655 75.7300592182776 -8.660403036813776 -76.09094644092778 -8.209245770103657 -0.2576186998408332 21.020388169945363 20.21501251391757 -38.3594517584858 -65.26550893291306 -99.99999977960483 -83.33620363744862 99.99999920462645 39.682915531230066 -4.992586808175245 14.683083047996718 37.93161891582106 -46.82308231372912 62.84655243847283 41.85453007315712
8701 121814 0.00024829422305989334 0 2183.3560618451265 34.51410450185229 -63.778385638501845 81.59056469872291 15.747599025244568 22.128951755645126 -62.44199301040946 16.42936854916573 -79.80568133221149 23.871695167102956 59.55796253075073 -78.77410712488116 75.7300389257924 -8.659473954300609 -76.09187272606175 -8.209249427909244 -0.25761207903892114 21.020428562701 20.215514343565005 -38.35942362659982 -65.26635497227966 -99.99999967584245 -83.33619764037529 99.99999953737942 39.68357607193113 -4.992580225965307 14.683041013440317 37.93163691133584 -46.82397543547711 62.84449383902131 41.855174247944746
8801 123214 0.00020142381327708462 0 2183.356060157237 34.51464382256971 -63.77760590950504 81.5905634019935 15.747586528046867 22.129466494026772 -62.44210171957302 16.429357554798884 -79.80575702603366 23.87168855573958 59.55796641236108 -78.77405956057139 75.73000756572787 -8.659004797585268 -76.09192751805193 -8.209231682575894 -0.25762148850927247 21.02046889078781 20.215932914242742 -38.35938208338978 -65.26609106818012 -99.99999998049296 -83.33623604639159 99.9999996633136 39.68348629293527 -4.992566605627789 14.6829971726481 37.93164344610726 -46.82396705411139 62.845264268784945 41.85565355171886
8901 124614 0.0001651023802270304 0 2183.356059600218 34.51423891729357 -63.778205734297146 81.59056861345465 15.747605061826846 22.129007891687834 -62.441936725823865 16.429364455894927 -79.80630333792053 23.871667211014312 59.55796055834058 -78.77408458917306 75.73001603983184 -8.659055457390565 -76.09232202087983 -8.209216622440271 -0.25761771997633787 21.02046623708449 20.21600929635268 -38.35938429908681 -65.26636954868141 -99.99999999606969 -83.3362359686566 99.99999976893193 39.683652738754944 -4.992567118576016 14.68300532412249 37.931649200560706 -46.82436303735369 62.84371752457076 41.855921081746914
9001 126014 0.00020536186691100556 0 2183.3560602024254 34.514276622581846 -63.778518275425306 81.5905647037647 15.747626755369907 22.12896209502184 -62.44195078028446 16.42935821678634 -79.80623584071495 23.87164665394576 59.55796579821137 -78.77407780251313 75.73000615602112 -8.659031380419833 -76.09215648755784 -8.209218922190828 -0.257620689190702 21.0204644022366 20.215875564900088 -38.35937899895899 -65.26603492178143 -99.99999997384975 -83.33620579875814 99.99999974012259 39.68321674244129 -4.9925638101521495 14.682982543466636 37.931646308212024 -46.82434675118719 62.84411667965867 41.8554543567449
9101 127414 0.0002847984611670393 0 2183.3560553359284 34.51584951564483 -63.778776621133844 81.59055827546817 15.747591566321887 22.13017615436543 -62.44255132877484 16.42934811541116 -79.80590309673002 23.87167080503744 59.557976599638025 -78.7740667123317 75.73005341978279 -8.659807634896254 -76.09166653319585 -8.209141561329012 -0.2576334576566808 21.02042430795504 20.215677833647305 -38.359331434042176 -65.26513315914772 -99.99999936834705 -83.33626359892325 99.9999998376975 39.68254081221809 -4.992561165982237 14.683066238624747 37.93162244658411 -46.82428121110593 62.84543259802729 41.85563698172464
9201 128814 0.0002384243162545196 0 2183.356055158909 34.51632492698748 -63.778019570234086 81.59056261466168 15.747588946515151 22.13007311582019 -62.44188878721528 16.429346800956978 -79.80640012252346 23.871688861721424 59.557981430223634 -78.77406728830618 75.73005114102847 -8.659510908112495 -76.0913672475645 -8.209107164250371 -0.25764002016723 21.020442641777464 20.215698026136522 -38.35930897299988 -65.26498812623686 -99.99999926982136 -83.33626091784728 99.99999980251235 39.681874848844956 -4.992561420925381 14.68308168547901 37.931622439112886 -46.82414793443013 62.84739010825649 41.85549242313604
9301 130214 0.00020060381868840287 0 2183.356056288144 34.51649575565871 -63.777344813147096 81.5905593161736 15.747587007375444 22.130217804076906 -62.44205946681318 16.429340812099696 -79.80634301766017 23.87168277241392 59.557988999272716 -78.77405737754113 75.73003228197106 -8.65895457247332 -76.09134640959982 -8.209138458479593 -0.25764354186935634 21.020450033075093 20.215815045925595 -38.359327009510174 -65.26498882872349 -99.99999932772329 -83.33624454878137 99.99999977614196 39.68192686167666 -4.992559251677666 14.683088655706825 37.93161739866097 -46.82410039425295 62.848495841881004 41.8556132289643
9401 131614 0.00016006478366212994 0 2183.3560548346222 34.51612713081499 -63.77672678155714 81.59056335387092 15.747606629133202 22.130085862481245 -62.44187056204481 16.429350376723136 -79.80635285609648 23.87169125515632 59.55797833222161 -78.77406143640921 75.73002084835377 -8.65866996106081 -76.09167510569554 -8.209148910035687 -0.2576354942377179 21.020474925079668 20.216049971986678 -38.35935118452572 -65.26553758343687 -99.99999964893387 -83.33623447102919 99.99999984349495 39.68235004566998 -4.992559805818548 14.683065389158372 37.93162364264598 -46.824036465757075 62.84739684752719 41.85586267198451
9501 133014 0.00018800898233764553 0 2183.356056604981 34.515586013144365 -63.777452273017836 81.59055783076681 15.74763195260985 22.129819199790767 -62.441782039483456 16.42934104069093 -79.80617700390448 23.871658804299983 59.557988113874615 -78.7740720452841 75.73002770305982 -8.659237874769303 -76.09157282438812 -8.209156338985292 -0.2576393456750736 21.020428629112388 20.21592483006259 -38.35938135591014 -65.26521243243121 -99.99999978642778 -83.33622455153427 99.99999977953667 39.68200204359917 -4.992558908905584 14.683074961043474 37.93162160518018 -46.82405730148287 62.84757821937842 41.8563163022566
9601 134414 0.0001558685555681088 0 2183.3560544371117 34.515657964982886 -63.77751411609039 81.5905586620834 15.747618425734828 22.129940381855356 -62.441802183865036 16.429343004117555 -79.80614105400159 23.871687338575242 59.55798439620787 -78.77408078708517 75.73003719253671 -8.65981173737272 -76.09130404602664 -8.209145136573905 -0.2576451648537841 21.020470050329067 20.215985764452398 -38.359386444930465 -65.2648373176311 -99.99999952995176 -83.33623257959354 99.99999977812438 39.6816670330617 -4.992565323829947 14.683087107992975 37.931611183635766 -46.82383231310129 62.847825780303765 41.85615048883838
9701 135814 0.0002456465757440142 0 2183.356054419473 34.51575866756051 -63.77675858884259 81.5905588337101 15.747609349850364 22.129966187906405 -62.44173245849139 16.429347553035115 -79.80544696991032 23.871700305304643 59.55798391967747 -78.77404401124356 75.73001668952602 -8.659634374117985 -76.09141686701656 -8.209146643094243 -0.2576364717700699 21.020479400773468 20.21598977385841 -38.359411285708504 -65.26524783426399 -99.99999971160331 -83.33621690798574 99.99999972626931 39.68213352886477 -4.992561692350695 14.683066033770018 37.93161200311004 -46.823559619858685 62.84697463177946 41.85585891138638
9801 137214 0.00013323099728807813 0 2183.356053317647 34.51558290645556 -63.77774313916763 81.59055715500807 15.747632740017394 22.129310790915234 -62.4415487490556 16.429336747409735 -79.80566059766616 23.87168553824489 59.55798905293391 -78.77399466257314 75.7300069419488 -8.65918907587465 -76.09149574134528 -8.209108866217392 -0.2576350384137811 21.020361925574747 20.216248929711767 -38.35938080133853 -65.26517722945471 -99.99999985786252 -83.33619419742439 99.99999968350748 39.681444646150936 -4.992546245534169 14.683034001546417 37.93163823693346 -46.82409668504988 62.84626981591441 41.85559695738672
9901 138614 0.00010386370097972762 0 2183.356054761331 34.515166364502505 -63.77742422469054 81.5905560957664 15.747653374255123 22.129502369572315 -62.44157983449111 16.429342051312005 -79.80560972260392 23.871663567936764 59.55798466562202 -78.77399894260746 75.7300208149212 -8.659672600554302 -76.09178777406075 -8.209108697933718 -0.2576277207191424 21.020361851480402 20.21588229890699 -38.35942280751283 -65.26536126727555 -99.99999998325178 -83.33620807838625 99.99999974050588 39.68190412906441 -4.992552131558584 14.683060651325832 37.931638001530466 -46.82378265160966 62.84627087306171 41.8562014592936
10001 140014 0.00015315633009429063 0 2183.356056664091 34.51520312064329 -63.77793619139554 81.59055597735755 15.747627254070522 22.129314280543014 -62.44133274110497 16.429336419381883 -79.80540979690554 23.871698913081985 59.55798988402582 -78.77402505564007 75.73001788740305 -8.660347620962028 -76.09117267216655 -8.209083332625625 -0.257639180824043 21.020394480570445 20.21608724481146 -38.359413839847726 -65.26457160818276 -99.99999980270618 -83.33620301010909 99.99999962234568 39.681012723013765 -4.992554593127336 14.683073049350924 37.93162961914502 -46.823379344195416 62.84677802257664 41.85552932184024
10101 141414 0.00034279533160325604 0 2183.356051521508 34.51520658185262 -63.77728283552666 81.59055359435007 15.747659758194459 22.1289810878936 -62.441331682027936 16.42934013606964 -79.80581454626608 23.871638592356817 59.5579836335554 -78.7740175844667 75.73000578071523 -8.659631905628231 -76.091738121117 -8.20917399777458 -0.2576380443430253 21.02047908672344 20.216295580819583 -38.35946585221325 -65.26485050332718 -99.99999955962582 -83.3361777914565 99.99999949692922 39.68203033235423 -4.992559432940066 14.68305593675791 37.93161895456915 -46.8234714301791 62.847033343479836 41.855531383800866
10201 142814 0.00031480842212410523 0 2183.356052912387 34.51468296613334 -63.77967548260855 81.5905581901072 15.74766366654731 22.128738565957413 -62.44195829992944 16.429350571439244 -79.80690294321053 23.87166389594057 59.55796737555558 -78.77408060903535 75.73008395401268 -8.660774434887117 -76.09217365787251 -8.209186928265487 -0.25764817459403844 21.02052414251702 20.216708078563585 -38.359488030679636 -65.26409759903265 -99.99999877551149 -83.33618847542061 99.9999996492658 39.68200063835687 -4.992576748494168 14.683097539500523 37.93159797944441 -46.82417189866601 62.84520991365184 41.85462706803307
10301 144214 0.0009120682285213131 0 2183.3560516741654 34.51717362594673 -63.779351110587164 81.59055861452512 15.747654106542257 22.128077391788572 -62.44182356036565 16.42934626032448 -79.80740553214721 23.871570856126596 59.557956304344714 -78.77395309112512 75.72995384049753 -8.65745492584108 -76.09247601951341 -8.209161870506339 -0.2576271346094643 21.020505386095635 20.21735098451991 -38.35936860091818 -65.26533514706844 -99.99999823250755 -83.33616030765491 99.99999952505219 39.68383078683982 -4.992540143190934 14.682975384650405 37.93165679145929 -46.82493612805146 62.84243104724317 41.85397909839483
10401 145614 0.0011260741022436935 0 2183.356048131388 34.51880642807585 -63.78009213036824 81.59055432332195 15.74762762085092 22.12883417513141 -62.443178064668245 16.429351917329853 -79.80480193741218 23.871575210836824 59.55794511195846 -78.77382979613192 75.72991961620397 -8.658127504556504 -76.09253921855063 -8.20910066541764 -0.25762890253889736 21.020541586571113 20.217619509398574 -38.3594702533332 -65.26467697936994 -99.9999953985234 -83.33613898646462 99.99999949162654 39.68537373298838 -4.992547949484342 14.682930914143412 37.93163265015479 -46.82374636884006 62.837812252017216 41.85154735538893
10501 147014 0.0005866554967946196 0 2183.3560458021248 34.519825826704356 -63.78087814723073 81.59055727699592 15.747607434093368 22.12982165506731 -62.44384794200606 16.4293590588359 -79.80653231011891 23.871487268465614 59.55792476611384 -78.77389783220691 75.72994037862497 -8.658294161304894 -76.09150557631705 -8.209096934688313 -0.2576314883291104 21.020484236034264 20.217957552791255 -38.359392605051774 -65.26364714549513 -99.99999468611583 -83.33619955010397 99.9999996593891 39.68431706198831 -4.992566783348194 14.683003230689991 37.93164097496265 -46.825058269655756 62.84174286567247 41.853991205550784
10601 148414 0.0004631049784594718 0 2183.3560447591844 34.52066394918794 -63.78066685750673 81.59054288314286 15.747565022970576 22.13089951171714 -62.44409906338912 16.429336551083736 -79.80501981265124 23.871509965544135 59.55794972162536 -78.77390022278043 75.72993442251811 -8.65978678690827 -76.09062794295622 -8.209067172920086 -0.2576435087174218 21.02053805675709 20.217069701488242 -38.35938089910332 -65.26279984327309 -99.99999162195107 -83.33625135602912 99.99999953696198 39.68438802659608 -4.992557617777267 14.683029356542761 37.931621348690186 -46.8237507735559 62.84289791209949 41.85396874534703
10701 149814 0.000362374132507952 0 2183.3560426801164 34.51972187372782 -63.78174464125141 81.59054209376589 15.74761198285006 22.130421576194195 -62.44394070665794 16.429340320766585 -79.80440291819829 23.87149049146501 59.55794559314988 -78.77392951921863 75.72994120297386 -8.660241745283386 -76.09022188589722 -8.209103046676692 -0.25764051274325084 21.02044891209829 20.217688414210777 -38.35947402407399 -65.26267431341003 -99.99999522915277 -83.3362213703204 99.99999943020963 39.684045899838594 -4.992569011550769 14.683042810533777 37.931620894074754 -46.82389855554936 62.84174464776356 41.854788813989586
10801 151214 0.00039904879567192076 0 2183.356042882246 34.52072115600651 -63.782502962699816 81.59054717224967 15.747568040234285 22.130259781070265 -62.44414318863082 16.429336082064424 -79.80518423479808 23.871505875549445 59.557946794854324 -78.77393742015902 75.72991603494339 -8.660077432271962 -76.09002657495398 -8.209007035710066 -0.2576443048518229 21.020417027651177 20.21801244439137 -38.35941823320855 -65.26240456132592 -99.99999586274146 -83.33621974099097 99.99999953285487 39.68352037086672 -4.992555923819845 14.683073030130686 37.93163826491786 -46.82489680593588 62.84033655543146 41.854733456056096
10901 152614 0.0003560055213179662 0 2183.3560440237097 34.5199180763186 -63.78197224891757 81.59054850821991 15.747595998681788 22.130467467314716 -62.4440775568751 16.429347283271824 -79.80486151428087 23.871551217108248 59.55794070374143 -78.77390727959204 75.72994237381081 -8.660127298202354 -76.09099740423224 -8.209050980552474 -0.25764024763378757 21.020548374783914 20.21789767694046 -38.35946184107454 -65.26294612164125 -99.99999393679259 -83.33624566162868 99.9999997806244 39.68459109261835 -4.9925608820511025 14.683051061910163 37.93161731775713 -46.824292681751075 62.83920518689541 41.854030971758306
11001 154014 0.00043801142986472116 0 2183.3560421618986 34.520014165311785 -63.78042693738571 81.59055235988404 15.747576304286127 22.130141907551206 -62.443554310516134 16.429343350501455 -79.80633486276392 23.871524442342263 59.557942848425725 -78.77397878748596 75.72990083148866 -8.658952122673114 -76.09073959957811 -8.209048169577887 -0.257648119352325 21.020513615710144 20.218538034043476 -38.35944709270105 -65.2633495619254 -99.99999713486021 -83.33622107544782 99.99999979506525 39.68380358934323 -4.992560276348335 14.683090281997721 37.93162551504582 -46.82522030478887 62.841602434979905 41.8561394405273
11101 155414 0.00034555896216406363 0 2183.356042334484 34.51988021118402 -63.78136411846451 81.5905518094049 15.747618311521137 22.12935431089295 -62.44336091244685 16.429341831515757 -79.80603640597903 23.871501736554023 59.55794199565972 -78.77393382274386 75.72988020391938 -8.658382537730631 -76.09123512845534 -8.20904204554673 -0.25764621350108996 21.020475476592537 20.21914062283018 -38.35952340096288 -65.26334076241801 -99.99999759330028 -83.33616222122295 99.99999969530661 39.68420751655711 -4.992557055672551 14.683071401772082 37.93163313689637 -46.82540484376091 62.83930499819667 41.85505063719111
11201 156814 0.00023570438044427186 0 2183.356041289178 34.51907821120059 -63.78049242971405 81.59055313574882 15.747591065318971 22.129638589356148 -62.44299632645907 16.429342666424247 -79.80620487384991 23.871569720642185 59.55794213220941 -78.7739744731272 75.72990890377193 -8.659463209865848 -76.09121234970414 -8.20901486412701 -0.25764769510502106 21.020533012475624 20.218912624254315 -38.35947422514564 -65.26335345362256 -99.99999672099736 -83.33622419677299 99.99999987155184 39.68355745330217 -4.99255157861278 14.683094187860945 37.93162818420177 -46.824717050136144 62.84017334076634 41.85595938623041
11301 158214 0.00015724572358991856 0 2183.3560438074132 34.51888026253786 -63.78106782677098 81.59055644936589 15.747586955796635 22.129332417070742 -62.44283338064973 16.429344607150114 -79.80690747824363 23.871565980584336 59.55793758795448 -78.77402529533374 75.72991236702754 -8.659687413822468 -76.09105431153824 -8.20900752348269 -0.25765274811496397 21.020568560486623 20.219238202569734 -38.35947087649543 -65.26307360522517 -99.99999664065487 -83.33622908893358 99.99999990306505 39.68327358979755 -4.99255606542093 14.683116177343436 37.9316278679894 -46.82486779336665 62.84008088426526 41.856197987899264
11401 159614 0.0003065256373816283 0 2183.3560440433234 34.518199857462626 -63.781547386006956 81.59055126638381 15.747603969068962 22.129756377671946 -62.44287251270144 16.429346738588237 -79.80610246882085 23.871593307275333 59.55793546922112 -78.77401454901916 75.72994276239524 -8.66061060186044 -76.09122872516684 -8.208994965585322 -0.25764300609733937 21.020552444821732 20.21881891499693 -38.359492477602764 -65.26313845740992 -99.99999677185451 -83.33626119362711 99.99999995534083 39.683503777945106 -4.992557131865641 14.683129219561039 37.93162654852632 -46.82426690806125 62.83922427867725 41.856134931307196
11501 161014 0.0004138800024656412 0 2183.3560450151317 34.518426283257995 -63.781696636194745 81.59055679608855 15.74760281556999 22.129616884811703 -62.44309166116443 16.42935529142386 -79.80592254064717 23.871596102138255 59.55792294839148 -78.77400231096121 75.72992269791706 -8.660474579323918 -76.09109171207723 -8.209005401978766 -0.2576394639877435 21.020616676285925 20.218970712579427 -38.35945855894348 -65.26327979993053 -99.99999525062348 -83.33625885116535 99.99999997616898 39.68381347762221 -4.992556099119053 14.68305855942674 37.93163304411329 -46.82411027072098 62.83753747537111 41.85560933445137
11601 162414 0.0004322138275672836 0 2183.3560425612895 34.51938664980708 -63.7826211300698 81.59055800154479 15.747615288969342 22.129360012493635 -62.44285463441331 16.429353110916367 -79.80527932137099 23.87159587028148 59.55792812385748 -78.77395624701876 75.72991259990908 -8.659386443174128 -76.09077635676496 -8.20899760717018 -0.25764093967538315 21.020499847038963 20.219407209727912 -38.359498648364465 -65.26295751472131 -99.99999611427138 -83.3361867773357 99.99999977832725 39.68358975833047 -4.992560521489689 14.683050923219525 37.931638817387324 -46.82451604359889 62.837790334581655 41.85364546060802
11701 163814 0.0004763371878648293 0 2183.3560399989174 34.519200470046826 -63.781800938896836 81.59055665248502 15.747618327686723 22.129407910187886 -62.442842862732505 16.429352486097457 -79.80581048317114 23.871564641064452 59.55792633777036 -78.77397037498292 75.72988622875633 -8.659222988786254 -76.09082943262504 -8.209019493647173 -0.25764145910312664 21.020556249726695 20.21969671655645 -38.359519155362584 -65.26312267576913 -99.99999641843436 -83.33620487969594 99.99999989244694 39.68381862965046 -4.992557710201892 14.683063136577573 37.931636127217374 -46.82464221977497 62.83825259681652 41.85509720154815
11801 165214 0.0008482683744191403 0 2183.356040954657 34.52131892545896 -63.78190974715563 81.59055619833063 15.747607471267571 22.129794758307902 -62.44325912590901 16.42934788957743 -79.80569376360185 23.871520161180115 59.55793149316296 -78.77389993328575 75.72985800283882 -8.658652614931015 -76.09004952842437 -8.208962004301252 -0.25764558288548756 21.02047132602374 20.220200362614293 -38.35949599512867 -65.2622786120757 -99.99999518708435 -83.3362042641657 99.99999987285071 39.682729828138235 -4.992548674450092 14.68309460817241 37.931633155644214 -46.82575431114381 62.839249576700865 41.85520395824162
11901 166614 0.0006995941979715239 0 2183.3560356776065 34.52175903403541 -63.78088527750574 81.59055911949352 15.7476465720122 22.129616894922343 -62.44311889541096 16.429353824052754 -79.80513835959388 23.871475167968413 59.55792221217723 -78.77385196853373 75.72985638436472 -8.659230838954613 -76.08969850917518 -8.20902901674133 -0.25765086281091953 21.02053309311964 20.220049907558554 -38.35953525931207 -65.26171262781537 -99.99999137019196 -83.3361814574948 99.99999961481319 39.68264215198701 -4.992558573509983 14.683032565809157 37.931623394835206 -46.825107951712084 62.840762395395245 41.85492865901662
12001 168014 0.0009296743112477021 0 2183.356033863686 34.52152485022343 -63.7810476048616 81.5905618981894 15.747697226853234 22.129360086034524 -62.442508192796595 16.42935738091313 -79.80449990679298 23.871501074320065 59.5579141240881 -78.77382369739078 75.72985744302864 -8.659211953198948 -76.08999191851703 -8.209017894814323 -0.2576497438695071 21.020479954544612 20.220682849159203 -38.35963058536146 -65.26162918476334 -99.99999225589266 -83.33614210727119 99.99999954405857 39.682542959958255 -4.992559503541313 14.683030341864253 37.93163079506824 -46.82508844470479 62.83972979321379 41.854347188267155
12101 169414 0.0005199711705709407 0 2183.3560330536766 34.521279938863586 -63.78226138952662 81.59056441141703 15.747698028195856 22.128451623382503 -62.44202786413021 16.429355494815923 -79.80403766734216 23.871533340265444 59.55791631806441 -78.77381608210375 75.72987623313415 -8.66063654425757 -76.08913459440282 -8.208999172461745 -0.25765581823759476 21.020487549788754 20.22080321502966 -38.35962250373424 -65.26057019739608 -99.99998975286364 -83.33613532396429 99.99999908338901 39.68146575319281 -4.992560862255317 14.683020141700808 37.9316314118885 -46.824269141717366 62.83953786393829 41.85341898267629
12201 170814 0.0005444181165038594 0 2183.3560361833893 34.51953380415756 -63.78226663190602 81.5905652138141 15.74769203751876 22.12848715715407 -62.442067377047465 16.42936089241934 -79.80458058989993 23.871579292527088 59.557910077972764 -78.77385355018264 75.72993400378598 -8.662096870112805 -76.08963512190704 -8.208968892461773 -0.2576506248878445 21.020488857136286 20.220589810488818 -38.3596186141988 -65.26053347757474 -99.99999027895117 -83.33619480098467 99.99999953785333 39.68081156442054 -4.992560878180407 14.683071801075016 37.93163149917193 -46.823858948203366 62.839341014424974 41.85436934278923
12301 172214 0.00020794422892616272 0 2183.356033827975 34.51995645437639 -63.7815340437702 81.5905680818787 15.747704141345338 22.12869845254709 -62.44207465385122 16.42936701009029 -79.80452823213656 23.871561057164882 59.55790228315041 -78.77385572285341 75.7299091463245 -8.66178900063693 -76.0894118108599 -8.208967108914903 -0.2576454800971817 21.020490271543395 20.220619490361464 -38.359632833179 -65.26075578952049 -99.9999916426865 -83.33618415613297 99.99999957251849 39.68101547791895 -4.992563507789278 14.683063504015593 37.93163866247558 -46.82383708717262 62.83944682790974 41.85489151131472
12401 173614 0.0003445556106844482 0 2183.3560340153917 34.520129578781365 -63.78075300921488 81.5905683878324 15.747693747357317 22.129063826221866 -62.44188602767568 16.42936737304433 -79.80479679902234 23.87155713920737 59.557902133918006 -78.77386791842557 75.72989995000324 -8.661330059607849 -76.08942737447518 -8.208959177233968 -0.2576424192433251 21.020481517077968 20.220477299529087 -38.35960824166215 -65.26111913723304 -99.99999290462694 -83.33620396836791 99.99999965567214 39.681110146448276 -4.992562764175013 14.683081805952156 37.931644853520275 -46.823956517864275 62.84064968000854 41.85571124981604
12501 175014 0.00032609200882851116 0 2183.356034222241 34.52027816791693 -63.7806220660485 81.59056952703719 15.747696723187488 22.128887363536464 -62.441674647846526 16.429368687312376 -79.80462795167844 23.87155567885219 59.557901865226235 -78.77386319856643 75.7298700649126 -8.660596503165323 -76.08961033626593 -8.208974587425846 -0.25764351887937664 21.020533728153623 20.220818000352793 -38.35963587639029 -65.26128209602984 -99.99999288465106 -83.3361841281335 99.99999963747337 39.68159670265379 -4.9925647011940235 14.683075949315281 37.93164240029243 -46.823864221561166 62.8401042964349 41.85511039694725
12601 176414 0.0006301251966941116 0 2183.3560352226878 34.52044203176982 -63.77860718710599 81.59057155273734 15.74767514258508 22.12862531406673 -62.441389216141516 16.429362661886074 -79.80511444520349 23.871484579257242 59.557909356288405 -78.77383590853918 75.72979006944672 -8.658460763939004 -76.08991748959076 -8.208968855589816 -0.25763810101418017 21.02050343084494 20.22119086512933 -38.35956054615319 -65.26228803696102 -99.9999943023035 -83.33619868243163 99.99999981707204 39.68157560032864 -4.992543633886514 14.683040046061137 37.93166589866078 -46.824227475514846 62.841073106790645 41.85667744971582
12701 177814 0.0010736171074479173 0 2183.3560355918617 34.520661027010526 -63.7806312384497 81.59056736057866 15.747738231758973 22.128253461007674 -62.44153680711632 16.429361416884092 -79.80316880490201 23.87149610553581 59.55790729702415 -78.7737926311863 75.72983206727096 -8.660323492022627 -76.08917492727383 -8.209036920508868 -0.2576455877334354 21.020503689725018 20.221007027221944 -38.35965131271497 -65.26107616528185 -99.99998974788338 -83.33614048921359 99.9999991318875 39.68183349776672 -4.9925550892869754 14.682950849478942 37.931648036778796 -46.823290587158 62.83937881986651 41.85438124340445
12801 179214 0.0012528675595470302 0 2183.356034492491 34.52088703582939 -63.78096446311335 81.59056653970006 15.747682694800574 22.12833041467166 -62.44078303841721 16.42934975371884 -79.80367562007208 23.87155813144355 59.55791802622829 -78.77387300908225 75.72986625379417 -8.660845421235095 -76.08896190853037 -8.209036343167206 -0.25766667009327193 21.020591260015834 20.221088169123178 -38.359609888380106 -65.2599675981725 -99.99998390427892 -83.33617903740168 99.99999864821753 39.681345130331636 -4.992560429037996 14.683043297934404 37.931634815700946 -46.82237849080121 62.842562401912346 41.853224744770586
12901 180614 0.0011541617674274813 0 2183.35603458339 34.519195791223765 -63.78001121657783 81.5905653658956 15.747796759105626 22.12778787876507 -62.4403693388369 16.429361762272464 -79.80342728594204 23.87152681386911 59.55790054713853 -78.77373454023008 75.72985782276496 -8.660459127390737 -76.09083277489839 -8.209011226181278 -0.2576412614596961 21.02051738753829 20.22149120215488 -38.359742140893715 -65.26135452999026 -99.99998893353138 -83.33616120018452 99.9999994253562 39.682118140134605 -4.992546834733163 14.68300927763815 37.931652898991565 -46.822931542132096 62.83885134170271 41.85469559302524
13001 182014 0.0011782116663553337 0 2183.3560320192273 34.52167702424956 -63.77904208628894 81.59056898770419 15.74771504403654 22.128523837413432 -62.44015442453002 16.42935950408139 -79.80348570455439 23.87153534942746 59.55790425683306 -78.77375171018251 75.7297998251097 -8.659582883178075 -76.08948773731817 -8.208983866256283 -0.25764479674128893 21.020526827365188 20.221655376872405 -38.35964622930051 -65.26087902061465 -99.99998799201768 -83.33618046534644 99.99999895683102 39.68158167673809 -4.992544616668493 14.683047232365908 37.931660863118815 -46.82363344830091 62.841883562082614 41.85515693682416
13101 183414 0.0010339085851179667 0 2183.356031274882 34.521329113868305 -63.78029433703706 81.59056917427108 15.747734147585504 22.12870186134093 -62.44026610781546 16.429367940751746 -79.80354345476505 23.871592766988016 59.5578923244258 -78.7737477169132 75.72989619662101 -8.660595853954788 -76.08987813070308 -8.209030942136508 -0.2576479012536197 21.02053531018842 20.221508988343025 -38.35965936043015 -65.26028696256034 -99.99998298055917 -83.33619621245643 99.99999873694888 39.681479623071056 -4.992559902812846 14.683072905484238 37.93164257723953 -46.82351656514359 62.842476132705826 41.85356249033251
13201 184814 0.0012438136034194432 0 2183.3560305893125 34.52119258319999 -63.779807788033544 81.59056456198311 15.747721726414397 22.12963804167058 -62.44088318262672 16.4293635915526 -79.80364835639554 23.87155208980539 59.557896148621275 -78.77376191758239 75.729878494458 -8.660240935561035 -76.090205830314 -8.208992123920439 -0.25763787788517334 21.020480147715375 20.221268475158126 -38.359588617891085 -65.2613063634397 -99.99998588491528 -83.33627440524018 99.99999962500382 39.68173987010695 -4.992539371781751 14.683055857989132 37.93165169575132 -46.82456452495879 62.840987028689426 41.85623022082919
13301 186214 0.0013759714915494376 0 2183.356030905956 34.522004044274745 -63.779194280452494 81.59055478792439 15.747732832670152 22.130042105550736 -62.43982368258473 16.42934573869036 -79.80217810072892 23.871598213610355 59.55791005708805 -78.77375296908674 75.7298494298337 -8.660108662981116 -76.09029882899728 -8.208994948246165 -0.25764624718058826 21.020423867278055 20.22159406631245 -38.35965178050148 -65.2613545912055 -99.99998728842743 -83.33626626953625 99.99999897079034 39.682605927468074 -4.992533525003564 14.683082728086191 37.93165147430106 -46.824393713685964 62.84200726310712 41.856917419640496
13401 187614 0.0015730677948546528 0 2183.3560304416546 34.521652002810555 -63.779654624589064 81.59056251547801 15.747734479233742 22.12906608940851 -62.43965327451893 16.42935456662454 -79.8037326656781 23.87160523202448 59.55790184932444 -78.77378365412616 75.72986746091829 -8.659746701268958 -76.09101603682606 -8.209010134952996 -0.25765016816941966 21.020504707048843 20.221826952379843 -38.359646386829525 -65.26186814878275 -99.99998857169331 -83.3362455939237 99.999999066917 39.68320096114937 -4.992539450103689 14.683098159033364 37.931646474971515 -46.82497948869556 62.840550324684614 41.85679254294601
13501 189014 0.0005875714832422597 0 2183.356030694462 34.52168621531938 -63.781401674329366 81.59054792281444 15.747768512907186 22.12894954356321 -62.43996283803773 16.429340587983717 -79.80173679898874 23.87158055670224 59.55791359327165 -78.77370223351309 75.72984834241453 -8.66050958709566 -76.0906941998733 -8.209018498641992 -0.25765049142711405 21.020455171707255 20.2218866113071 -38.35972955566068 -65.26108142361326 -99.99998678719746 -83.33621520399224 99.9999985794128 39.6835124475688 -4.992537437027948 14.683066866931881 37.931637045829916 -46.8242754173547 62.83876637062957 41.85546023548815
13601 190414 0.00038656427999739527 0 2183.356030544919 34.52206064094291 -63.781528926465505 81.59055036832052 15.74776149313368 22.128838181716254 -62.440063117976194 16.429342780826573 -79.80257324320095 23.871556943557096 59.55791164726684 -78.77371414580617 75.72985302316678 -8.660466300349697 -76.09050953744799 -8.209013538162239 -0.2576519759283826 21.020472777152037 20.221748487486735 -38.35969458612745 -65.26094517370882 -99.99998653957675 -83.33622032493669 99.99999862090785 39.68331412611903 -4.9925399932279415 14.683088209378326 37.93163688517626 -46.82463514144945 62.83949900210757 41.85577323618347
13701 191814 0.0003768034106245978 0 2183.356029599334 34.5220504678315 -63.780960405967846 81.59054692990284 15.74773563462793 22.129306744293658 -62.44014516443218 16.429338558474512 -79.80312743960715 23.87155048181654 59.557916438970175 -78.77374266264188 75.72985734120599 -8.660090600732971 -76.09068221657105 -8.209039117996 -0.2576532153890696 21.020499763799677 20.221521491875805 -38.35964647483165 -65.26132962788094 -99.99998645155898 -83.33625966048362 99.9999988486403 39.683611145543125 -4.9925371668351115 14.683102730245537 37.93163228963292 -46.82495591904686 62.840865122075684 41.856735604592046
13801 193214 0.00035816958371329637 0 2183.356029680827 34.522527974404795 -63.780099346002324 81.5905469233835 15.747697008253454 22.129587639829566 -62.44011558026571 16.429335246463154 -79.80410740928889 23.871532060623963 59.557918752117565 -78.77375461755715 75.7298414853278 -8.659640764153252 -76.09042475973311 -8.2090171063804 -0.25765347805307215 21.020478925427568 20.221366935627273 -38.359574073523646 -65.26146951116945 -99.99998801672346 -83.33628873802795 99.99999891940661 39.68319665056677 -4.992534520656406 14.683135068382228 37.931640712233026 -46.825539344641214 62.84321459635828 41.85814811268389
13901 194614 0.00041585560646989933 0 2183.3560327834393 34.521457966917836 -63.778361061223976 81.59055059110034 15.74772192096853 22.129250872224517 -62.43926615004989 16.429334514246875 -79.80526085265663 23.871511856100796 59.557921622112424 -78.7738171400555 75.72983582380937 -8.65988716980597 -76.09078966584144 -8.208995344762652 -0.2576559528030202 21.020478678477957 20.221131707667347 -38.359623694585586 -65.26192843515142 -99.99999330152015 -83.33629011742939 99.99999899206995 39.683127217894366 -4.99253961799138 14.68319417338634 37.9316498167839 -46.82537255250594 62.845293739629994 41.86066859864988
14001 196014 0.000263358892313341 0 2183.3560302932915 34.521168223504375 -63.7783679676655 81.59054639934763 15.747720482034424 22.12943212057928 -62.43925031022968 16.42932915468225 -79.80606780783066 23.87147826317502 59.55792408046422 -78.77384613079585 75.7298395679882 -8.659887573468552 -76.09099164722645 -8.208995662048018 -0.25765616710378936 21.02046651123581 20.221082935215676 -38.359608666529915 -65.26201444559061 -99.99999412379421 -83.33632502305058 99.99999915655562 39.683227538533004 -4.992537516206694 14.683228508850675 37.9316523304268 -46.82583035553637 62.84634502753522 41.8621276306304
14101 197414 0.00013658785514301881 0 2183.35603251835 34.52129493562379 -63.77830482435878 81.59054711405076 15.747717785222534 22.129427978069742 -62.43919769440387 16.429330112862885 -79.8064151237111 23.87147017288629 59.55792269633777 -78.77385297014709 75.72983957703735 -8.659648352389269 -76.09100172030503 -8.208997187196491 -0.2576553465068798 21.020457359914417 20.221050402791853 -38.359598446125645 -65.26212510882488 -99.99999476791353 -83.33632420910678 99.99999911414656 39.68329744097693 -4.992539562150132 14.683237501209817 37.93165537720267 -46.82605052122602 62.84684050122314 41.86234346389094
14201 198814 0.00011585594842745981 0 2183.356032733965 34.52118441971037 -63.77822036008169 81.59054728303661 15.74772553677036 22.12939225264885 -62.439221779338595 16.429332014162583 -79.80627787158957 23.8714651315739 59.55791988035674 -78.77385205786602 75.72983715772432 -8.659867037379627 -76.09094421427164 -8.209001606675002 -0.2576530057695834 21.020460194640265 20.221019329245692 -38.35960835160779 -65.26212781986439 -99.99999491320251 -83.336322824378 99.99999909483594 39.683343782503044 -4.992540385323521 14.683229767222656 37.93165725009102 -46.82590217914043 62.84659228239383 41.862513480761635
14301 200214 0.00011460722379324508 0 2183.3560318813616 34.52113712753769 -63.77802969057327 81.5905477541616 15.747721549158399 22.12935090828192 -62.43922269220542 16.42933213700161 -79.80646603424643 23.8714633899246 59.55792024995391 -78.77385247767319 75.72983445713226 -8.659669178386153 -76.09100877067033 -8.209008497908085 -0.257653308471248 21.020471842835377 20.221050388312833 -38.35960336600546 -65.262193798492 -99.99999487369782 -83.3363224266102 99.99999912334769 39.68336134381937 -4.992540075817391 14.683229434382355 37.931657125116104 -46.82591809149372 62.84684286375227 41.86250696980878
14401 201614 0.0001183860614103738 0 2183.356030915892 34.521128178661876 -63.77820380568301 81.59054670528323 15.747724611401765 22.129399859467654 -62.439284662824704 16.429331675474543 -79.80634149957146 23.871463015969596 59.55792045656915 -78.77385190441314 75.72983962394437 -8.659835070597154 -76.09096597512035 -8.209017138665452 -0.257653520147727 21.02047635281707 20.220979325145066 -38.35960510373631 -65.26212051465046 -99.99999450062926 -83.33632476907827 99.99999907874368 39.68344046945262 -4.99254088636811 14.683223936092105 37.93165509559218 -46.8258453984773 62.846788608486804 41.86241033689262
14501 203014 0.00010985810176963198 0 2183.3560303610893 34.52122875059245 -63.77835634723812 81.59054715350041 15.747726871150917 22.129376110196517 -62.4393043367666 16.429333269855476 -79.80608203302612 23.871470490328477 59.557918382605294 -78.77383873592495 75.7298384194224 -8.659803917820042 -76.0909326820414 -8.209017317891227 -0.2576524594146292 21.0204728117767 20.221055856535386 -38.35961059169939 -65.26208356253738 -99.99999421215539 -83.33631659516037 99.9999990332746 39.68345406434577 -4.9925414657240275 14.683213974223179 37.93165532728658 -46.82577985710304 62.84638085638642 41.8619834338991
14601 204414 0.00014555861614998922 0 2183.3560339164187 34.52150081895823 -63.77822603423 81.5905492282989 15.747723993269489 22.1292692335005 -62.43923132910351 16.429335041124602 -79.8057940837231 23.871477066938752 59.5579176239569 -78.77382724762342 75.7298246370988 -8.659452927262677 -76.09084390568009 -8.209019815023964 -0.2576524351413525 21.0204766272318 20.22122330467308 -38.35961603980038 -65.26211805903719 -99.99999406248762 -83.33629707727194 99.99999891612347 39.68348000034021 -4.992541489123414 14.683197212543973 37.93165632262342 -46.82570051082328 62.84608548911535 41.86140152350933
14701 205814 0.00015774038028121284 0 2183.356031786117 34.521465993698584 -63.778197742539646 81.59054890743809 15.747727551145857 22.129305801290975 -62.43924566949403 16.429334859318317 -79.80561999182132 23.871477602501045 59.55791871521549 -78.773823925701 75.7298227647959 -8.659493066914408 -76.09085411186129 -8.209021255021755 -0.2576529641725074 21.02048922444243 20.221212040796544 -38.35962359231125 -65.26209842305084 -99.99999371674578 -83.33629743434723 99.99999896458166 39.683524082393745 -4.992541156175559 14.683192507240534 37.93165340348764 -46.825573309684415 62.845899172541294 41.86129463504639
14801 207214 0.00015729819845897302 0 2183.3560308045744 34.52149974360352 -63.77775937594483 81.59054776320212 15.74772274245609 22.129555386538023 -62.43933199799622 16.429333545781105 -79.80589453939658 23.87146492345468 59.557920145417214 -78.77383135465281 75.72981460724984 -8.659317574993182 -76.09099511631163 -8.209000327634449 -0.2576489522590748 21.020465680087284 20.221093900824044 -38.359608202346415 -65.26246519027222 -99.99999510068797 -83.33631610494918 99.99999921355129 39.683639038490014 -4.992535497896514 14.683209014926888 37.93165914365389 -46.82590967853284 62.845875304368064 41.86235785182279
14901 208614 7.463378138345821e-05 0 2183.3560338478283 34.52155848795981 -63.777544169289236 81.590548128293 15.747720830361061 22.129622390127373 -62.439331049629345 16.429333888635057 -79.80587301021635 23.8714625320205 59.55792040394461 -78.77383393332755 75.72981015812613 -8.659277250954062 -76.09094353470039 -8.208998505219121 -0.2576486123787731 21.020469983077533 20.22105839867055 -38.35960540835704 -65.26250868540848 -99.99999518421036 -83.33631877301164 99.99999924303285 39.68363551619248 -4.9925351859447105 14.68320899606104 37.93165934883542 -46.82586206384164 62.84600934974259 41.86249874440065
15001 210014 0.00030183627693639817 0 2183.3560330103965 34.52184692670463 -63.77768762772333 81.59054964631062 15.747714319556508 22.12960084996498 -62.43932416839861 16.429337421250153 -79.80554315418564 23.871476983136546 59.55791459671638 -78.77381096041168 75.72980774994267 -8.659083509519476 -76.09060472185561 -8.20901249541965 -0.25764584364716825 21.020448664060524 20.221223288224053 -38.35958734696967 -65.26237451094153 -99.99999455026729 -83.33630603634433 99.99999903017371 39.683380108708036 -4.992537675505661 14.68318299639759 37.93166450308729 -46.825795888721956 62.84627824727863 41.86177874811895
15101 211414 0.000221656764794839 0 2183.356033413542 34.521534757138724 -63.77805904145344 81.59054864800098 15.747701280505055 22.12962691873843 -62.43946070329318 16.429334005248478 -79.805707984176 23.871486476257132 59.55792082747345 -78.7738401659216 75.72982626600594 -8.659491524265178 -76.09062087511674 -8.209015209380965 -0.2576517080387646 21.020488195210874 20.22102927991724 -38.35957045237767 -65.26215581181376 -99.99999337231043 -83.33632327283658 99.99999914955342 39.683249722007844 -4.992537525289007 14.68319407129107 37.93165448840985 -46.825584443946724 62.84632892738165 41.861522003953695
15201 212814 0.0002989406422170366 0 2183.3560310433477 34.521576764645616 -63.77860918388277 81.59054771314126 15.747719656642033 22.129335921892867 -62.43937839246834 16.42933293917835 -79.80520344437306 23.871490138875544 59.55792151042235 -78.77381388777523 75.72982755630889 -8.659761878305858 -76.09073426459986 -8.209009748474362 -0.2576526985863268 21.02048173914298 20.22111868339755 -38.359610120380914 -65.26193276983778 -99.99999284384948 -83.33630109000244 99.9999989365259 39.683411227065875 -4.992537568046489 14.683185726501534 37.9316525631571 -46.825403981400825 62.845252987890944 41.860768539223756
15301 214214 0.00033675750411337515 0 2183.356032638356 34.521745058379985 -63.77844572257122 81.59054686659792 15.747713690619236 22.12951563413607 -62.43952001161897 16.42933407804952 -79.80479143363627 23.871486436702554 59.55792153927007 -78.77380275589019 75.72981599672232 -8.659622534565358 -76.09064712905192 -8.209018549011343 -0.25764974739712443 21.020512889535752 20.221021073430222 -38.35959488777728 -65.26201561117361 -99.99999172019959 -83.3363106223831 99.99999903144023 39.683609411120386 -4.992535319476598 14.683167078198295 37.93165065297924 -46.82509995831802 62.844886820089584 41.8604638938958
15375 215250 0.0002327454912161801 0 2183.356031202051 34.52192832467817 -63.77808456937858 81.59054776907527 15.747688323856693 22.12973641867785 -62.43968518481873 16.429335834804107 -79.80504791365175 23.87149455835373 59.55792056632569 -78.7738104293312 75.72982189391888 -8.659547370447143 -76.09055222123155 -8.209036007624748 -0.2576503668741452 21.020558942626764 20.220839808164094 -38.35954516672951 -65.26209778612096 -99.9999901059545 -83.33633359959752 99.99999911532626 39.68363024804353 -4.992535250569531 14.683159413209495 37.931646518315155 -46.8250448363095 62.8455785908065 41.860454823218646
