% # columns="iteration, evaluation, sigma, axis ratio, bestever, best, median, worst objective function value, further objective values of best", seed=726234, Thu Jul  2 11:36:46 2020, <python>{}</python>
1 15 49.13827991028576 1.0000490012005196 1843.0521874717795 1.8430521874717795e+03 2152.5382278739726 2441.765153642418   
2 30 49.395224795466866 1.0352040460105614 1707.9317064686843 1.7079317064686843e+03 2038.5328152862314 2346.6994513854725   
3 45 52.07451771370435 1.0401679635635293 1707.9317064686843 1.7721969488462667e+03 1939.820241833221 2100.5193407056404   
101 1515 0.2814185695203101 1.5878152654696578 993.5800385547882 9.9358003855478819e+02 997.3011349908834 999.6346318921003   
201 3015 0.005311382686790885 1.8270892101379537 981.0869420311024 9.8108694203110235e+02 981.0881819784788 981.0888824241756   
301 4515 0.00024363091975450658 1.8909905059405543 981.081834132107 9.8108183447758302e+02 981.081835692956 981.0818363707465   
401 6015 3.288417755496458e-06 2.0728515566373744 981.0818303737635 9.8108183037376352e+02 981.081830374073 981.081830374406   
501 7515 6.967072941005865e-08 2.1478413881437217 981.0818303714684 9.8108183037146841e+02 981.0818303714688 981.081830371469   
532 7980 3.190627709510553e-08 2.144514662077146 981.0818303714677 9.8108183037146784e+02 981.0818303714678 981.081830371468   
