% # columns="iteration, evaluation, void, void, void, xmean", seed=38, Mon Jul  6 12:19:09 2020, <python>{}</python> # scaling_of_variables: 1, typical_x: 0
1 14 0 0 0 -2.2937128623173226 -10.364216466079426 -46.167423401778805 2.0307599939984975 -28.082662016669396 15.395726963033468 5.103243392149232 -17.830043075503244 -21.28136272625801 -14.72356935189261 -6.889765586671936 27.73401272247638 8.778194280712267 0.27346088522627643 17.79064606439928 14.246798787962781 -0.20877829467769038 1.6720419096179018 -5.784685359264445 -0.7469776052115243 32.87148313755492 -0.3741598034138228 2.3551904629363705 21.27654083798603 18.11868116187429 6.547851050342051 -32.090744565726204 -34.93854114516656 -29.58958995847264 -30.551556068425135
2 28 0 0 0 12.964736593621629 -10.169826355082993 20.65164462150797 -2.917675840540154 -23.902730110050584 -17.40980081630785 33.60292246681218 -4.210604316936266 -54.83032927246805 34.53301658341846 -15.93887437149369 19.76658672961992 23.300910998145064 9.401721189211134 -10.84817973436147 15.803749840597975 -9.531793646256686 -4.459754785924222 -0.4960031450049911 -52.299689031119215 18.1425830722806 32.357325376513295 4.2177490785867455 45.383751287005275 2.512357401008657 8.588351003356454 -41.87315722417679 -32.63710797338586 5.509506726892912 -17.34262127872225
3 42 0 0 0 18.35550457627344 -19.629733007139773 26.995814811307685 -39.98045375778986 -37.9287097927071 3.9251179630951967 34.232774404507666 -1.3455877967722278 -24.4419587834244 26.85593804272747 -17.996083804167018 7.370577415179124 -0.2644753039506611 -31.610799589063173 7.66468723467786 23.004146796603163 -22.66052548403526 0.32410997405389974 20.01131902520987 -9.39137125349366 20.695207648553367 25.91274431559405 23.18555257849805 42.8481433578536 -17.05325495817995 25.802009743216253 -2.0155449053832015 -8.962373617200747 -3.9271854937916864 -12.552528821683724
101 1414 0 0 0 41.2216825738785 -186.68266757435538 28.85657370048557 -93.73466118151411 -111.75550784343409 140.40415774861955 143.8209536587548 -92.26023078402957 6.687843488271547 63.01929632477197 -255.18522179054787 39.16464252103154 -57.378599470813626 1.955530072458175 -6.955509077784386 8.760381944562647 107.44536658530234 -110.12198498675576 -51.38307617783374 299.8640910998924 87.75999862879212 -109.43617307039302 -5.583195153588286 6.532026672194847 -204.41810835230564 67.3051563899425 244.47145795915335 -31.712908670230664 -18.190391552510356 17.800970503614465
201 2814 0 0 0 61.545125025632714 -143.9280890592042 56.865857438261365 -99.05120950512473 -113.05659541693618 165.53384988608218 138.82173661135556 -139.25025124265596 15.505687403808619 72.79218995913791 -235.92752127172776 18.490488662314437 -66.21810751350786 -25.478655948853554 -7.9699269326715 12.42665497852724 85.66108452793603 -147.0885972304114 -56.829213432343494 328.57286100185866 103.93054509463812 -101.56236473085907 4.7256850786896365 -10.6122642178242 -200.73219022557703 94.35445552614397 233.718433005348 -27.124484492256826 -17.961736278078117 88.43781719052933
301 4214 0 0 0 59.88085104799275 -157.71855828843564 43.306742122288966 -96.68572737647982 -109.31419947065815 169.17102303339456 150.97739338578802 -147.25397916284547 14.019841594104726 63.000483748180436 -229.65330352834806 11.592607759916568 -63.94434692029318 -24.857911519787173 -7.8556392434825835 0.27207074601390413 104.45094822186778 -150.22977997477554 -59.60199412654522 324.6044302108982 105.36792382571655 -109.04692915657276 -8.751538137846614 -8.667282850386867 -197.3804970563862 91.93987529277244 229.37338183078165 -26.441440422783483 -24.043434153009954 83.77790960056845
401 5614 0 0 0 60.82151091341104 -159.50992140706452 40.917955247369996 -94.86914105874457 -110.10286846023395 167.72282934006222 153.6312897598874 -148.00237001721564 15.253019973079645 62.912306416347455 -230.14498178629668 12.689926430146159 -64.69339249048757 -27.997065285295086 -7.942008553972204 -0.28986502403366887 104.49251986364352 -148.6337686881995 -58.41338979593695 324.4735438377892 106.38922516677663 -109.78659749655624 -10.62711426023592 -9.49405760545543 -196.00316203393726 93.02131207788612 230.46424760627147 -26.579320766560905 -19.648319775837933 81.55610443887981
501 7014 0 0 0 60.35989227234814 -160.21392984806968 41.72096061647634 -94.74228280499246 -110.0979994549256 167.45081535295768 153.84722828798172 -148.4120559036266 14.48890966212228 63.30428929134928 -230.18832012231567 12.259218432641045 -64.34280990421996 -28.441697366182506 -7.889688300625082 -1.0364204110427107 105.36262863540136 -147.3809175388352 -58.43855285333401 324.54893937365676 106.70349343167429 -109.76822078122889 -10.865312988092608 -9.09240840434367 -195.922586546935 92.48829042335069 230.53862540701337 -26.507759313688567 -19.17202203233153 81.30706271706865
601 8414 0 0 0 59.03309189308408 -160.0007508053195 42.50011039127178 -95.26840912729328 -108.93944548747127 167.221894212717 152.13581743849215 -148.85258938976355 13.457721678298862 63.61050697799173 -227.904218788339 13.317786081808178 -63.322522862488626 -27.101871488313385 -7.7398591180774785 -1.9354720530996847 105.57525955526768 -146.88142007639172 -57.537645234170164 322.65006038961025 105.09169749628062 -109.62328627730099 -11.395251839424924 -7.9658837727462855 -194.4322190510451 90.94850668973122 229.85818577398632 -26.279749618443347 -19.679627821556476 79.81407941508753
701 9814 0 0 0 49.47905197274059 -165.80010847223227 47.361363159182794 -95.19356485588716 -100.21795753927142 161.04690143680534 140.39823375194982 -155.8577282897785 3.916214227600532 65.4867818697007 -211.45806078363546 15.066486411881748 -55.96752518337089 -11.21642871114003 -6.65895969788172 -8.825633780249898 107.97537353856161 -140.91008766787948 -49.86767989812819 308.14156728933733 95.99624764337113 -110.66959591193098 -15.03231837356965 0.12732123567836762 -186.33172321112582 79.90610908853999 225.25379845250407 -24.639589335005404 -21.96560005462739 70.66465684127363
801 11214 0 0 0 -2.438695102860377 -188.23427277216294 65.71670810663177 -100.05010606046619 -66.75845490485439 129.0639062530796 83.97118780002134 -181.76141180999912 -36.20049347522181 73.70241991095027 -142.13208663662613 27.798390604904316 -15.965735372139001 55.572382632604224 -0.7748121811440439 -52.57649500720856 113.40600790571509 -122.21316768500711 -22.409632084321284 246.33671260039756 35.241928976744404 -121.37452806397766 -33.04210907724795 44.14105185179419 -144.05404869739073 19.873354617298407 203.55709762433463 -15.755597831489753 -36.31138836374963 21.6641579792676
901 12614 0 0 0 4.073888437069647 -178.9802536203409 65.96178296749495 -100.05159750197305 -80.00671966865279 132.6507494650811 91.01385593654904 -177.54675402479066 -29.54094182504445 74.82752045819545 -154.7695051697178 30.953166120852067 -20.978848347167187 45.74786584039568 -1.525783905298879 -48.73926922809181 107.90214539355485 -124.85520783046888 -29.569721799062297 258.89045484945706 35.281673534788084 -116.42026831510583 -29.120361654569045 38.626638094469634 -144.5471183703286 27.396723649246944 206.76185102735872 -16.8800739104471 -28.07135964966736 27.557285911812794
1001 14014 0 0 0 4.708049567181878 -177.26907722349338 64.4966235966193 -103.52454373076222 -94.04252115708168 137.0664765833284 88.57778169802995 -176.8655842638053 -25.984024884151957 80.69098339443137 -157.58050795790422 31.96937028813991 -21.46753960875321 42.269656510684364 -1.5926912680100007 -49.06897553683508 97.57623289717851 -130.62601136293537 -29.72836775353998 264.5318571507198 18.823816987760328 -112.12746873335293 -26.731456973813835 38.09416106766835 -137.92829657585287 28.130138672593727 205.95654494841466 -16.98362044141797 -20.517799857622975 29.734123662714897
1101 15414 0 0 0 7.533052282452559 -168.3199814040242 63.059369606374986 -110.32229395497231 -131.48325698892302 155.78681658656274 73.88775742349733 -173.35943966889815 -10.865471446863612 92.87741940167409 -171.82469332981606 28.24713065441875 -23.6421725789096 34.313384251231184 -1.9137122609704729 -43.68946481344577 72.70945229234582 -157.79395970453973 -38.764314198411874 284.23595443255175 -23.352619824196065 -100.87953705773097 -20.928441554362617 35.693699382089 -123.79134183355141 31.39829417337173 198.03013516588842 -17.468936381249346 -7.01486800840849 39.89371186943574
1201 16814 0 0 0 5.48402737563137 -161.83869388970743 72.56760363741985 -109.55803232799397 -143.98459242899543 163.0736713938468 66.055387680515 -170.55879370431597 -1.7073305076848622 100.9337231911921 -179.29733738385275 26.879797832050972 -22.063848595964707 35.53729876286305 -1.6806883433920814 -38.03789342124473 67.40199165006022 -165.39913406173628 -45.592894268280084 294.7670888614223 -37.516077115745624 -97.63311044161736 -16.746083745432454 37.4313462266033 -121.74443723410698 29.02958594270104 197.82764491741807 -17.119263756384036 -6.673342614823793 42.509473209563424
1301 18214 0 0 0 4.85968402022307 -163.96948679490302 66.86102976658677 -111.94855065838009 -142.71043985939215 167.0321886718396 65.44343370404096 -170.11945327518168 3.563099586665142 96.93786992438656 -182.58667078477566 25.21065917549141 -21.583313697829563 34.812078851875675 -1.6102872221175057 -38.33672767814121 66.28485684344919 -168.68492802433244 -41.06537829971564 288.6715076592752 -43.41980663908075 -101.77126618211022 -22.317786077772276 37.96139310242733 -123.70266007645746 28.30777427441323 194.20048741095596 -17.012597038581138 -13.876974818194693 41.92304015931451
1401 19614 0 0 0 4.49254152836482 -169.50362348336503 54.21814884262545 -119.01807618953403 -148.1016882103583 167.18141649367232 65.32152203329315 -173.883367348422 11.100533292951978 86.14244517562649 -189.90012030027103 17.935440762069376 -21.299494735620165 34.78386546040268 -1.5683772732680539 -41.19830223293599 55.658048419262705 -179.9831086757597 -34.40655829635078 276.3849552073072 -58.796082063938336 -104.41654629728608 -32.973272347368024 38.27148107645022 -126.79867766943255 27.88409127314692 182.32983159857545 -16.94936773210941 -24.533913452029743 46.39122580484086
1501 21014 0 0 0 5.035117255299011 -170.5473464611859 49.83953890243632 -127.50476218729304 -147.0794153900264 167.00339523513924 56.262692087684606 -176.05796040174252 10.690851205879046 73.0780446303828 -189.1987211260321 17.17016085082668 -21.717976081901167 40.872255872304905 -1.6307874421736488 -42.02443427465975 54.332585460750344 -192.06671363059198 -35.99540528320754 265.59476078198594 -66.87414944596813 -113.43300130845181 -32.68997395094049 37.812830942444286 -129.3444954909675 28.510361244945273 174.8054393672636 -17.04189881579408 -32.99554087757406 51.60333079568353
1601 22414 0 0 0 5.0347184920609545 -169.9809183163785 37.39898917081613 -133.89708767234038 -153.76891246489197 167.69560417094775 54.42898743262229 -177.56889828533465 9.783468457145084 43.89508595173151 -196.74866287221292 19.201197532055094 -21.71751494037403 46.41891619296463 -1.630609443341601 -42.15650270292478 48.33146352014683 -210.8100828650643 -35.26641383554812 247.0487845059168 -87.33158901464067 -127.86776951438719 -45.15497271451675 37.813228333061545 -135.55753923257603 28.509837073053014 159.8376871498678 -17.041780855124042 -45.806074969663456 57.623704318988196
1701 23814 0 0 0 4.927416728787326 -169.79638474881253 30.291316063932708 -132.06860001817648 -153.1797913856248 167.32414897016722 57.401667794502636 -178.30177474930397 2.894577032221367 17.65344923368135 -203.14753864797274 19.283234748164503 -21.63455532062057 51.29249463752706 -1.6184500164950193 -41.78884615137318 49.47046500190528 -214.7433736748436 -35.010407189680286 223.10331026692845 -92.47044795922972 -134.74898800812005 -63.02571333963268 37.904017686967144 -135.33502675358966 28.38597912359018 148.6725192520463 -17.0231447426907 -55.20792421895673 54.97268135171105
1801 25214 0 0 0 5.08428889983182 -169.74459672354632 40.68465289170221 -122.15560847397836 -154.11629693653276 168.02690171546124 63.023082414150636 -178.503836084595 0.41252038759713866 9.53851381320639 -201.7481494726381 18.349610435540335 -21.755632306647993 62.03298322170808 -1.6359869254505928 -41.82734768541671 48.109263344556254 -214.7803932096326 -35.90749467262666 211.54360094482666 -91.79758088404067 -143.41868216475584 -72.4157548702442 37.7711486808633 -134.92475749589028 28.567585450822854 151.0149799003508 -17.050429408995846 -63.3234510190652 48.711303780642986
1901 26614 0 0 0 5.100617708508621 -169.90757012877862 55.745673117512354 -120.1685439182037 -153.76435610806809 167.78112204695623 63.15120595606275 -177.5480481101222 4.29800353381931 8.262411607805603 -197.88044465851775 18.39035215705502 -21.76813796123173 63.41400684105121 -1.6380091024823227 -41.672483642114706 48.312296747676974 -220.60222831543655 -35.61070627805872 208.62998927667599 -92.07376083100493 -155.80634676683866 -71.01456440748426 37.75722956185515 -135.08746056485992 28.586465483252738 156.58874800460785 -17.053059924496452 -60.8974841919897 48.03196826819762
2001 28014 0 0 0 5.023722846918322 -170.04562251919225 74.44417612058616 -120.74360995128936 -153.30535585864874 167.4415174509684 63.50531112567424 -177.59049169522564 6.937755069226179 -12.105190390961928 -199.81184901542014 18.621398953667633 -21.70909476193455 61.18229816256345 -1.6289678479413998 -41.80782618545134 48.36113547974228 -253.09541622758113 -35.32568878895868 195.25327102076477 -90.37727406098179 -204.6204344065376 -68.33555592545098 37.82222331779484 -134.97746071818662 28.497783271203893 169.3312307805604 -17.03994349523803 -57.37272168020062 49.30711575640869
2101 29414 0 0 0 5.01412655898761 -169.77005519380427 70.17558496843526 -119.50267087002447 -153.72543258933302 167.65258007834092 61.73250235613419 -177.85471631682074 5.235989822824548 -9.963031571838108 -200.67783016438688 18.324554539386963 -21.701518448824345 59.159872247729695 -1.6279067946478303 -41.99048989187927 48.401087351897104 -255.35101330367854 -35.73822044490046 197.52522588621005 -91.9329761648175 -218.74294245229459 -67.78613165094025 37.83020600973083 -134.7401615765234 28.486253438803487 179.34992551845792 -17.038134325550963 -59.78882415138381 49.44711900169002
2201 30814 0 0 0 5.013878333537952 -169.60725983464596 66.17161585333061 -122.552138903549 -153.5727875589761 167.5646706637302 62.61062578331508 -177.61442740309698 3.445470372211117 -7.629994833389723 -201.73901760935635 18.19268147692291 -21.701529985479276 60.20056037567215 -1.6278057429156192 -41.748246465092905 48.56175753329798 -260.7838463872389 -35.58274601128916 196.77291231001874 -92.5530072670284 -237.13857000598267 -70.65469955091436 37.83055731667234 -134.77448634659558 28.486176587858 191.42401069424236 -17.038241627207825 -59.942816290197115 48.387002841447135
2301 32214 0 0 0 4.959193332072562 -169.60617748681344 65.86428072585211 -122.66362286141505 -153.65285418002745 167.5194435463853 62.645697206231326 -177.79942219119746 3.400542951589789 -7.893224724588047 -201.55407319086078 18.283281818744616 -21.659329885190566 60.26581716047271 -1.6216375381322223 -41.91736342331674 48.61621210352257 -260.45851989684286 -35.53644498984483 196.69083987051994 -92.29273890174652 -236.13067757187375 -70.56772326500197 37.87700022892736 -134.97282968846253 28.422879297917362 190.72135725963847 -17.02893640918229 -60.01161679693117 48.567094978480334
2401 33614 0 0 0 4.979468167366674 -169.65843832445026 66.1526271719246 -122.46358832879228 -153.70991891300469 167.65271742359062 62.92017264652805 -177.88150915987038 3.52340940168309 -7.855609169332932 -201.67900645151786 18.316138622799055 -21.674934996980618 60.39767405786102 -1.6240164728147668 -42.00243014007859 48.54090687086822 -260.53687771309507 -35.43332311591951 196.6820801907754 -92.09578401957651 -236.73923517448958 -70.79254507460712 37.85973770284137 -134.91113308427745 28.44632792326596 191.43006003953323 -17.032406234585007 -60.01777994084242 48.29422380431412
2501 35014 0 0 0 4.974271555016497 -169.68016677323303 66.08097791343391 -122.5752097625248 -153.69694876768085 167.69255252433246 63.156890791420025 -177.83520962131678 3.674030894732775 -8.002587877989022 -201.7464561857144 18.38008104656532 -21.67080491666807 60.45842185525627 -1.6233968987263832 -41.96304655514457 48.53581484764593 -260.6702974257398 -35.45787911346275 196.40137439503457 -92.25814508030815 -237.07575638031037 -70.90284579600402 37.86418019098565 -134.95578918913947 28.44031719732579 191.5172820684461 -17.03146217383026 -60.15110709706691 48.260425837681616
2601 36414 0 0 0 4.977769476066584 -169.71508178662998 66.2332357622498 -122.49811655187835 -153.68576291136335 167.64802584306338 63.277847941564026 -177.79855945290885 3.778055697784749 -7.736399353495775 -201.74071083498058 18.319190264116898 -21.673497438205167 60.49540853941902 -1.6237693073967285 -41.90428737136274 48.54798443311996 -260.5830697962373 -35.44273818538648 196.55591783414525 -92.33627324464133 -236.82162629981062 -70.87309672846531 37.861230801508896 -134.90568576979777 28.44438506042192 191.41487665616896 -17.032044038425383 -60.047880058479215 48.301151436459
2701 37814 0 0 0 4.968354927057845 -169.71624403837234 66.29744828923036 -122.53497557239913 -153.67907007707603 167.64216964619098 63.1763657779673 -177.78988324803248 3.8110643493618066 -7.609805082834728 -201.66997095817842 18.307651040321467 -21.6662784191721 60.485052258472685 -1.622719163702971 -41.903257783560164 48.525125135784904 -260.50166620543257 -35.502321132989884 196.67658427401918 -92.27658526624006 -236.5776749578321 -70.81867707018326 37.86921169625561 -134.90765354748626 28.43349158733561 191.43033279097432 -17.03042713236047 -59.978044512675346 48.27735153132146
2801 39214 0 0 0 4.969001908147462 -169.7070536090657 66.25583445513342 -122.63994485747487 -153.68560804146617 167.68677725359544 63.22166482605628 -177.78649225535298 3.521692933363752 -7.771592169574682 -201.65164928503995 18.336064910486712 -21.666866306244202 60.6199688209373 -1.6227853420913092 -41.94202309547381 48.527665031831035 -260.4815750399042 -35.52614524643361 196.47741095571897 -92.09657749870819 -236.66437086186258 -70.86184864944306 37.86865042434021 -134.88733306976948 28.43426488547106 191.4379015868908 -17.030592609021856 -59.931325960413105 48.21668001417238
2901 40614 0 0 0 4.977953773644309 -169.7280845549134 66.26631996031244 -122.67376653780217 -153.6703568156194 167.7121042384822 63.33672277492139 -177.7705210021523 3.5860040847431986 -7.671449497013742 -201.57606979086876 18.3497054018436 -21.67372815254296 60.67628890082126 -1.6237838526507888 -41.92404850648694 48.51791474139324 -260.5106216129952 -35.53647930883956 196.5372223861363 -92.08054459262847 -236.5889219757039 -70.86356068281052 37.86105954655668 -134.89494065135978 28.444608340715483 191.39891203835612 -17.032092059883276 -59.929869308429005 48.23300729014757
3001 42014 0 0 0 4.9749636858096835 -169.735622400738 66.26830523352982 -122.75662571736572 -153.63443914312316 167.7092851681927 63.23246871809521 -177.7755904172155 3.476421844799142 -7.6428026810245 -201.5098407502848 18.293344040676697 -21.671449250099993 60.75259758729638 -1.6234540963899962 -41.93360752500608 48.50195091441333 -260.5435905425043 -35.54479959683811 196.46839188823228 -91.97471873142361 -236.58993956870773 -70.87408625616278 37.86359792458587 -134.86401206672144 28.44113936560679 191.4074226812242 -17.031605092722415 -59.89398672246 48.15838561274778
3101 43414 0 0 0 4.9791663620181374 -169.73671307298795 66.30652382830372 -122.77647292772609 -153.64826080613037 167.68706908354162 63.293233953779605 -177.783483303136 3.4458539026004753 -7.627913931096318 -201.4928370428282 18.310142455042968 -21.674708462314197 60.81674025665049 -1.623940492745536 -41.93200158156283 48.48795472933605 -260.5039222206288 -35.526003688905504 196.44679667701288 -91.90414408560787 -236.55817323682479 -70.8944147917154 37.86003496703022 -134.8664857916314 28.446006643137547 191.44038872231116 -17.032325652064255 -59.86754758130618 48.14325949266272
3201 44814 0 0 0 4.985768409231487 -169.74053545162937 66.31494135031163 -122.80770149716697 -153.6517806950786 167.67581323440166 63.277410736952135 -177.77908954116592 3.3850957058311035 -7.635278207950624 -201.48487714930332 18.31945997870887 -21.679771747211735 60.8025670380296 -1.6246743860593618 -41.915453977464736 48.50298919863381 -260.496527637409 -35.52783192185512 196.4232488332477 -91.87997659330884 -236.5735163255819 -70.8436895990561 37.85445501282688 -134.86616132408417 28.45362836375148 191.44396503281615 -17.033449980374083 -59.79142063100808 48.12239080783807
3301 46214 0 0 0 4.990373852874657 -169.73141489145212 66.29621770061564 -122.89429603238351 -153.64937598362079 167.6758874730363 63.331848557643674 -177.80302153708246 3.281789524701351 -7.646204500385283 -201.4777378120879 18.30123156483005 -21.683351740671075 60.86955547630596 -1.6251946209155455 -41.92939911041275 48.520535189990945 -260.51600342233695 -35.52920316267093 196.41434056960233 -91.73155018978527 -236.57124560051147 -70.85705542240633 37.850534680658974 -134.88087131357278 28.458956976712283 191.47466362453162 -17.03422630803684 -59.75142086389408 48.10500683376443
3401 47614 0 0 0 4.996943154266777 -169.73957291727797 66.30670531664475 -122.93864692758417 -153.64883328975483 167.6723528492964 63.390134081923755 -177.7990820743244 3.201013420627474 -7.611504465728362 -201.4719363892696 18.296495902691188 -21.688394618028443 60.93728664320942 -1.6259365768827563 -41.92800272947192 48.532554608632665 -260.51776461119096 -35.53501759600726 196.39411883953656 -91.61129850448569 -236.52833175241008 -70.84998774494609 37.844971281482636 -134.8688253815844 28.466547318131504 191.47105391690818 -17.035338843508672 -59.69588447140196 48.05303754858203
3501 49014 0 0 0 4.997666799511274 -169.76333552622788 66.2937763072927 -123.01782232651247 -153.6489374346513 167.66943967209926 63.41147575057084 -177.80418744518985 3.1965994356023293 -7.619375535780014 -201.49317238208363 18.289338129866533 -21.688944431111416 60.93622328170992 -1.6260324354438296 -41.93651261229322 48.52179312488373 -260.5354304911537 -35.52571853815708 196.38508160111888 -91.56721607730374 -236.53997889764713 -70.84067086584089 37.84436617311245 -134.8534312204754 28.467375310925753 191.4872905813969 -17.035466410897275 -59.69864896444111 48.081041050407606
3601 50414 0 0 0 5.001317097993407 -169.75301264138514 66.28735634705393 -123.17182481609338 -153.642831334891 167.6590922575356 63.49515191127668 -177.79804295662524 3.0379956461788353 -7.619177749283063 -201.48839213478945 18.303426692635107 -21.69173418442475 61.03082867553976 -1.6264512873410824 -41.91746089384588 48.526005336810044 -260.5413124592709 -35.516916770681526 196.36751742208418 -91.30292982293443 -236.5225945525567 -70.82293287648339 37.84126576236517 -134.8542213271044 28.4715812996502 191.50092208123218 -17.03611265998296 -59.60584533510565 48.04350449203626
3701 51814 0 0 0 4.985987848040423 -169.76802979204575 66.24850764182519 -123.4898181136622 -153.62423701517713 167.66557536094155 63.44881793131125 -177.79430812306313 2.6258474260389306 -7.676005950073801 -201.49441764148864 18.28733924418492 -21.679931486939957 61.13719593126928 -1.6247115606366176 -41.91168490707444 48.53418981879203 -260.550595100865 -35.51016415440716 196.38092372461142 -90.9671119445712 -236.53555001518734 -70.79195070717773 37.85429341840119 -134.836918987725 28.45386659870993 191.5344806193514 -17.03347175120774 -59.5326417727732 48.02326949031785
3801 53214 0 0 0 4.968390570100133 -169.75331984151325 66.24415134068134 -123.81029405738519 -153.6343108365418 167.6448449922728 63.54383044630873 -177.79033566169127 2.0876763293332683 -7.72670482496511 -201.48474601361406 18.29141532639136 -21.666368802578436 61.322661139092276 -1.6227153513919583 -41.886734587679925 48.50832141055262 -260.5137965460144 -35.53308634707704 196.38814567475356 -90.52407435706107 -236.5294056001278 -70.86734669447235 37.869192369503686 -134.8213933749527 28.43353180624324 191.56058129926754 -17.030458077658604 -59.43251953010999 47.92552470150146
3901 54614 0 0 0 4.953848621194013 -169.76547420386365 66.24024537683584 -124.91874670679078 -153.60879665714253 167.68769010482646 63.474809917347024 -177.78522770694616 0.17506951494507902 -7.7739513990891345 -201.29046902295642 18.22678494699494 -21.655118398809773 61.67326547838539 -1.6211210840369028 -41.91181989034354 48.45523152588639 -260.4805906992314 -35.56844149955508 196.27726823038694 -89.1274873929636 -236.4957668110742 -71.13553033664722 37.881550094606865 -134.803531557327 28.416673719396638 191.57515739112 -17.02795636533539 -59.233236408340964 47.56830334466768
4001 56014 0 0 0 4.996196925705818 -169.7965956959229 66.15763423559632 -127.50263690427585 -153.70432043193 167.72327103947111 63.74009987112819 -177.79797416203033 -3.740779300372356 -7.897325492728274 -200.93939933832894 18.307136170391363 -21.68776643699475 62.03849190592066 -1.6258088148491663 -41.95054480274445 48.45039437568005 -260.56370283348525 -35.52665335243678 196.23029816112407 -86.10098405157402 -236.6916495767645 -71.11501270053917 37.84559421947415 -134.83304471612902 28.46572715814677 191.62499031921016 -17.035165079926585 -59.21254383800479 46.431209677825265
4101 57414 0 0 0 5.002474792967929 -169.72624103329036 66.12789228847275 -135.0414589201192 -153.74526844889763 167.70014515392083 61.574339728895986 -177.65473822000175 -14.870474924566006 -8.098451621420786 -200.37564656167845 18.380443954230152 -21.692586511965324 59.76342873087743 -1.6266082519336484 -41.89247362335329 48.50593068955907 -260.51966451923516 -35.49853700923887 196.72555737464054 -80.51545150250611 -237.18937060947388 -66.76110323578187 37.84034406164917 -134.87184360981408 28.472930295594544 191.46567158915343 -17.036343875537455 -58.565442089958566 41.0918571172212
4201 58814 0 0 0 4.952469255111828 -169.83155393958006 66.54242630546123 -140.89197467702007 -153.52726204991995 167.67663732032196 58.384203471794834 -177.87683777529634 -18.72384398906861 -7.484280945485042 -199.5738244098657 18.26149950169024 -21.65402246036842 53.40746538920671 -1.6208320360489452 -41.9457513182626 48.463977836902316 -260.26741045964025 -35.47758740110726 196.85261439768277 -75.91954424677054 -236.71895209580785 -57.692992197771154 37.882670297136194 -134.84214121212173 28.415074674685577 191.181937413333 -17.0276408859944 -55.38214367589889 40.49527540235209
4301 60214 0 0 0 4.964946738969858 -169.72430039149765 66.12347287615957 -151.26070951723835 -153.68739129085372 167.6793496138041 55.00661833440906 -177.71960182888415 -18.592331845083923 -7.366990607747664 -201.5619557124099 18.31828695555853 -21.66366465354637 45.465794103693995 -1.6222751862633105 -41.883553373184995 48.581706822599244 -260.76856626282284 -35.50705808864481 196.69200593546003 -72.30448652179595 -236.12035563791108 -47.79346842864812 37.87204091881922 -134.8330611109966 28.4295454439802 191.71798523617753 -17.029928418531316 -47.22616171092671 43.442781772681045
4401 61614 0 0 0 4.9623277407887585 -169.72425221554096 66.30269635317632 -152.84418578128998 -153.67671974354369 167.69436064792805 54.94264603514523 -177.76123274897853 -17.721360418886878 -7.151602770220033 -201.5172050387593 18.290775395436764 -21.66170533957903 44.32679972878965 -1.622028367585904 -41.91110184565897 48.4844667800179 -260.76449398501285 -35.50462991068904 196.26325241027362 -71.6766569906688 -236.0699789600996 -46.14746882033003 37.87431899860584 -134.86695167487042 28.42647111508783 191.75283569833292 -17.029420864811318 -45.25084533999022 44.09862529708874
4501 63014 0 0 0 4.960478186867606 -169.7332471080487 66.34360519336585 -153.30651831663508 -153.66367985853898 167.6888674280339 54.9318550268258 -177.70278496939983 -17.49009725703607 -7.115079350019422 -201.6012440222559 18.30288302622909 -21.660252047560267 44.06518934605957 -1.6218132885948344 -41.8982295147948 48.51387562065761 -260.74613154452834 -35.53244209036001 196.091739977938 -71.4172569688765 -236.0482250015566 -45.7830662142792 37.875895022141385 -134.86001662121225 28.424324541649153 191.6774845063041 -17.029100731188155 -44.75615204426209 44.236935412958715
4601 64414 0 0 0 4.978751692792358 -169.71683146539635 66.41304269678349 -153.9900629408052 -153.71148359660395 167.66608866885701 54.99510540936096 -177.7560437523532 -16.968784778875047 -7.061944723886373 -201.37050742413945 18.39028324823568 -21.674384983023938 43.59339526408204 -1.6238904015532465 -41.87852511636475 48.522801258330965 -260.71910520156365 -35.49167001838802 195.97782746568316 -71.14270396225201 -236.09224161784854 -45.04892089635003 37.86039651985651 -134.83339769820563 28.445518092134186 191.57246251143732 -17.03223085348232 -43.926846132295076 44.55436861023497
4701 65814 0 0 0 4.992935659655388 -169.74523570091128 66.49628686419136 -155.3287403620244 -153.66770280648706 167.6985762114884 55.2760979052842 -177.75413153089733 -15.970448191625168 -7.014183815329811 -201.00116276945806 18.32894563042183 -21.68528272979182 42.76401320431284 -1.6254846683905129 -41.89809623380762 48.51731197889212 -260.65749106162025 -35.513367863844756 195.91760006506723 -70.40855443935676 -236.14268598175914 -43.60401800459028 37.848357319028246 -134.85911230875666 28.461957850263847 191.40913780322742 -17.034648827363892 -42.15633478446507 45.23388724136885
4801 67214 0 0 0 4.982216370292253 -169.7862069167159 66.64041202077688 -159.26253087889881 -153.6689310358221 167.68266158154904 57.13853288536044 -177.751041000759 -12.203780928836293 -6.980523518600662 -199.35379478253807 18.32138548735356 -21.677030691611968 40.695262534467126 -1.6243328146463658 -41.922112369893256 48.558635881425865 -260.5326856036162 -35.44180543239681 196.0544444673105 -68.20947582897806 -236.36631926613913 -39.527222130247 37.857473187243805 -134.90332087576067 28.449528073799225 191.13332038709194 -17.032831356447534 -36.688312065394385 47.25526464150172
4901 68614 0 0 0 4.9763205647369855 -169.76245907307998 66.63696037784831 -161.21415695317083 -153.69105950658056 167.63411485272513 58.75638612095671 -177.72653409204798 -9.606006273360318 -7.070163660802181 -197.94486953323513 18.277114378877673 -21.672502759336158 39.540909048763794 -1.6236713957882927 -41.91266948107434 48.494690648340466 -260.45811434279267 -35.54139309150165 196.24073080801358 -66.66197694838542 -236.45094462410054 -36.97575133243761 37.86250197390891 -134.84485664291046 28.442664335618908 191.03371592980596 -17.03185125552877 -33.463232761476206 48.508066517794425
5001 70014 0 0 0 4.9764590881933595 -169.7498835128268 66.63027861104426 -163.24825993803378 -153.67150371777393 167.62112367960498 60.82422301619968 -177.70888433413583 -6.536789556910265 -7.235309072520841 -196.18649158758595 18.309832377923435 -21.672557317298455 38.41379333217751 -1.623636737723353 -41.90092520923986 48.50464199575902 -260.3854581179561 -35.5216598942669 196.41511303318717 -65.10789362244869 -236.628420228157 -34.38323666589848 37.862374707858166 -134.84936666693778 28.44279148942274 191.09926775750094 -17.031813373844475 -30.146479623131114 49.90633776567954
5101 71414 0 0 0 4.975117306824716 -169.730164947245 66.57713535505361 -164.03518052126677 -153.69096532248454 167.64950586697572 61.6885031512821 -177.74763526452895 -5.365497751962383 -7.3452626730993025 -195.4518088282028 18.344432257415594 -21.67153380399316 38.09378745424833 -1.6234788692682698 -41.887392059084746 48.52833732031264 -260.37569632244396 -35.52875726610412 196.4737931122508 -64.44658420599932 -236.6897551935191 -33.4062966824456 37.863512758047385 -134.8635799333648 28.441274434052815 191.08803988235826 -17.03160169670382 -28.922143350557633 50.4906823886657
5201 72814 0 0 0 4.9760164390586015 -169.72605711486364 66.54822516920034 -164.37191129383632 -153.67197318214113 167.65975470453495 62.19894308853318 -177.78275821373526 -4.726956106710213 -7.394124016129127 -195.04766290235597 18.321058241727624 -21.67222462509643 37.913648608179365 -1.6235877515034562 -41.90038015931873 48.5128922275935 -260.3764689948562 -35.508887898662046 196.53208459235958 -64.08083095491057 -236.71142766089412 -32.82160846353585 37.86274802478767 -134.85785854307312 28.442307016324687 191.1125538498845 -17.03176202712303 -28.204075850330085 50.734127638010335
5301 74214 0 0 0 4.978638288879825 -169.71987375430496 66.53051337352036 -164.57108481729523 -153.67809169023926 167.64417166055776 62.37547334967995 -177.75233123165768 -4.420640678990225 -7.432949196385232 -194.86262116844787 18.336153755509493 -21.674243436645337 37.79206354756387 -1.6238814570923312 -41.88087306351987 48.531537858301625 -260.37918351486417 -35.50514073012337 196.53148084174285 -63.9395499987857 -236.7446119558954 -32.59043969893686 37.86050402356188 -134.85679441276534 28.445367806414687 191.1126986639007 -17.032202637966083 -27.8946375058141 50.88599286904116
5401 75614 0 0 0 4.9796826395286065 -169.72907786411696 66.53283973851025 -164.57347329787893 -153.6711955273928 167.64405245864305 62.429173456452816 -177.76216462693594 -4.3747119249392945 -7.4392164021621365 -194.83999883007093 18.331070831332152 -21.675042680330723 37.794392400558756 -1.6239938055886565 -41.893168681328355 48.519530384580705 -260.3642026498849 -35.50393575756254 196.54033563661852 -63.92960930436842 -236.72762303022765 -32.57870446872461 37.85962076294054 -134.85959231335553 28.44656080416483 191.11690145146167 -17.032376642267362 -27.866029908511642 50.89113516904901
5501 77014 0 0 0 4.9792312374235195 -169.73181690901131 66.52711775102466 -164.60615020880027 -153.6739076617064 167.64787490817082 62.46980645707146 -177.76308376824738 -4.306159892203043 -7.448468673139306 -194.7924485284077 18.325722453296233 -21.674696527880524 37.78763068143823 -1.6239431926267345 -41.89540322772817 48.520943069665364 -260.36810650199106 -35.50712643152974 196.54018021533275 -63.89183715786251 -236.7390938059163 -32.52993548261861 37.859996043365214 -134.8544883129724 28.446047708135158 191.11706787718632 -17.032299500551556 -27.799069625881977 50.92051807486088
5601 78414 0 0 0 4.979667319830088 -169.73285741847684 66.52784529108398 -164.63938196288743 -153.67839624559755 167.65121380750048 62.493260278460056 -177.759635294611 -4.265149970762889 -7.452008824996286 -194.77082997119481 18.322742126968258 -21.675039120800115 37.76443219355189 -1.6239949394316584 -41.893492764757866 48.51822717405644 -260.3659054996286 -35.50777187169948 196.54196881131853 -63.87148626195826 -236.74233950864271 -32.487870114475214 37.85961941164723 -134.85305544469335 28.446557743968164 191.12164405893728 -17.032376323042186 -27.741364575965118 50.951987994665046
5701 79814 0 0 0 4.982178143614565 -169.73893338827276 66.52142160650732 -164.7165389995722 -153.67844964049704 167.648377416833 62.60742660113726 -177.75919457500925 -4.116888521748132 -7.4629657614214775 -194.67312833404014 18.325865497251062 -21.676983154680187 37.719151029926905 -1.6242817360963069 -41.89147779500265 48.519211632487234 -260.36572752830494 -35.4971979644513 196.54630120672445 -63.79190288254257 -236.7457945994491 -32.36534484806987 37.85748761829591 -134.8570225657 28.449466589831527 191.12184338654757 -17.032811305242255 -27.591258420104495 51.02098727418545
5801 81214 0 0 0 4.9817034593247875 -169.7432506246526 66.51925177466977 -164.76704025008314 -153.67896455983268 167.6534528613922 62.697499103154406 -177.7576319467769 -4.023119484710649 -7.4686696384696125 -194.5961350925814 18.3315864585908 -21.676625622934083 37.694835768217885 -1.6242267164949022 -41.89753917094012 48.52057920895225 -260.3640470021068 -35.49838178509461 196.5491245434261 -63.716114396781315 -236.74693564765928 -32.274778155336485 37.85788847097221 -134.8490822882663 28.44892141366459 191.12347944950366 -17.03273233305218 -27.48514750495306 51.0661489849196
5901 82614 0 0 0 4.981405498404084 -169.75241496335863 66.5196638055617 -164.84357846064242 -153.67576132277972 167.65563464882874 62.76108769643504 -177.7423328386991 -3.9432005878061314 -7.473186011692308 -194.53430661599435 18.323431686588847 -21.676393491535443 37.650725740246195 -1.6241984654547839 -41.89692156262113 48.51833486166378 -260.3619466251778 -35.49902146118266 196.549597992251 -63.662452267169556 -236.75103937883705 -32.184085624267915 37.85814241051934 -134.84992288633416 28.448578551266202 191.1280979426228 -17.03268516038978 -27.38074418108609 51.11633509292713
6001 84014 0 0 0 4.979314004040877 -169.75807680495046 66.51364328798556 -164.95133991749142 -153.66392381174168 167.65517776858667 62.88201624006204 -177.7368483549134 -3.8033624116678366 -7.478634678146373 -194.4345130118098 18.322404699220993 -21.674779153841424 37.59867554551291 -1.6239605656773641 -41.89908714956381 48.51811603536263 -260.363963043519 -35.500136473146284 196.55266837776486 -63.57166087276701 -236.74983892024454 -32.06314897043746 37.85993090497036 -134.84930519226774 28.44615683928522 191.12594424548587 -17.032335420154148 -27.234986827685443 51.177450061536916
6101 85414 0 0 0 4.977316890119921 -169.74839083509008 66.51002371402696 -165.06490676988054 -153.66430827711645 167.65752471924006 62.99880803569847 -177.73920999537532 -3.6160178225974122 -7.482827049664162 -194.31681323090646 18.30946959768692 -21.67323198051997 37.55665218939231 -1.6237433194692485 -41.90464166725918 48.51033867730118 -260.36710900534086 -35.51814390777622 196.556242243477 -63.48920885022242 -236.75477443038577 -31.95004831889196 37.861634411864706 -134.84845758278465 28.443831800319405 191.1297707251729 -17.031990136206744 -27.060415000748126 51.26098100254694
6201 86814 0 0 0 4.98022510401374 -169.754367623966 66.50704782145633 -165.34975643056552 -153.65970570490097 167.65163695939805 63.33987951993454 -177.73516885739616 -3.198139568516831 -7.4938444166516875 -194.03439238502256 18.305815146602505 -21.675475203640758 37.429945434662294 -1.6240662404191375 -41.90805362091751 48.50998297565029 -260.3648602672046 -35.51785614661012 196.55448751632596 -63.26187611623341 -236.76027989756517 -31.608645130325087 37.859171996629165 -134.8403990807429 28.447196364934154 191.13465690759205 -17.032485366940012 -26.6434871860861 51.44741144215619
6301 88214 0 0 0 4.983328435206324 -169.75733641922704 66.5042542532894 -165.68646388848123 -153.6613300207169 167.64619519402865 63.793138415683984 -177.74489711865863 -2.5466265395437633 -7.5014090503387925 -193.63643460627978 18.306840975460958 -21.677880961718113 37.23244593838779 -1.62441181253564 -41.90533735825774 48.5069186836637 -260.3624858681148 -35.511832201242974 196.56154521540478 -62.9447670662386 -236.76009849238244 -31.090246409782246 37.85653306791704 -134.84309573159922 28.450795550163118 191.14279405925697 -17.033013138799195 -26.021287239284707 51.74002714971878
6401 89614 0 0 0 4.983624534791002 -169.763664496847 66.49214833488168 -166.8112395911895 -153.6620920180323 167.65606050947287 65.54481697651346 -177.75052473297336 -0.3383623078806289 -7.522942146135349 -192.18247322970726 18.289325227690146 -21.67812286605514 36.65998005893236 -1.6244490732903358 -41.91447164312394 48.5084908714128 -260.3612680176434 -35.53913691755097 196.56699460731141 -61.78195713370904 -236.76168449230173 -29.374269136827873 37.85627170805046 -134.84322741681171 28.451159503312812 191.1502656410842 -17.03308138643449 -23.892171566942466 52.70359138042304
6501 91014 0 0 0 4.980307057796617 -169.75678641086003 66.4893454389798 -167.41984826591082 -153.66718861037677 167.64336086469504 66.5095162198738 -177.76269300733705 0.817536568515752 -7.528820879290921 -191.41487190655474 18.305995670975314 -21.67554639926688 36.35927329241502 -1.6240765101868921 -41.89895932942523 48.51171343125176 -260.3635538097281 -35.52960028649767 196.57347987000574 -61.16180946176052 -236.76947367899493 -28.505943609767954 37.859092910928794 -134.852866970711 28.447316048817886 191.16005546804487 -17.032504256625973 -22.789885038104153 53.20010157661118
6601 92414 0 0 0 4.9799005726389876 -169.750487184356 66.48687556165741 -167.73850094237912 -153.66967312117467 167.64865664396999 66.99788799354691 -177.74891104851545 1.4079627123950076 -7.534133606907154 -191.0047171949949 18.303589486374193 -21.675232445121257 36.19513910701674 -1.6240297359359814 -41.903232272016126 48.512990168409175 -260.3638073396938 -35.530117845936566 196.5723529221947 -60.83422161045967 -236.77355586560233 -28.03274120110761 37.85943402418573 -134.84966181971626 28.446839942721034 191.15938414084619 -17.03243632077586 -22.216286328756773 53.46394003391516
6701 93814 0 0 0 4.978287754118047 -169.7503552365322 66.48535263297562 -167.7911560889026 -153.67159444008374 167.65180809119383 67.14311382608287 -177.7562236292546 1.591187769108817 -7.535622197513645 -190.875923327071 18.31062261942654 -21.673987564545577 36.16144901233057 -1.6238471253181932 -41.90369660596521 48.51048258063005 -260.36391404167415 -35.52653768274601 196.57345043196835 -60.75409355182247 -236.77282225442977 -27.91839236593374 37.860802961067485 -134.8484545248993 28.444973892042576 191.15830944317267 -17.032158622075826 -22.078670828956707 53.532505378763496
6801 95214 0 0 0 97285.85833512813 -1669.172366008462 10220565.414099554 -715.4333513485278 -1647.3641874835312 1241.1233241202983 -171.81084094722345 -888.1757169796764 361.877721998489 -6589173.081022743 -136.17212576460037 167.29523696369031 128036.38448664478 110.32980469786801 266533.655582821 -282.10580575561954 995.66133353758 -7768076.912190696 -996.1816803036855 1217328.7139408316 -168.1736211473643 2776092.1116825743 -413.87699540811985 669057.8655582028 -826.1255353841639 455724.60850337095 -1434239.5156937386 -431262.1606195111 -44.822816352839304 20.189319642284893
6901 96614 0 0 0 97285.8675249966 -1669.1804025315773 10220565.405561589 -715.4431959526298 -1647.3596138757036 1241.1250283102195 -171.79545215777006 -888.1817036775271 361.8954103633401 -6589173.073200661 -136.19006837464423 167.2688444805038 128036.36710438991 110.32909470606529 266533.6528245151 -282.1076744880182 995.6745885518377 -7768076.890725301 -996.1727280671353 1217328.7202540336 -168.17457612570985 2776092.1387596168 -413.8395555864179 669057.854902422 -826.0988485854095 455724.58619543246 -1434239.517528864 -431262.17465943104 -44.842201658837844 20.21413759450171
7001 98014 0 0 0 97285.87413126175 -1669.17503628777 10220565.416872276 -715.4509214833246 -1647.3540229991415 1241.1283741453074 -171.78458329807793 -888.1844004198367 361.9029729188163 -6589173.063171567 -136.17430231286056 167.27294163067535 128036.36168654473 110.32995882696734 266533.65958305856 -282.10765188219636 995.6728810077038 -7768076.883175243 -996.160930604941 1217328.7318859135 -168.17176418659332 2776092.129664931 -413.84239953044647 669057.8522807134 -826.0954649456519 455724.5891335938 -1434239.530623734 -431262.1722329237 -44.851384697244896 20.21435632442798
7101 99414 0 0 0 97285.87827484377 -1669.1756403763802 10220565.420026159 -715.4566195418579 -1647.3513253736555 1241.109438581295 -171.79101746418738 -888.1807370026172 361.9114220918901 -6589173.052310175 -136.1654384359343 167.2617933464379 128036.3492024611 110.32904295120983 266533.6449943448 -282.1139843605093 995.6606165879897 -7768076.890203696 -996.1484443075057 1217328.7233979697 -168.16435760291745 2776092.1339582247 -413.8402475277851 669057.8314530317 -826.1023539514898 455724.5916237072 -1434239.5259349376 -431262.1664286514 -44.85491956079312 20.226655812123244
7201 100814 0 0 0 97285.88114535135 -1669.1696888802442 10220565.42023464 -715.4592979408189 -1647.3527978395591 1241.1123567364393 -171.7823559685421 -888.1830927093695 361.9182810986599 -6589173.046641183 -136.15975334223907 167.2625830873093 128036.33791714288 110.3291098885216 266533.6454914969 -282.11877182314095 995.6729903412117 -7768076.887533132 -996.1478994527266 1217328.7223422274 -168.15906682251344 2776092.134635663 -413.83530866941874 669057.8156946261 -826.106174242441 455724.5831808738 -1434239.5220996079 -431262.1589301383 -44.85655295310465 20.230580253582502
7301 102214 0 0 0 97285.88651785813 -1669.1668123414952 10220565.419852208 -715.4659916738625 -1647.3526443862243 1241.1087387225273 -171.78185358855183 -888.1886933901263 361.9218527979388 -6589173.041786475 -136.15699743075885 167.25999901795228 128036.32830224153 110.3311927919404 266533.64456756355 -282.1163544052688 995.6742849306961 -7768076.882591584 -996.1455952234999 1217328.7212100762 -168.15711705923687 2776092.137229271 -413.83468255014196 669057.804986666 -826.1037954189018 455724.5773961075 -1434239.5202604914 -431262.15984771267 -44.8614901854635 20.234924061880623
7401 103614 0 0 0 97285.88532533587 -1669.1670375746917 10220565.420943491 -715.4674584804528 -1647.352682787164 1241.1079068899016 -171.78194592656794 -888.189709587158 361.9248753929154 -6589173.040683259 -136.15431671935065 167.25795911504042 128036.32458911993 110.33187707941103 266533.6444494101 -282.1146791038249 995.6745890111844 -7768076.881641954 -996.145918120461 1217328.720817171 -168.15851068470764 2776092.1363905054 -413.8358168490115 669057.8026744367 -826.103094702009 455724.57647837617 -1434239.519768908 -431262.1599720978 -44.86379914728796 20.236684521869538
7501 105014 0 0 0 97285.88576107784 -1669.1654376665858 10220565.421301387 -715.4668147825582 -1647.353527354266 1241.108149488672 -171.7823859834957 -888.1901056868311 361.92609793685534 -6589173.039386804 -136.152787752529 167.25712930546442 128036.32355052014 110.33198729549014 266533.6441521649 -282.11408027210047 995.6747421613578 -7768076.880984117 -996.1428555587781 1217328.7217548226 -168.1555342713018 2776092.1356888996 -413.83442902429795 669057.7999777361 -826.1027706827679 455724.574449634 -1434239.5201726882 -431262.16031301406 -44.86297367189854 20.238309461902897
7601 106414 0 0 0 97285.88800741716 -1669.165646717197 10220565.421718359 -715.4700506276572 -1647.3534958296937 1241.1118286468595 -171.7807127784245 -888.1933323679963 361.9274873887102 -6589173.036461541 -136.1501710827943 167.25341220581427 128036.31592855943 110.33184282305541 266533.64639752416 -282.1144732098582 995.6781461511071 -7768076.88083216 -996.1427307701651 1217328.7212529439 -168.15629405523404 2776092.135825246 -413.83407436475267 669057.797074212 -826.102531921615 455724.5733959276 -1434239.519728641 -431262.1585346105 -44.86688661111705 20.2411547597233
7701 107814 0 0 0 97285.88872914825 -1669.1643529937044 10220565.423317268 -715.4717175500043 -1647.3533167109656 1241.1128382295522 -171.780820509038 -888.1939691098688 361.9294557172094 -6589173.034426914 -136.14721843827112 167.25168975104296 128036.31354011474 110.33323798281478 266533.64774539444 -282.11333943018724 995.6775752354685 -7768076.878944887 -996.1393548237097 1217328.7217960304 -168.15524384872452 2776092.1344079524 -413.83432963764795 669057.7942289184 -826.1008330020671 455724.57389487274 -1434239.5207658957 -431262.1592677866 -44.86695287309217 20.241948263141243
7801 109214 0 0 0 97285.8888195009 -1669.162354958413 10220565.424639955 -715.4726794975618 -1647.352114486604 1241.1148337206337 -171.78096149419503 -888.19520199285 361.9309732728831 -6589173.03196248 -136.14363847664094 167.24883633620178 128036.30947976408 110.33488404264821 266533.64830114244 -282.11252945211425 995.6760728028006 -7768076.878350556 -996.135363110733 1217328.721257774 -168.1537168873804 2776092.133510712 -413.83298804973157 669057.7906526378 -826.1015931804294 455724.574002136 -1434239.5216192435 -431262.1595898671 -44.867696425937666 20.244393547301712
7901 110614 0 0 0 97285.88350856982 -1669.1605763915115 10220565.431284903 -715.4749278658078 -1647.3529022102227 1241.1173225795135 -171.7811850572525 -888.1968485672426 361.9353844140133 -6589173.026213077 -136.1346904006725 167.24329081559475 128036.29986004175 110.339723505055 266533.6506856029 -282.1088108340703 995.6732674555518 -7768076.877541112 -996.130505829209 1217328.721747073 -168.15494556825033 2776092.1301311986 -413.83246068814736 669057.7831108723 -826.100575869547 455724.57270176656 -1434239.5249110633 -431262.15980747726 -44.87032930338478 20.249437754108403
8001 112014 0 0 0 97285.88593697944 -1669.1590712967538 10220565.432169404 -715.4760186760454 -1647.3555054680778 1241.1172598839069 -171.77948709458545 -888.1981940148402 361.9365823100164 -6589173.023582637 -136.13204669965768 167.2407063984666 128036.29279741229 110.34118154443998 266533.65185898816 -282.10795483318316 995.6739656280043 -7768076.879291607 -996.1306738248578 1217328.721383338 -168.1563197644026 2776092.129890979 -413.8333834036396 669057.782281514 -826.102036635891 455724.56834930956 -1434239.5255293231 -431262.15731821983 -44.87105028816002 20.25177256314883
8101 113414 0 0 0 97285.88910680043 -1669.1597509062942 10220565.430933785 -715.4767199568649 -1647.3533217918175 1241.1215053691444 -171.77814129157343 -888.1957709653241 361.9372122312111 -6589173.022458505 -136.13049705303177 167.24124806536182 128036.29002089231 110.34160719291684 266533.65131365624 -282.1083402241806 995.6768645145813 -7768076.879028417 -996.1314730580082 1217328.7216328708 -168.15448278451592 2776092.1300009303 -413.8346224293731 669057.7810611764 -826.1029906384683 455724.5688144761 -1434239.5241542924 -431262.1572245366 -44.8709746532925 20.251931938655773
8201 114814 0 0 0 97285.89012765841 -1669.1595086307636 10220565.431248432 -715.477475155108 -1647.3532065070349 1241.1219742311796 -171.77812578687158 -888.1951843612644 361.93848404860915 -6589173.02133899 -136.1288574736928 167.2403811788544 128036.2871561024 110.34217816492554 266533.65117806697 -282.1077488622429 995.6768856385506 -7768076.878484003 -996.1309602548021 1217328.721639814 -168.15394033925014 2776092.1295388653 -413.8356244940234 669057.7780031395 -826.1036594127681 455724.5680355269 -1434239.52419172 -431262.1574750251 -44.871729717603024 20.253414226938528
8301 116214 0 0 0 97285.8900497333 -1669.1591331225259 10220565.431380356 -715.4781699405471 -1647.353738408844 1241.1213499884832 -171.77890760873169 -888.1953769565581 361.9386956181058 -6589173.021342545 -136.12887133071882 167.24063025746827 128036.28792395515 110.34208215548287 266533.65060076927 -282.1078289139636 995.6772760265233 -7768076.878374137 -996.13062601069 1217328.7221381175 -168.15333519087758 2776092.129363291 -413.8353537724072 669057.7780418277 -826.1036697300426 455724.5672153181 -1434239.5244028233 -431262.157428601 -44.871451873936714 20.252811336479084
8401 117614 0 0 0 97285.89022732496 -1669.1595372929103 10220565.432047179 -715.4786358433958 -1647.3542107922028 1241.1210965009145 -171.77896849921197 -888.1941233131602 361.9400653520649 -6589173.021287941 -136.12873929881042 167.24037702554463 128036.28763096218 110.34276602613562 266533.6510252369 -282.10636311605725 995.6780742025843 -7768076.877538659 -996.1303652481673 1217328.722513816 -168.1538279372698 2776092.128716754 -413.83741561608036 669057.7770351374 -826.1036716444112 455724.5664198583 -1434239.524758515 -431262.1582004156 -44.87132040842641 20.253270044824333
8501 119014 0 0 0 97285.88994784522 -1669.1601528409087 10220565.432085127 -715.4790821882075 -1647.3544640273205 1241.1206292687934 -171.7789419575701 -888.1945913876684 361.94021031775145 -6589173.021018664 -136.12850735323602 167.23927336026028 128036.28699594266 110.34263596566714 266533.6517024228 -282.10578020198403 995.6783812600753 -7768076.877615977 -996.1307315650738 1217328.722301047 -168.1543767065592 2776092.128834763 -413.8376806268202 669057.7763159515 -826.1043324267841 455724.5663797987 -1434239.5249956122 -431262.1579554914 -44.871854934935826 20.253345559585846
8601 120414 0 0 0 97285.88996517238 -1669.1605462587 10220565.432269074 -715.4791636532185 -1647.3545395901747 1241.1206514233093 -171.77884492211095 -888.1947109726711 361.94053353228543 -6589173.020783402 -136.1285429657043 167.23909312290616 128036.28645921129 110.34265067201969 266533.6517306572 -282.1056000877153 995.6781140990591 -7768076.877428711 -996.1308844943896 1217328.722291553 -168.1545430090276 2776092.1287597334 -413.8374105690266 669057.7758000866 -826.1042271208408 455724.56672770105 -1434239.5252050923 -431262.15814103006 -44.872234548037056 20.25356014361613
8701 121814 0 0 0 97285.89006882996 -1669.1606382473578 10220565.432367459 -715.4793518195659 -1647.3545302092225 1241.1203782937282 -171.7789425299655 -888.1951440216573 361.94069190928434 -6589173.020561965 -136.12845601026413 167.23882453300737 128036.28605644192 110.34257219821046 266533.65173855383 -282.1056186639509 995.6779976270025 -7768076.877344914 -996.1306744970319 1217328.7221933196 -168.15443419041696 2776092.128770375 -413.83716546408294 669057.7751054888 -826.1040538844078 455724.5667948665 -1434239.5252535613 -431262.1582017556 -44.8725760152385 20.25380107069717
8801 123214 0 0 0 97285.88976286854 -1669.1604779032384 10220565.432500223 -715.4794088521872 -1647.3545791125514 1241.1205842451852 -171.77895199787443 -888.1951283063212 361.9406547445769 -6589173.020524781 -136.1282219867164 167.23878414470508 128036.28607447782 110.34257522352974 266533.6517753305 -282.1056220884971 995.6779453744813 -7768076.8774111215 -996.1306676583281 1217328.7222311546 -168.15432435681677 2776092.1286847773 -413.8370995614622 669057.7752719987 -826.1041513124236 455724.5668207558 -1434239.5252545436 -431262.1581618602 -44.87257069598637 20.25361168460552
8901 124614 0 0 0 97285.88957191625 -1669.1605500381092 10220565.432492428 -715.4794744299757 -1647.3545023081415 1241.1206675859073 -171.77889271486157 -888.1951704431481 361.9407545868161 -6589173.020405484 -136.1280457023543 167.2387159388551 128036.28563438277 110.34262502568914 266533.6518145025 -282.1055358411682 995.677889259329 -7768076.877501204 -996.1306881965797 1217328.7221362817 -168.154598895566 2776092.128702731 -413.837002175435 669057.7750954721 -826.104276685007 455724.5668455863 -1434239.5252076942 -431262.1581082723 -44.87262468231947 20.25393641238081
9001 126014 0 0 0 97285.88962175761 -1669.1605337598085 10220565.432504607 -715.4794687037494 -1647.3544913521164 1241.1207057533748 -171.77890014934863 -888.1950744391152 361.9407466665123 -6589173.020410046 -136.12803922024344 167.2387484214092 128036.28564490458 110.34262299118804 266533.651808595 -282.10552079352493 995.6779129992071 -7768076.877493084 -996.1307072839102 1217328.7221772328 -168.1545343809022 2776092.1286861487 -413.8370514532156 669057.7751312563 -826.1042445509696 455724.5668502558 -1434239.5251798537 -431262.1581299625 -44.87260085663307 20.253875457762412
9101 127414 0 0 0 97285.88969354519 -1669.1605573141128 10220565.4324659 -715.4794979078983 -1647.3544606582152 1241.120672641621 -171.77888130537872 -888.1951313849339 361.94075264673097 -6589173.020416968 -136.12806583890676 167.23869048025347 128036.28562056478 110.34259084078701 266533.6517855516 -282.105564692864 995.6779278099176 -7768076.877496038 -996.1307208145555 1217328.7221619487 -168.15456187835724 2776092.1286861626 -413.8370036405829 669057.7750412482 -826.1042249288977 455724.5668619952 -1434239.5251747053 -431262.15813340916 -44.87262451157114 20.25389041892521
9201 128814 0 0 0 97285.88951446927 -1669.1604350274038 10220565.432453213 -715.4793920759365 -1647.354559700521 1241.1207883940372 -171.77876654776372 -888.1950653292754 361.9407008578838 -6589173.020489065 -136.1280342416177 167.23892166349916 128036.28557613862 110.34259486022718 266533.6517868859 -282.10554162648765 995.6779685354389 -7768076.877577267 -996.130782299495 1217328.7221707427 -168.15464018178332 2776092.1286222036 -413.837055688758 669057.7751293842 -826.1043601998566 455724.56678849825 -1434239.5251528875 -431262.1580969485 -44.87245719715226 20.2536479563756
9301 130214 0 0 0 97285.88960649373 -1669.16037568071 10220565.432478664 -715.4792582419923 -1647.3546149255726 1241.120767399197 -171.77887259775116 -888.1948493977799 361.94066206490953 -6589173.020343261 -136.128065510515 167.23875335041572 128036.28569117893 110.34264692623621 266533.6518029891 -282.1055567727468 995.6780867506304 -7768076.877698968 -996.1306726946425 1217328.722114913 -168.15420837533833 2776092.1287715845 -413.837204318612 669057.7748690447 -826.1045812889631 455724.56688183465 -1434239.52505906 -431262.1580147349 -44.872370918297854 20.253527179223255
9401 131614 0 0 0 97285.88994725772 -1669.160660280413 10220565.432294846 -715.4790804568394 -1647.354516187708 1241.1205747480853 -171.77889818243165 -888.1952825807202 361.94058275013197 -6589173.020315367 -136.12852491478725 167.23885687961152 128036.285718017 110.34236557877095 266533.6516403074 -282.10568667171776 995.6779565465195 -7768076.877594423 -996.1304110756334 1217328.7219552754 -168.15400556652983 2776092.128933909 -413.8366445051735 669057.7744342943 -826.1043272734735 455724.5673041395 -1434239.5250695813 -431262.15810303984 -44.872391050061104 20.253665977176777
9501 133014 0 0 0 97285.88979907725 -1669.160704270858 10220565.432461003 -715.4791132447436 -1647.3545322561524 1241.1206113586366 -171.77891352766682 -888.1953323414857 361.94063174388003 -6589173.02019536 -136.12852847366798 167.23878112786429 128036.28565477477 110.34238938083622 266533.6516148017 -282.10565084615723 995.6778024504816 -7768076.87760749 -996.1302794010091 1217328.7219401295 -168.1540845750822 2776092.128922353 -413.836430871936 669057.7744616354 -826.1042649089576 455724.56746696547 -1434239.5252015379 -431262.1580963927 -44.872430701120756 20.253680820457404
9601 134414 0 0 0 97285.88972712493 -1669.1607675817088 10220565.432656258 -715.478963740107 -1647.3544929665368 1241.120495641408 -171.77867129942095 -888.1955429333836 361.9405985388619 -6589173.019940907 -136.1282932250334 167.23862524524466 128036.28515863139 110.34265785728016 266533.6517275828 -282.1056787976168 995.6774729397742 -7768076.877463998 -996.1297692262258 1217328.721720054 -168.15397574166576 2776092.128869714 -413.8364238767043 669057.7738967316 -826.1042289679631 455724.5674511281 -1434239.525498158 -431262.15813189466 -44.87249804719369 20.254059734616458
9701 135814 0 0 0 97285.88972296331 -1669.160888769607 10220565.432711918 -715.4790042885422 -1647.3545774305585 1241.1202844817253 -171.77882797176147 -888.1956167337479 361.94064122858794 -6589173.019969806 -136.12842907670623 167.23843776514227 128036.28536147626 110.34261709179368 266533.65174430906 -282.1055364985962 995.6774095855419 -7768076.877479988 -996.1298601479145 1217328.7218051548 -168.15400858319387 2776092.1288702986 -413.8364383612128 669057.7738933449 -826.1041676521276 455724.56746185827 -1434239.5254446536 -431262.1581050799 -44.87255935618984 20.25402168032654
9801 137214 0 0 0 97285.89035392809 -1669.1608552849527 10220565.432557333 -715.4790918987816 -1647.354589011407 1241.1204779952832 -171.77881202244137 -888.1956898609308 361.9406601348143 -6589173.0198260825 -136.1280402751963 167.23812860482212 128036.28513909304 110.34268941516245 266533.6517441817 -282.10560042681885 995.6775444675695 -7768076.877433506 -996.1297788456712 1217328.7217543172 -168.15347174164418 2776092.128837848 -413.83651149684874 669057.7733337374 -826.1041442621346 455724.56719301594 -1434239.5254335627 -431262.15806382615 -44.87280274278241 20.253886520768745
9901 138614 0 0 0 97285.89053268547 -1669.1610690057244 10220565.432483038 -715.4791313002642 -1647.3545277573808 1241.1197638615336 -171.77893381562842 -888.1958710897616 361.940873105338 -6589173.019743163 -136.1283358375154 167.2378593349532 128036.285216052 110.34270212501956 266533.65174327185 -282.10565425745096 995.6771818404504 -7768076.877425359 -996.1296660481186 1217328.7216863285 -168.1536544090133 2776092.128997748 -413.836362879477 669057.7731071358 -826.1040199311094 455724.5674398013 -1434239.525403173 -431262.15817089425 -44.87290982173913 20.254151169856925
10001 140014 0 0 0 97285.88947694341 -1669.161325046287 10220565.433148554 -715.4791192285927 -1647.3549630017503 1241.1194993057707 -171.7786159974186 -888.1962314837882 361.9410378865222 -6589173.019483499 -136.12800237130193 167.23786867202412 128036.28416138233 110.34290918475995 266533.65204293025 -282.1047888582055 995.6772663306721 -7768076.877106141 -996.129776207363 1217328.7217063655 -168.15430587421523 2776092.128629169 -413.8365522642179 669057.772447977 -826.1035947688434 455724.56727076805 -1434239.52613238 -431262.1581252606 -44.87300845333896 20.254557574495024
10101 141414 0 0 0 97285.88926182792 -1669.160580276416 10220565.433357025 -715.4782085300524 -1647.3548348969855 1241.118745771104 -171.77885580861866 -888.1956589992892 361.940859960746 -6589173.01937797 -136.12812922466276 167.23782662354142 128036.2851239881 110.34342114447895 266533.6517329266 -282.1053821838294 995.676041888259 -7768076.8774665715 -996.1286461121172 1217328.721269226 -168.1537746926226 2776092.128910875 -413.83613108050787 669057.7723805654 -826.1042552678616 455724.56770317804 -1434239.526079529 -431262.1578588165 -44.87231228637255 20.25497341205791
10201 142814 0 0 0 97285.88951008201 -1669.1608007824627 10220565.43318973 -715.4786901365209 -1647.3547847246373 1241.1186978362919 -171.77905066513793 -888.1958470670542 361.9410490176361 -6589173.019406893 -136.12823392545573 167.23772088184828 128036.28504627118 110.34324039948179 266533.65172512777 -282.105321315864 995.6761845956485 -7768076.877583244 -996.1289905364432 1217328.7214070908 -168.15412613980993 2776092.1289387383 -413.83594770914794 669057.7723368392 -826.1043505309906 455724.5676764616 -1434239.5258240704 -431262.1578272376 -44.872548615234415 20.254830166854195
10225 143150 0 0 0 97285.88941529371 -1669.1608474531752 10220565.433190929 -715.4786350973781 -1647.3547166080102 1241.1186473900807 -171.77897051866057 -888.195866329628 361.9410292105717 -6589173.019382481 -136.12823624724865 167.23771184284155 128036.28495691955 110.34321270802725 266533.6517415865 -282.10535018610926 995.676128190384 -7768076.877587947 -996.1289931389415 1217328.7213447597 -168.1542213398294 2776092.1289668456 -413.8359055185972 669057.772284699 -826.104349591168 455724.5677487468 -1434239.5258644172 -431262.1577916261 -44.872546812703554 20.254982683137264
