% # columns="iteration, evaluation, void, void, void, xmean", seed=41, Mon Jul  6 01:09:16 2020, <python>{}</python> # scaling_of_variables: 1, typical_x: 0
1 14 0 0 0 -1.290313995938214 41.7662191799696 -25.32004123952093 5.41174834870813 5.576493491599864 -5.962284702845941 21.084176416050678 -19.313208355642548 10.726382163966807 15.506505974868428 -18.586484489809084 -6.224323538196426 -15.552079480878906 -40.97336869697453 66.15819927764272 13.385488196673261 27.832749420039566 -34.65613501468054 4.193502373853428 17.094285346476777 3.1420227114825745 -8.22477925975044 0.593337767707216 -21.50487232710106 -8.93270301028067 18.18735176675489 20.06661983210854 20.118253948821216 -0.7590217743169262 -45.724082939672755
2 28 0 0 0 -34.04080660586913 35.77311852099384 -20.250279920744376 -40.729196701453766 -47.29295383541788 -17.74944649979839 50.732526621432136 -9.78087298030577 -8.522376642968386 15.719187622834319 -13.640852534300956 -23.70402882255421 -14.650963718558343 -111.88360482180305 95.43679108108101 2.741099040114925 35.35885141750959 -36.48139082769232 20.897367377757444 -1.7942344096559388 -0.07161779393826251 12.277607420632291 -19.246746144575184 -22.958453189622578 -2.379660070227951 38.18246568578116 41.44770734038799 36.12874626513883 -4.0245747185577025 -38.58914397869342
3 42 0 0 0 -45.50930786634009 33.31692979178231 -33.13783236330996 -88.68334879812987 -89.27139654965112 -23.67260708591828 86.62847316235181 -15.317191303595582 -23.07017979839553 12.607848411568389 17.61410327916159 -48.661895580654246 -23.38678873256655 -192.1178393304653 91.25598381944914 -2.3618407915311597 29.155694548575994 -45.539112225396146 13.159004930948111 -31.733175415054085 -2.2730887897523355 48.39243989417306 -48.36852726353554 -29.58081465340245 -6.721650800244349 58.963415399670076 63.948252377023515 59.20460021656905 -17.700379714605095 -40.877465392950526
101 1414 0 0 0 -99.24800626917077 -122.52490648335164 -98.61854451968262 74.4719113702581 -129.19458365012798 -79.09246805087187 129.71166136913834 -43.13154069540424 -114.93684783990072 -40.809531444652784 39.565451938358066 -230.3923137498596 204.89898676181042 -102.24032746744676 83.37470992550283 -33.00934578961764 57.88401858570192 -222.97882681718113 22.515261716423165 -80.26414528348857 144.14546249533365 226.42901644117543 -179.6639184658893 -162.59542347114623 23.026113680043373 81.25016831048993 92.07391988954348 -80.5189732567655 83.69307479308644 -125.90634284064448
201 2814 0 0 0 -93.03987242632697 -124.21125197506888 -101.90334124724181 69.64137222590608 -130.7319970899153 -79.39519171135326 130.27144349132277 -40.655457708465114 -116.51056524123996 -41.97930879451412 39.23932111480511 -232.09230218576687 206.38931792062803 -96.57717608104493 77.88370941344581 -32.74960982740767 59.75039917308 -219.64882712074228 22.561010932171765 -76.00867207610136 144.22456304515188 227.10623545031882 -179.9367100872292 -165.9318503268875 22.478028892014912 80.64622380450207 94.15100310568846 -82.71922893902553 83.01980823833746 -126.43275778473873
301 4214 0 0 0 -93.0531170110044 -124.21558204337681 -102.36877228947476 69.63402415419196 -130.68712672642488 -79.36781180029702 130.27899278517538 -40.65053304694699 -116.52370689334714 -41.97972703351148 39.255001155707156 -232.11165659466437 206.01058946208275 -96.57392839201273 77.92211383811161 -32.73438128988444 59.823278547429574 -219.64888883219683 22.573154097096175 -75.98699485140828 144.24636526951983 227.0873002291689 -179.92243504566756 -165.9060016876341 22.509530526340594 80.6213992591858 94.15908548991489 -82.71037441214587 82.97867014778078 -126.48650431285792
401 5614 0 0 0 -93.05478300985283 -124.21553827108313 -102.36171230524232 69.63353746119355 -130.68548157122203 -79.36820079050261 130.27853398497405 -40.65077976739448 -116.52131713768252 -41.97790182738565 39.25414362871076 -232.1099473539051 205.98572488517098 -96.57501567062508 77.92184429657547 -32.73562848058984 59.82919597140228 -219.64768160848726 22.574454124616558 -75.98908127514058 144.24587253185922 227.0863758244259 -179.9234630446917 -165.90423212610028 22.509026087169445 80.62329902303159 94.15933514146752 -82.71030891471014 82.97943144786444 -126.4865352837018
501 7014 0 0 0 -93.05474065160809 -124.21542733036392 -102.36060427992635 69.63355988855594 -130.68552884022256 -79.36805750085473 130.27848804061676 -40.65061898349967 -116.52142000125859 -41.978241215891735 39.25424448826071 -232.10997503487997 205.98529978193335 -96.57497453293834 77.92214805085146 -32.73561734341717 59.82929690545116 -219.64780720489208 22.574451064449008 -75.98909697568115 144.24573340808098 227.08641096294565 -179.92351854487586 -165.9042507577752 22.508976296828028 80.62322788017909 94.15943516231074 -82.71035518804317 82.97951949985949 -126.48660028156138
546 7644 0 0 0 -93.05474106450666 -124.21542785020172 -102.36061000258618 69.63355932642693 -130.68552736447194 -79.36805794408602 130.27848795649155 -40.65061840916508 -116.52142147452534 -41.97824243889034 39.25424443747222 -232.10997502532692 205.9853027846386 -96.57497535207663 77.92214931647409 -32.73561730149123 59.82929673660766 -219.64780654526203 22.574450867976687 -75.98909538411877 144.24573432619363 227.0864103576954 -179.92351914414843 -165.9042508361096 22.50897679199394 80.62322726138947 94.15943526406312 -82.71035608438478 82.97952083994379 -126.48659999022938
