% # columns="iteration, evaluation, sigma, axis ratio, bestever, best, median, worst objective function value, further objective values of best", seed=46, Mon Jul  6 03:28:35 2020, <python>{}</python>
1 15 47.603977993579775 1.0000490012005196 190206.81003443693 1.9020681003443693e+05 41802124.495070636 393928946.60689646   
2 30 46.14552573190669 1.0443581719082877 190206.81003443693 1.1369466345638006e+06 19686836.899929605 271234942.31933737   
3 45 45.42817145238744 1.0576753982818203 11774.524663016973 1.1774524663016973e+04 13454640.081764515 362768758.40799695   
101 1515 28.754984280316567 1.6421437187753158 7741.167300073247 1.9272810134199583e+04 1098495.6463333573 4054965.080739777   
201 3015 11.899997343432304 1.904309300934721 4717.129358982624 5.5746358835539359e+03 6449.925654862777 28296.307315098195   
301 4515 3.13242857487739 2.024471860611923 3151.68297374207 3.1516829737420699e+03 4673.038284397006 6821.8729175860335   
401 6015 0.7820640207645071 2.117006284228966 2885.873350601139 2.9409789006930660e+03 3017.5984691245158 3111.898096542265   
501 7515 0.2730812216626701 2.3279453824294913 2746.564207841091 2.7465642078410910e+03 2758.6382055621852 2778.432354482928   
601 9015 0.15847737099436118 2.886186131040954 2716.425452133579 2.7188392620999830e+03 2723.7488697327817 2727.744916968616   
701 10515 0.0397381299663141 2.8640062723034068 2709.606868159738 2.7099532802586291e+03 2710.7495119621735 2712.694065826598   
801 12015 0.016182904816690696 3.0204069515831806 2707.571975375469 2.7075911942960070e+03 2707.662031384381 2707.799577401503   
901 13515 0.008887458139804202 4.072869156521692 2707.074926572168 2.7070749265721679e+03 2707.11018594886 2707.1454896128653   
1001 15015 0.0034179737144596346 6.10475876809822 2706.901947690346 2.7069019476903459e+03 2706.9113399307025 2706.9243995324396   
1101 16515 0.003349003305227457 9.979927091269987 2706.8066100927654 2.7068066100927654e+03 2706.81580015044 2706.8264495992526   
1201 18015 0.0023851991379752495 12.08091226902879 2706.761503765886 2.7067622948026806e+03 2706.7673032316825 2706.7707697909664   
1301 19515 0.0011919080195451196 13.175582795418553 2706.748617580572 2.7067486175805720e+03 2706.7513450079514 2706.7529802683407   
1401 21015 0.0006284088248462144 14.495942960430378 2706.74212553437 2.7067421719943914e+03 2706.743151697587 2706.743716580053   
1501 22515 0.000511974933229597 16.393657309128056 2706.7377673625874 2.7067380719770727e+03 2706.7386249528427 2706.7391513227667   
1601 24015 0.0009360004278951673 21.295512834548553 2706.7330882464466 2.7067331539429192e+03 2706.734462348727 2706.7352459941158   
1701 25515 0.001012133237945471 27.412925228957576 2706.7270779877654 2.7067270779877654e+03 2706.7283204652613 2706.7292838739995   
1801 27015 0.0004613445453571823 32.997581322855595 2706.7255240524523 2.7067255240524523e+03 2706.7259410885345 2706.726417448849   
1901 28515 0.0002890154884014226 40.585840241135806 2706.724821829692 2.7067248806769085e+03 2706.725073056663 2706.72543286316   
2001 30015 0.00014602995245916868 49.92555447695461 2706.7243891187336 2.7067244902680213e+03 2706.724567917867 2706.7246709536403   
2101 31515 4.503259252281068e-05 59.47938489793911 2706.724285076162 2.7067242975830663e+03 2706.7243076638624 2706.724346027222   
2201 33015 4.1023364496504516e-05 71.1032287580758 2706.7241732062143 2.7067241809480001e+03 2706.7242035684494 2706.7242266169724   
2301 34515 0.00010763254757316796 85.98087702857397 2706.7239296750395 2.7067239383956085e+03 2706.7239895600032 2706.724027964752   
2401 36015 0.0001910622363626952 103.19736697240269 2706.7234888911057 2.7067235240253790e+03 2706.7235817955307 2706.7236558309705   
2501 37515 0.00024380867925548208 122.97143159219647 2706.7229322486864 2.7067229895735618e+03 2706.723049726374 2706.7231122687563   
2601 39015 0.00010621356040869141 146.25814964060336 2706.722721752635 2.7067227354560755e+03 2706.7227645882285 2706.722793042526   
2701 40515 5.703184451086893e-05 171.22163884848962 2706.7226308559584 2.7067226312193388e+03 2706.7226478899056 2706.7226667233617   
2801 42015 6.625048926568429e-05 202.28030704449287 2706.7225356524486 2.7067225430703397e+03 2706.7225503793043 2706.7225756215366   
2901 43515 0.0001700470792214468 256.89158760573105 2706.722345730353 2.7067223479203972e+03 2706.7223965777157 2706.7224265303666   
3001 45015 0.000151662610733738 311.9570567299736 2706.722194686414 2.7067221946864138e+03 2706.7222331455005 2706.7222791524673   
3101 46515 4.5124263882869735e-05 360.03841378659064 2706.7221511327225 2.7067221530431239e+03 2706.722160901859 2706.7221718355704   
3201 48015 2.5103484375952515e-05 435.9646117524255 2706.7221422146586 2.7067221430830186e+03 2706.7221447458114 2706.7221473990076   
3301 49515 2.036115149517304e-05 520.607341116565 2706.7221385374587 2.7067221394435537e+03 2706.7221413822754 2706.7221444987226   
3401 51015 1.8099159256048704e-05 608.3333179883573 2706.7221353004124 2.7067221360319218e+03 2706.7221373845687 2706.7221394278413   
3501 52515 7.912816602475928e-06 702.6449991516181 2706.722132484688 2.7067221324846878e+03 2706.7221331945616 2706.722133829624   
3601 54015 5.4141277418432045e-06 875.1172175507095 2706.722130480269 2.7067221305425219e+03 2706.7221309897745 2706.7221312596303   
3701 55515 7.2983896163194465e-06 1034.2492407172333 2706.722128817647 2.7067221288176470e+03 2706.722129414354 2706.722129919502   
3801 57015 1.1436303764524519e-05 1252.9272885199327 2706.7221259070216 2.7067221261368713e+03 2706.722126749366 2706.722127627779   
3901 58515 8.123506894769077e-06 1561.3941185071917 2706.7221237689814 2.7067221241379289e+03 2706.7221244787133 2706.722124687815   
4001 60015 8.542614683870448e-06 1863.292217404357 2706.7221216776015 2.7067221217815936e+03 2706.7221221807813 2706.722122542518   
4101 61515 1.8801401861521926e-05 2444.5633467394923 2706.7221183061324 2.7067221183882716e+03 2706.72211900922 2706.7221199153582   
4201 63015 1.4207119367608693e-05 2882.2018081921838 2706.7221157497966 2.7067221157497966e+03 2706.722116211479 2706.7221166385034   
4301 64515 1.2378357527424262e-05 3357.2105681180406 2706.722114749068 2.7067221149956908e+03 2706.7221152056454 2706.72211568269   
4401 66015 4.656764010280671e-06 3836.3781693901756 2706.722114128488 2.7067221141284881e+03 2706.722114288687 2706.7221144132855   
4501 67515 1.9603862276339826e-06 4383.469458640601 2706.722113908677 2.7067221139119765e+03 2706.7221139511985 2706.722114000915   
4601 69015 1.623764203274814e-06 5083.684877769188 2706.722113781284 2.7067221137843953e+03 2706.722113817134 2706.722113839426   
4701 70515 3.5794943833776592e-06 5908.519070619278 2706.722113607835 2.7067221136078351e+03 2706.7221136637045 2706.7221137163874   
4801 72015 3.179035276058767e-06 6766.31219996689 2706.7221134485817 2.7067221134747065e+03 2706.722113509766 2706.7221135715804   
4901 73515 2.5307424566036126e-06 8008.248314633769 2706.7221133175203 2.7067221133228804e+03 2706.7221133506923 2706.7221133883054   
5001 75015 1.4725802926683602e-06 9293.191428895834 2706.722113251685 2.7067221132551963e+03 2706.7221132651575 2706.7221132811565   
5101 76515 1.8399561891995603e-06 11142.714260306871 2706.72211318522 2.7067221131883362e+03 2706.7221132017157 2706.722113222375   
5201 78015 3.1874739625279897e-06 12825.283642201965 2706.7221130751013 2.7067221130780786e+03 2706.722113095149 2706.7221131345814   
5301 79515 2.78084102085694e-06 32.26864086228819 2706.7221129675336 2.7067221129679278e+03 2706.72211297922 2706.722112995757   
5401 81015 2.7510744113089085e-06 33.3470776235923 2706.7221128879537 2.7067221128946203e+03 2706.7221129006552 2706.722112919629   
5501 82515 4.652796335764241e-06 32.31731457695667 2706.7221127354824 2.7067221127354824e+03 2706.722112753348 2706.7221127695984   
5601 84015 4.2312769411904525e-06 32.16823454395654 2706.722112613546 2.7067221126135460e+03 2706.722112629707 2706.7221126460845   
5701 85515 3.1360248494676523e-06 31.00347429591737 2706.7221125352335 2.7067221125382084e+03 2706.7221125496467 2706.7221125612514   
5801 87015 1.6908512670228895e-06 31.47493229794253 2706.722112497736 2.7067221124977359e+03 2706.722112502543 2706.722112508671   
5901 88515 2.315104514252661e-06 30.82906235331364 2706.722112453253 2.7067221124532530e+03 2706.722112460892 2706.7221124674907   
6001 90015 3.0487875634776718e-06 30.06270862145311 2706.722112415092 2.7067221124150919e+03 2706.7221124235975 2706.7221124320195   
6101 91515 2.260135587608802e-06 30.106529199701125 2706.722112380184 2.7067221123808022e+03 2706.7221123870513 2706.7221123946356   
6201 93015 1.6723705498164515e-06 29.794346793510623 2706.7221123621084 2.7067221123636173e+03 2706.722112365421 2706.7221123685727   
6301 94515 1.397728311115614e-06 30.143352295692434 2706.7221123470435 2.7067221123470435e+03 2706.722112348849 2706.722112351523   
6401 96015 1.5993119853010237e-06 31.523752006121672 2706.7221123333156 2.7067221123333475e+03 2706.722112335224 2706.722112336962   
6501 97515 1.2833910322687137e-06 37.112262266449264 2706.722112321272 2.7067221123212721e+03 2706.7221123231193 2706.7221123240442   
6601 99015 9.258551689219258e-07 43.089914622455694 2706.722112315967 2.7067221123160930e+03 2706.7221123166946 2706.722112317373   
6701 100515 5.011526365611052e-07 49.9242046648621 2706.7221123127683 2.7067221123128384e+03 2706.722112312975 2706.722112313407   
6801 102015 4.0871796494513063e-07 61.920886413571736 2706.7221123106447 2.7067221123107856e+03 2706.722112310905 2706.7221123112704   
6901 103515 4.5321435816916365e-07 77.67418505913719 2706.722112308915 2.7067221123089148e+03 2706.722112309307 2706.722112309471   
7001 105015 5.750355756813222e-07 90.20518299312256 2706.7221123071463 2.7067221123073182e+03 2706.722112307505 2706.7221123077497   
7101 106515 2.688058061860237e-07 104.32721508699883 2706.7221123060435 2.7067221123060435e+03 2706.722112306154 2706.7221123062573   
7201 108015 3.6046022827502643e-07 120.0702825332437 2706.7221123054005 2.7067221123054619e+03 2706.7221123055365 2706.7221123057025   
7301 109515 3.8015003696344354e-07 138.13891672519213 2706.7221123044983 2.7067221123044983e+03 2706.7221123046584 2706.7221123047375   
7401 111015 2.833269365642771e-07 159.3757435480476 2706.72211230394 2.7067221123039772e+03 2706.7221123040244 2706.722112304108   
7501 112515 1.3407046975524426e-07 187.58482350256958 2706.7221123037775 2.7067221123037775e+03 2706.7221123038184 2706.7221123038407   
7601 114015 9.675927678279126e-08 214.88994411543018 2706.722112303649 2.7067221123036529e+03 2706.7221123036643 2706.7221123036857   
7701 115515 1.0257882920206237e-07 248.05319839155985 2706.722112303558 2.7067221123035579e+03 2706.7221123035715 2706.7221123035943   
7801 117015 9.870051211416722e-08 291.0351917949697 2706.7221123034997 2.7067221123035033e+03 2706.7221123035156 2706.7221123035292   
7901 118515 7.730475804140563e-08 338.4402602513565 2706.722112303467 2.7067221123034715e+03 2706.722112303478 2706.7221123034838   
8001 120015 2.5868343178372937e-08 387.9276269976816 2706.7221123034506 2.7067221123034506e+03 2706.7221123034537 2706.7221123034583   
8099 121485 2.1928847109503567e-08 465.4357600019345 2706.7221123034433 2.7067221123034442e+03 2706.7221123034456 2706.7221123034474   
