% # columns="iter, evals, sigma, 0, fitness, xbest" seed=43, Mon Jul  6 00:52:23 2020, <python>{}</python>
1 14 50 0 2559.0235661249535 2.835067419655211 16.55403847413325 -13.089088307134823 -35.46342329207427 8.323014763089834 23.66632978189444 26.185470704180965 -3.776826948493063 -32.902391450377685 24.963675114872956 20.050220765864044 -45.95318834070375 47.44241196565955 37.992315412779206 -2.0934003308122042 -62.713652538071344 -60.7085107081684 21.72335165438172 -26.2730232864103 -13.705751824731804 -56.44631780393493 41.16445328222246 -94.5929006620317 -2.3835909130473976 17.76047158909609 30.598063041379643 24.113688909693014 -60.97929278169564 -20.625595991864934 -37.22845658148319
2 28 52.26662284366734 0 2741.345059671139 -24.99610957435956 -46.262348920198505 41.349487931326195 -16.817432893602508 -42.02076445513096 23.218999937417138 24.44267225041495 5.042984934284876 24.976399904927547 31.711969886136377 11.652304453782715 -51.5300676808818 -10.506908203105038 28.18266720182799 15.593463030905061 -41.62298896422651 -80.00573412445877 -12.183613627322913 -81.00107271163581 25.052625090358767 -81.45237555094985 40.38055526053634 19.231101972863186 91.61643120890709 9.830441809193495 27.85417055478161 -63.31272612865678 -8.527639044153775 -8.75836238872989 -62.73399412833719
3 42 51.57605364827152 0 2883.2757301138063 42.327494712662286 -39.094535040880295 25.155163029221942 -53.20657479601631 -51.991283751824554 -37.67783608146239 63.620930428147204 -72.7534493240652 15.082618207997458 -31.678156229026406 1.5142116214580312 -98.22624040577932 -3.5742785798471868 51.067697559547966 -25.284934697211938 30.674723172408527 -10.899070090946324 -27.961254558243702 30.23868143371396 -23.688155045819986 8.563236001319993 -14.095620769600792 -13.587981575101013 62.29320866187993 32.18832971905157 -95.6548192470822 -43.065699444409816 46.30680390344768 -28.982267589155022 7.943509615211262
101 1414 0.1771589752315884 0 833.5256807549741 -31.275181914869844 1.1502090362623392 -18.595712941564077 -1.851098446147247 16.15390023774777 33.77024773475459 -20.131296665546596 25.3954827754429 -1.8734123994971572 32.65533205351383 21.21845017666586 -39.28777109778315 2.0183320540497065 27.35036320261537 3.33112930949005 -3.858866701350334 -6.155084875117222 -29.274483880462242 -12.714170254310732 0.24719588296063671 -44.52349257829075 -2.3971138931233087 0.7524093361023498 44.93042920223829 27.856521881970856 -63.063745315167324 -18.727850662266576 28.575629874368758 -12.640142719930195 -11.058195989373287
201 2814 0.0061412737971889685 0 816.4174899779705 -31.03815547031422 1.193743896924957 -18.35853237570208 -1.9375384752082716 16.12321432126219 33.91628766096028 -20.170701886896797 25.381264199690804 -1.8124883519384067 32.73605654658991 20.880138876361997 -39.43251681967902 2.5688409711111078 27.836677429791706 3.476969981830101 -3.924805716433055 -5.605262367798065 -29.37881571289171 -13.242774857874124 0.12560319587912738 -44.24123887592371 -2.8403636411695055 0.9591765771677513 45.169963590114804 27.967828022314613 -63.11697743424102 -18.531931594062517 28.687150424583933 -12.830472025312144 -11.198253000853802
301 4214 0.0001044810145242398 0 816.4122830421879 -31.03416273010565 1.1886412861528015 -18.353018151697942 -1.936934769401056 16.122671023678244 33.91776702321898 -20.174432404670736 25.376646219302245 -1.8242681249443415 32.73094811374298 20.881996974811873 -39.43416108735528 2.5722461219253208 27.836093442067522 3.475295841873155 -3.921688696883773 -5.596569285968451 -29.37836510812608 -13.245524454111617 0.12973294382965608 -44.23900263710989 -2.8328383386523175 0.9564631624680476 45.16924827185497 27.971296588335594 -63.11751194445176 -18.53082328909349 28.68405865053532 -12.823226125278039 -11.199069221864125
401 5614 2.887704034325033e-06 0 816.4122803677176 -31.034263805943336 1.1886307515381418 -18.35292548620538 -1.9369574216664636 16.122551659037526 33.917819615657415 -20.174409899698734 25.37648555470389 -1.8244241319162677 32.73099428467964 20.881920426460013 -39.43407882110196 2.5723462122113023 27.836133381991573 3.475261482885634 -3.921711437804615 -5.596646049433731 -29.378472022534314 -13.245506666849652 0.1296820277085862 -44.23897789936402 -2.8328620011175416 0.956504645764552 45.16932617718123 27.9713596081162 -63.11762970340749 -18.530858430640997 28.68391182800707 -12.823207545252988 -11.199233359271165
501 7014 1.0715929621893111e-07 0 816.4122803663223 -31.034264791761814 1.1886300686934987 -18.35292191132061 -1.9369576277406253 16.12255348727105 33.91782146971976 -20.174411970252848 25.37648606081342 -1.8244270484861709 32.730996391906444 20.881917866639743 -39.434078725763754 2.572345850209329 27.836133731492964 3.475259708148831 -3.921707299502832 -5.596644892614854 -29.37847194057258 -13.245504818770304 0.12968581203589621 -44.238982054603696 -2.8328577816006666 0.956505147398086 45.16932439228725 27.97136051520378 -63.117628238924596 -18.530856827081564 28.68390922400937 -12.823208903907545 -11.199237791327606
550 7700 9.672475992905371e-11 0 816.412280366321 -31.034264854094694 1.188629993145355 -18.352921965182567 -1.9369576092328553 16.12255345468053 33.91782140626955 -20.174412060514893 25.3764860071974 -1.8244271110706467 32.73099642358551 20.881917964335685 -39.43407870219485 2.5723457742344156 27.836133621471646 3.475259706402952 -3.9217073063161556 -5.596644869744624 -29.378471989663154 -13.245504855514392 0.12968587926010822 -44.23898209707525 -2.83285774163911 0.9565050595061216 45.1693243367431 27.97136041760358 -63.11762829048399 -18.530856793799565 28.683909170048565 -12.82320885904299 -11.199237697599594
