% # columns="iteration, evaluation, void, void, void, xmean", seed=46, Mon Jul  6 01:17:46 2020, <python>{}</python> # scaling_of_variables: 1, typical_x: 0
1 14 0 0 0 -0.7028011587742565 5.937649640573494 14.850036047788592 34.945979165397766 3.8941849316055097 -2.5222417384862834 58.0115274457358 -33.904829992352965 22.834630297892172 -9.037824881012513 -1.6436557924838116 -10.322090481760346 -3.9991654085573383 -32.02708296563844 -15.84486843984735 -4.105206269353076 -14.161743712506736 -25.491701094865633 9.948438518585998 -25.625470830221307 -11.986548111598298 -0.9844983362667723 27.291353100875302 19.43855126737047 -2.1990534711556684 3.033553330334983 29.173377817313828 2.5490527063892165 17.48481936969261 -28.08365728355758
2 28 0 0 0 5.2701875882107965 -12.947554286358901 14.794501750874689 36.12008377408892 19.077315990704093 23.52965585828086 99.2124980894902 -15.753377696042442 27.061800932085482 -39.367521615408535 34.04580479706353 -33.27143897702275 -0.1299165543277394 -32.33622540116438 21.113946477998663 31.574965523431757 -34.25876378454124 -44.957827264018874 29.405434828504642 5.0620628147995355 -56.84730325188305 -1.4172510970977095 19.372687311793786 40.87114994533229 1.2756235907517879 22.127560179104577 3.6402873175489354 -19.618184265956685 8.256617935918687 -43.508022665970856
3 42 0 0 0 52.696132830248075 -0.5897773082385989 3.2406031318376662 46.967756343594594 37.41397878977423 23.484290489403378 110.52602984317375 -29.09873994019093 30.7190857017348 -34.991128777462585 65.82714869227775 -66.40672150872291 -31.93374299727908 -49.240076222598574 33.25084240964274 4.0378082157359 -53.900495280207544 -5.089714362593718 12.87948952455243 11.278186348469148 -47.61312773629485 -8.516473721827825 -8.893324314724094 0.6346197508302538 43.64137576192377 80.17675422805229 -7.79212662861725 -66.25616042338457 0.752184054159601 -47.754066232597495
101 1414 0 0 0 -10.342618643293145 -22.838372762828314 33.41551467088524 62.26224278190059 17.02742910361103 -11.629219975644869 162.5713823191889 -27.960356925455248 -107.3435257443248 93.39187443550117 47.62656369548618 -58.021989164236494 -9.436891708603872 -61.34811166294935 98.52653074240168 107.565907802347 29.642835239072134 5.762282194686687 122.42167092581873 90.57641530546907 4.33328413489687 -61.19636662144765 -56.06785456675775 -31.321630111343655 -48.41851909538675 86.65110644980302 51.223464096226124 -115.4849174740305 -15.196637600777382 -70.72510850297078
201 2814 0 0 0 -10.478572312320425 -25.22026704208915 55.382472843410184 62.412788220788336 7.379523156377016 -31.44840761205616 159.4036668251361 -24.227872479479217 -127.55466492385409 99.6345846480119 47.328558368299504 -53.7756425855111 5.5545649417532825 -61.766051601751286 103.66284831288647 115.42840942750153 38.89014614788596 3.9954625869730536 139.59773227415042 100.88492583292029 11.204499029103465 -60.67829638187144 -61.50762236739776 -32.08575516454588 -47.648480573626614 85.01788498286103 52.75444157763927 -106.87881079228357 -28.507219201646823 -68.97551909898803
301 4214 0 0 0 -22.538204664055574 -27.416290675722294 83.29264689158573 62.52410487549012 -9.283867059108353 -38.09431783497104 155.67899086990082 -20.90953693848615 -135.67737438431345 105.5205087540278 46.78728933538143 -29.3327604591135 20.29740288113096 -61.904927079621 120.26234713896007 119.3277534587602 48.5692858514715 1.4793354522630433 173.670220804413 108.3538561725906 14.693533422876861 -47.08942616646762 -68.54746306223363 -29.508185812005337 -62.37687250521503 93.31113789116296 54.33896230947761 -102.24579213041301 -41.9324698906702 -66.59921502542059
401 5614 0 0 0 -42.500648665282746 -29.854238376038968 128.04023236685617 62.75152088380654 -35.10173812470351 -47.383627757685254 151.70528130037326 -17.313587964807706 -151.06916811715544 110.5875097998865 46.234011125331925 5.384115098285892 44.08071593636131 -61.96707640885947 143.63330780427358 124.44126040074494 65.34068806518817 -0.3721811723177872 225.82033412553827 122.27843865669013 21.932885857284795 -27.415183214671895 -75.13829400669071 -25.073176416434503 -83.7855969281935 106.33191021281633 54.428413494092005 -101.97187461284851 -65.19381801270612 -60.779866630236064
501 7014 0 0 0 -43.692454709440796 -23.833372824525107 157.98525759750302 62.31220382821439 -61.05472608839897 -46.7364276989226 161.41742018574504 -26.098024743717616 -158.274719922725 116.25703072558605 47.64190087083267 33.69930117882976 59.039720513968426 -61.75300468576745 167.04812881396558 121.02867025703604 90.19723241080614 -9.846170220556665 283.8626241705388 125.70489961393478 30.966100297499214 -16.331237790705853 -75.25948506889887 -18.095772295915758 -105.11460877588709 119.34274827771692 51.44007346572453 -113.35669150702074 -94.76722121471937 -47.09564565537789
601 8414 0 0 0 -40.945594730246626 -20.776473458096106 157.94140675213487 62.05313418959611 -64.33176492837707 -44.58410569362762 166.33379182225428 -30.504761336821762 -160.37039130268474 116.44152842046104 48.314339838268616 35.70514151925061 60.059018128536266 -61.637251925122364 169.39031197523926 118.27658806236012 92.49689935756184 -13.606146172892167 293.81278437803775 121.87234602891319 31.74070451114213 -16.53492120558859 -72.426318808144 -16.901895615266028 -108.38078642522417 121.02330910557795 51.40598549025769 -117.86599034573058 -100.7053775472378 -42.93186656444567
701 9814 0 0 0 -45.32910381455619 -17.709850897289307 158.96000635651106 61.82125080995043 -73.7717271305475 -45.44498330851733 171.2797742883177 -34.956077669008394 -164.43297899488869 110.99084857550825 49.00543440810648 30.987723077401384 64.71522850486222 -61.514804097358066 163.90620909753477 112.68965045719304 87.6910467701152 -18.94879773204095 299.65015178091727 113.61014043210982 29.26574692184799 -13.146209813299219 -67.25653818145241 -20.230959931685014 -109.53868525651447 126.12966584009165 52.507840107483744 -121.71626633892956 -104.46315411659265 -39.823068470817944
801 11214 0 0 0 -51.62638670601974 -13.602411384098518 166.61079707502088 61.497209499636426 -80.87038521693229 -45.57252252137584 177.8872502375372 -40.90180144244686 -167.6244818073972 103.75056896742299 49.93849239977299 20.972643898423147 66.92037907403059 -61.381839321023016 157.07454185362135 107.46368744661208 82.71097473393766 -26.78562344247577 303.5341742238113 106.85763708414353 25.260695379889775 -11.602965286831674 -60.81362093230235 -17.79720279033709 -111.83056500540816 131.57345484708122 54.02401670724811 -123.38878204033175 -107.05084660123143 -37.64754655803775
901 12614 0 0 0 -60.90913736393967 -6.827946639539905 187.67114534560827 60.972951605502274 -88.91460100323769 -46.076149442787525 188.80313431188267 -50.70941889333644 -171.04798521931855 95.41139855998517 51.45920135277066 6.532328447659141 66.78067859033685 -61.089733299091 147.14649311711574 104.64568093389266 73.44511835876814 -41.67287493343 308.2679723901757 97.52713838999158 19.61173700017597 -8.546201078460236 -50.48700919773199 -9.233657175430212 -114.8806067504328 141.6348696514035 56.02135503193968 -123.7288258181373 -110.15469019078553 -36.10522526937303
1001 14014 0 0 0 -64.13694995457897 -0.24082997776071144 203.0266850852937 60.47571410575937 -97.68143036644153 -49.55255374423561 199.42598473676344 -60.25716091924012 -171.49126978764662 92.60778756098972 52.94541743505885 4.590629085372619 66.33536511670462 -60.83560831686149 135.26226304213645 105.61946788902725 53.591006624922294 -57.861720128734845 307.51071648262996 83.73417696848809 15.86483775685925 -2.1353217624101433 -47.347514030267824 -9.897291126568364 -117.52428324518239 152.26137264896192 57.82718704805561 -120.41350846876936 -102.56563648830935 -35.119815109270434
1101 15414 0 0 0 -60.611263686385485 0.647236992898304 195.86972683633536 60.400684552397614 -101.37711649214327 -52.35259713551629 200.85463385545663 -61.54101709228436 -171.72554642847936 96.08611596005814 53.15129901740178 10.165161035722699 64.80282243253285 -60.80004318940273 128.91697376381117 106.6710937710293 39.90121381883345 -60.53902551155352 300.925399723927 78.86577366865399 16.28194456540418 1.8642361810126291 -51.42672424527065 -19.90886415064473 -115.8147201048175 154.2500014482947 58.70168139064811 -120.66546575688147 -93.7293665266617 -37.060614725128225
1201 16814 0 0 0 -61.21171599475932 1.4697627300008553 190.5856501069069 60.336326537969725 -102.53262043636524 -52.68881930641523 202.17983492314062 -62.73187524484771 -170.2410446999301 95.51296803123354 53.336008401755834 8.221305839109874 62.552178187147625 -60.76730884292222 125.58366094086216 105.56553598476235 36.7113050881513 -63.1379457337512 300.53958805365124 75.38175298210335 15.043835959173224 1.2848702812651114 -48.44081349673733 -19.560158357654014 -115.84140191465512 152.94057121619954 61.424203336025734 -120.43613612434991 -93.47557697724478 -36.28409366506074
1301 18214 0 0 0 -63.65462178383537 5.0829179037568935 159.65077131930173 60.05986992362717 -103.12910788652802 -54.041637776584594 207.99834040010674 -67.95948344622161 -154.68849129703506 94.10033360636129 54.15254197043151 -5.4248252305337985 42.28510426100812 -60.62286174179346 105.54942645677467 103.9221117264746 19.093370196003892 -79.92114755355877 298.1620324607263 59.03250448088436 7.0326526237105424 -6.042739315991562 -25.819760375417587 -10.21576233250414 -116.39936986826238 141.7066580756181 81.41552404371284 -115.44000195302362 -90.49463546274326 -30.90353852140738
1401 19614 0 0 0 -63.36605701319564 6.203622629292494 138.4299963074783 59.97125823354007 -103.60230787666409 -54.91768223050139 209.80775131893617 -69.58789808915515 -143.59819559239375 97.26133444462647 54.406490972981636 -13.078796336593706 28.730223202328833 -60.582175260729905 95.4542081275679 103.87046175639543 7.498426892178797 -91.03903460555004 296.0780808451571 47.40416021257772 2.0896720596605465 -9.90325793742592 -9.152138730693983 -6.720354967578663 -118.005361031843 131.74295842217714 97.86869880479063 -109.24108909534087 -88.37061606494825 -27.00257544967866
1501 21014 0 0 0 -58.45712492009105 2.6528037079870455 143.52554366053275 60.24692600617332 -106.38127036873043 -54.01336746544888 204.08325673591702 -64.44345667500893 -145.5718051766526 104.98566242291197 53.60537937769877 -12.458648792409138 33.116557852267555 -60.72196476022727 108.26936504147615 105.93704123972623 9.744636545132256 -91.80176391208619 297.8682827028073 44.88120475938346 1.8219299605500094 -7.118663375374603 -2.949356888893722 -12.414583928444973 -121.34559750127211 126.33271872283632 108.27285397787563 -104.54779569970002 -91.93298815603964 -23.749216332225433
1601 22414 0 0 0 -55.287918197387235 0.7623358154111073 136.2926901941676 60.392544901697114 -111.94477228564489 -53.76538890071083 201.03800399011496 -61.70393692768233 -146.0113321400393 109.50782607651605 53.17691346681507 -15.69670412486682 33.85078817979555 -60.795221620951935 112.29676881232528 105.77690197241209 6.522011166334341 -96.77952276893367 299.1866512877987 34.4553986928417 -1.3396653925230984 -6.009474060591292 7.211294839032688 -17.624531614300164 -124.10367682570141 119.86968975483124 120.00788793782178 -101.48877991844498 -95.67464221071455 -17.150564486911183
1701 23814 0 0 0 -45.93419143755693 -2.9206866470445716 120.95795732124195 60.67240367553535 -120.13568679790748 -54.9713546715941 195.1100718019789 -56.3741883099584 -152.91325539148798 111.86749104775623 52.346581075102186 -7.732040046955156 40.201458796823395 -60.938829558271415 111.29322313598053 111.09069320782653 -0.29950070242938487 -100.94595717121881 295.0956392054089 5.19178246816319 -2.645407139263894 1.402297169275127 19.594883446760583 -25.555818289712146 -127.11611313996613 109.90082596345766 126.18909417188233 -97.28723456474992 -99.61055801817655 3.1827019963637566
1801 25214 0 0 0 -33.44732961578673 -9.1250950768593 106.67921563698451 61.1559213889463 -127.713508453289 -56.35366872513028 185.1098805054598 -47.38284368621842 -167.90674925929827 114.05685522047195 50.943589278702724 10.265899199284886 56.11962010337461 -61.18164129652692 112.33873604929533 116.86049517857906 -1.391422278231718 -96.88925890515472 287.3395266426324 -24.213259143107393 -0.09522805199960165 15.028098463960417 22.81251573336358 -36.002773811735224 -129.5627799174237 102.10565723972292 120.29908309950187 -96.01056286118515 -103.36002159873965 27.773573640667344
1901 26614 0 0 0 -31.56649376572198 -7.464899088987492 100.21598205748585 61.02617710642246 -168.40827255765615 -59.02740471496526 187.7853084386159 -49.790571706415385 -182.65658114881631 114.8981698515247 51.31676285370752 16.041360351108562 65.97477527408135 -61.11780049385746 91.43778160246863 124.62330361459206 -13.268623232886927 -103.76634170418673 280.4201563969621 -58.26533014302248 -9.849708077528325 38.844488602880446 37.34914550998289 -58.571150262802 -141.39053909762725 110.39319521847027 111.21432356018258 -97.30564552890796 -110.29071475534901 52.96873151232873
2001 28014 0 0 0 -21.8685233771692 -11.190614487568153 87.26855202122378 61.314977014276955 -206.38852777275386 -60.54787676816296 181.78398347198308 -44.39245623506084 -192.41039817859783 125.70342119052286 50.47798629973094 24.64468538536572 72.84414421352929 -61.262537386798094 91.6676926692302 129.9575983045091 -21.27961524254227 -108.82356039480351 274.6564668533684 -88.20389509450054 -19.146345538325516 61.40846798030699 51.1236699320656 -88.08994739826609 -154.15559471965508 111.19188251300136 119.83263051075981 -96.96434562574177 -113.82713789046227 72.0114492196287
2101 29414 0 0 0 -18.235533973632776 -12.48225637285121 91.9955831990074 61.41513087347559 -212.6116316375883 -61.09702178218069 179.7035906566321 -42.52443728542231 -192.66629445892002 121.04096449383314 50.186393531629655 27.390697299559857 72.28477059224224 -61.31308969196431 96.47814547807576 129.99991459755972 -24.81807492826305 -110.11258572315406 272.31966240705526 -100.37866978934193 -20.738996491797135 69.87593579003045 57.07542560689982 -93.1338070032957 -153.11169103265178 114.69975336616987 120.90491114152371 -94.61369268732112 -111.29173374881482 75.1116612400902
2201 30814 0 0 0 -16.79921818515575 -13.80309334989284 93.65885615502346 61.51769090776017 -209.8132415448339 -60.569628671869914 177.57582248134747 -40.6108727795162 -189.5997360930386 100.05917927574068 49.888969928541876 24.632447010917566 68.56664958995337 -61.36482732326084 101.63757661582366 128.2591295824142 -24.85741997760755 -103.92954338279058 273.4912542625055 -108.70851099545601 -18.860785829557422 87.38336629294244 70.43269664124274 -93.8092230768762 -148.79911335917512 118.53937838934303 116.53534628008835 -93.40821572017794 -108.32147891535848 78.60582759561655
2301 32214 0 0 0 -18.235041053284988 -13.159813908651698 97.16129293545869 61.46697186174679 -205.46013708716006 -60.33273973014805 178.61255993128032 -41.541631092485304 -185.0259858708018 94.79316396241643 50.033852911735245 22.020176961147158 61.5544220097453 -61.339749989898685 102.30864315101489 127.001945067264 -24.856890519255685 -102.33431416402274 273.6454197075551 -106.26884288763645 -14.924645429500213 105.66948340720633 89.85959860319124 -94.32705520529345 -155.31885266466963 115.54626731276714 119.39737000677768 -93.63252318774582 -109.1712628314849 86.62722930719413
2401 33614 0 0 0 -19.24189937798583 -12.918773462981072 97.31735104809829 61.448351067270096 -202.46213646891138 -60.1918800647893 178.99968039966242 -41.890251127970835 -183.40499748506141 105.25391212685204 50.08743016196753 21.95799149842191 58.605314303049944 -61.33059965950004 103.99584902104054 125.95681201768448 -23.22913507989646 -105.7901375450318 273.77872955529375 -101.78236112562271 -10.890385558244358 113.10037449722437 103.46692627901643 -94.67387605579432 -165.59275155162476 107.4800244400748 126.1402021989046 -94.12723549585003 -113.4547284591799 96.76500111433178
2501 35014 0 0 0 -19.26047405596049 -12.862690210118725 97.01914740215314 61.44436961988038 -203.41667444555748 -60.23881612154634 179.09032740855852 -41.97206834146509 -183.51403383273419 106.0965382173887 50.10043081091841 22.16776785456402 58.542614343035275 -61.329412352018856 103.3750076271651 126.14345920312891 -23.33664655046831 -106.30235671375786 273.48430442433636 -102.39422933750618 -11.059399251529243 113.2509875345732 103.94084102558053 -95.19795304914592 -166.28031402568774 107.27062485125683 126.20950602807928 -94.21815396802774 -113.78661538506158 97.73945765184827
2601 36414 0 0 0 -19.426908098428523 -12.756933389950289 97.01041351624173 61.435889057873474 -203.42920897838422 -60.24727853903661 179.26123178647987 -42.125421093197815 -183.49664481416738 105.94298042749081 50.124635028441304 22.0937236537902 58.49036029421919 -61.325032573974745 102.97602492676172 126.13615398425765 -23.3518960707595 -106.33098732694856 273.52175047180833 -102.47010271639192 -11.070848121046643 113.23207475813312 104.00220449839168 -95.0187188673451 -166.3588803423291 107.32014885319501 125.96600324027911 -94.28204729411557 -113.91579992022446 97.97081037085981
2701 37814 0 0 0 -19.390581235875132 -12.778072822570026 96.96720496176499 61.437620144347164 -203.51935720818264 -60.253398707251996 179.22694489004965 -42.094957584568256 -183.56223729526528 106.31431022445362 50.11957483262583 22.157985090240537 58.56830447833295 -61.325377043134615 103.02743881228862 126.11902636458218 -23.3596851179948 -106.5352146520125 273.49166952519226 -102.62713018143884 -11.066127681658067 113.13052748557475 104.02557888461814 -95.03853577824987 -166.5563475520487 107.19421457889683 126.10439995621367 -94.25932767542662 -114.00076404653682 98.2649634671813
2801 39214 0 0 0 -19.357587459330613 -12.786563078356455 97.0250689653367 61.438465667146495 -203.50576458632952 -60.24521747733816 179.21312916546432 -42.08265949624427 -183.53100053064057 106.87597638247226 50.11766769601041 22.139693871451186 58.51204220667698 -61.32512968801579 103.35127355129481 126.01311192323057 -23.374798927927074 -106.97432508783031 273.4930412657448 -102.91258362977045 -10.949075572169418 113.19960968517002 104.52474667157269 -95.07874273882523 -167.06598465746364 106.87445692639686 126.53563968415764 -94.17336845063285 -114.1284775148893 98.95034037482154
2901 40614 0 0 0 -19.346455833358316 -12.770534243904962 97.31047316893837 61.43733320793411 -203.23224988195284 -60.20018115497316 179.2396953743164 -42.105988882006926 -183.2538786727679 107.72551920627873 50.121623799757394 21.917305124666367 58.20806957078391 -61.32424325894105 104.09663509727812 125.70178623653113 -23.39597194439078 -107.74044430599857 273.58856388930366 -103.26054924631491 -10.743549967543311 113.0919042532723 105.40199453595577 -95.13634169129116 -167.75127802803928 106.35003903488266 127.26863214269945 -93.90615727111856 -114.26629960919611 99.89983678326412
3001 42014 0 0 0 -19.52594961496016 -12.724190993911776 98.72261206452521 61.432618237408875 -201.83585924859477 -60.06701946604769 179.3153897738943 -42.173949097203206 -181.95096971478287 109.95101018169062 50.13161354487579 20.83420312263202 57.01654230726006 -61.32237961267265 107.0919424073929 124.36931386632534 -23.44066825374765 -110.00932118391978 274.0599902624337 -104.33115148205896 -9.931611520149817 112.10467265713388 107.4995021142335 -95.30231277243556 -169.46318788365932 105.26983646508273 129.0593913875051 -92.63422497857036 -113.9353947336208 102.18615114317289
3101 43414 0 0 0 -20.51277528162493 -12.34495026712028 101.91311492625529 61.40365071205328 -199.38353656177412 -59.96258342317287 179.92527041996493 -42.72229948829338 -179.73999777224566 111.36641690952304 50.217139381404344 18.784450915737235 54.90940742752022 -61.30953990744565 110.86979540057659 122.19516500431358 -23.669167362552148 -113.3862409714028 274.89476189018205 -106.80059556618812 -8.591990021993208 110.595633124066 110.6135158636669 -95.34601536016561 -171.94179003701106 104.61079449468613 129.78030358954737 -90.38038148732522 -112.93801117016697 106.290287668372
3201 44814 0 0 0 -20.77368269183557 -12.207254331975697 102.23149765698437 61.39372422331949 -199.18212876506766 -59.97229927437954 180.14659724116086 -42.92246139513495 -179.58195550893134 110.23620431357902 50.2486366374597 18.645659219816576 54.674727089732514 -61.3028540071748 110.53238371541738 122.21709035619779 -23.653633948230855 -113.25867121388899 274.96356226976513 -107.11853086783242 -8.405711110606369 110.9574091420008 110.6601864391632 -95.3288882257509 -171.97009916283702 105.15098148348244 128.3448283383857 -90.2042554583177 -112.49511296903383 106.75404070041584
3301 46214 0 0 0 -21.398082909344215 -11.85978402478896 102.96582876527921 61.36778945993714 -198.77174343962247 -59.99077278686168 180.7068493147803 -43.42542895577152 -179.25569428037014 108.66048246435034 50.3273695508897 18.359925061368113 54.22066939247521 -61.28876972834587 109.73623030784343 122.0990641397017 -23.619313741110457 -113.43133426615321 275.10053240800465 -107.65259166895189 -7.958694578386923 111.29942351910421 110.87063771264054 -95.2791206728137 -172.31747766894176 105.84015708087088 125.67408540705975 -89.92764847758518 -111.95512034252394 107.94728653867655
3401 47614 0 0 0 -21.956363207221283 -11.470591637220497 103.65904041242268 61.33724872507513 -198.4117903998955 -59.98550997759955 181.33337085793016 -43.98846138480484 -179.01242909871934 107.52260672358861 50.414427634224374 18.10557482117182 53.85182230284988 -61.273556577524026 108.86301423394386 121.92583498553108 -23.576657051432754 -113.9971518545309 275.2246701630447 -108.35669562338244 -7.414176465679698 111.4337394020931 111.20613173657884 -95.15769169040502 -172.96811783622442 106.44131802431487 122.60387531006965 -89.62283882116427 -111.52128991134211 109.69881705060006
3501 49014 0 0 0 -21.67583512798775 -11.593854193862215 103.75844486873352 61.34621658456334 -198.41331891325078 -59.946538934658804 181.13251716855694 -43.80817728384862 -178.98632933822623 106.21406932490405 50.386916200158986 18.10751142265732 54.06621584370845 -61.279236511355016 108.91585001809578 121.79118637168293 -23.57325163617715 -115.42499119805902 275.2372450621487 -108.24055262228795 -7.5681353408586745 110.07685965460239 108.90826781654057 -95.19027224372049 -172.88898859423784 107.86952935304781 118.36252044227628 -89.69955371575325 -110.23629354769164 109.7228612671887
3601 50414 0 0 0 -20.83157971207141 -12.15149232966837 102.4244838256281 61.38945340190305 -199.3448949952234 -59.9416262841165 180.23643025180746 -43.00237661254091 -179.49112751939467 105.97853339659845 50.26126330809003 18.61234176413178 55.025070361931554 -61.30067905691194 107.5962324289755 122.4122358222683 -23.630783472486478 -118.04113335878021 274.80992136815036 -105.9714309013072 -8.93647097847726 106.27961707585065 102.61005415204515 -95.71588501078097 -172.64043453397983 109.65176607794987 110.70276020410567 -90.4997732786944 -108.30625567264947 108.07687542711271
3701 51814 0 0 0 -20.60550920245472 -12.260631089319059 101.45728017413066 61.398060388817214 -199.84199577134237 -59.97501827895681 180.06064640115366 -42.84411218928903 -179.92762826805676 106.55453284528468 50.23624611203821 18.982561318278577 55.16705407081245 -61.305060293189015 105.12117791897073 123.22754189351197 -23.639874180060403 -117.84672582835331 274.6437894848047 -105.29426800462603 -9.245041270126954 106.91091250691194 103.07402399063145 -95.71971466425184 -173.74359777232414 108.24926643937495 109.75364021124203 -90.95637147713775 -109.23826848450679 108.85319190886095
3801 53214 0 0 0 -19.888984065554183 -12.70693429426008 101.01676046190084 61.43257780840949 -200.09412922199425 -59.91955551611453 179.34146584088327 -42.19797439256507 -180.15321567945395 105.80399213157575 50.135813989911334 19.186952877625753 55.410030707008595 -61.322449942063784 103.91829381923068 123.65371874608074 -23.632304855279855 -117.66103790835137 274.5559195967651 -105.14027588598151 -9.605541251834032 107.51852515846332 103.45943107307725 -95.70588027034573 -174.25919764662777 107.17898342030513 107.94705848116347 -91.23143658638894 -109.78608067975202 109.13341802967174
3901 54614 0 0 0 -19.312285539130333 -13.112910464084433 101.63685448830897 61.46367613209618 -199.74346820641787 -59.80349996821093 178.68786138787033 -41.609865131712894 -179.83293605986265 105.22492828129799 50.04386334142895 18.912208175024507 55.326890506849054 -61.33831501731403 104.55053427381992 123.18833726143625 -23.63770200096709 -117.32474976305433 274.6767937176836 -105.24525558611062 -9.643945409097286 106.5720132100866 104.45216765451342 -95.72340298431796 -174.66652332212158 106.03688655479506 106.86746995516047 -90.98980128119868 -109.97864949933924 108.63493386988415
4001 56014 0 0 0 -19.506996079468117 -13.018914968835444 102.64204608520754 61.456580520047225 -199.2846793333496 -59.77636264718015 178.8386331663081 -41.74599121232099 -179.43019139978384 105.46985519499201 50.06513948850393 18.563731608380486 55.06394338854445 -61.33459119054234 104.24365846934242 122.84345250297959 -23.639863781778235 -116.57516385113736 274.83006073142894 -104.51718755763288 -9.548643030280536 104.35592862268994 105.23185218835121 -95.7400066386833 -175.4710597084143 105.02785426947061 106.4392884794146 -91.21794260920102 -110.70652838829854 107.68547873362446
4101 57414 0 0 0 -19.530190285797353 -13.022482535567017 103.21669130512393 61.456795190140554 -199.0719007307558 -59.75447935187129 178.83331915530445 -41.740959596895856 -179.24861398434035 105.36272420272756 50.064543507665924 18.406517329643073 55.12282400017884 -61.334742183801325 104.52608923557978 122.53222674890574 -23.63242130002695 -116.60038212428924 274.90291401353556 -104.10452475609426 -9.467458696138516 103.38768643595522 105.18510835335064 -95.73098416239756 -175.841921805092 104.8024199557698 105.41044602384974 -91.38428258957508 -110.8082973800022 107.14522104941688
4201 58814 0 0 0 -19.661404137542245 -12.967724420442794 103.96087352674691 61.45266698368221 -198.86571555979637 -59.749332545074424 178.9214779215094 -41.82024850379948 -179.0787707135757 104.86215212633182 50.0769080951498 18.25562894423898 55.48238549359227 -61.332618078314994 106.07800065426923 121.90037045914677 -23.62424662224106 -116.806177524066 274.97170626068095 -103.70846930639404 -8.833081034946712 104.62019028036583 106.03485705773318 -95.71128170495132 -175.96045125185518 104.44407861415114 104.74847534372874 -91.78074455146906 -111.10133459249832 106.7439331577877
4301 60214 0 0 0 -19.7944515445558 -12.894135018135668 104.3713201990777 61.44693797468743 -198.77249847235217 -59.75757848453312 179.04006753144924 -41.926655462127826 -179.0108068314822 104.89822851327011 50.09338798641888 18.193676903789125 55.75834264195169 -61.32959273246243 106.3437979755979 121.57745093659503 -23.614234056436153 -116.97482890979305 275.00081438617246 -103.4513076544718 -8.51254629811375 104.96397077675127 105.7897170634784 -95.69307670407716 -175.92615589355648 104.36836638948294 104.91806370892618 -92.26165351234839 -111.53404690479717 106.44264460532429
4401 61614 0 0 0 -19.71039745573035 -12.947310272359614 104.96223428965797 61.45098477335557 -198.6780141925763 -59.73238380225321 178.95411117527692 -41.849624757425474 -178.95187097246583 104.72318319829313 50.08131330083016 18.125816959461172 56.369888037974235 -61.331832229076674 105.94101427555431 121.06439993027942 -23.59957317063342 -117.44520612500945 275.03430321313704 -103.06573246473513 -8.147626140021636 105.03426324609896 104.62376793617345 -95.65108551099489 -175.67383999676576 104.22393820731497 104.76151034411676 -93.29816045385077 -112.63233441855864 105.926750345589
4501 63014 0 0 0 -19.675786177569055 -12.969759762904228 104.97128211637833 61.45276151383241 -198.67811773768736 -59.72747865827614 178.9180827781974 -41.81715045784622 -178.95012536188733 104.7962255195777 50.07631270186833 18.12685428412563 56.387123658484505 -61.33259582774909 105.86572349410775 121.09309374013448 -23.600448998367003 -117.44086111215901 275.0348081246937 -103.08683604005036 -8.154278495070328 104.99574844218684 104.28677158321261 -95.65441533474109 -175.54566637639377 104.41188421714463 104.92540537871199 -93.31099639386494 -112.53822632932464 105.75832019972357
4601 64414 0 0 0 -19.61053710836103 -13.009783691458928 104.94655970551383 61.4558330327149 -198.6881187467193 -59.72089156547463 178.85355058585563 -41.75909401063824 -178.95431608646743 104.9690373887517 50.067270579025305 18.13321003535441 56.3855683258505 -61.33419913365296 105.71204612226464 121.13900820664689 -23.60269070268626 -117.44957259856295 275.03178589817935 -103.13877774540549 -8.10871972845696 105.2076191371097 104.16697002881433 -95.66045743937536 -175.57122635584795 104.48555681230285 105.03476280978911 -93.30007415483311 -112.47866557433147 105.7551841157987
4701 65814 0 0 0 -19.605959283507406 -13.013214895240738 104.97254684450117 61.456107429062676 -198.69305568835827 -59.720414666593584 178.84808926419646 -41.75420330986488 -178.9567418420523 105.28052768444662 50.06648637984872 18.135950984672654 56.38576434286696 -61.334323484456945 105.35875709934469 121.15671070124549 -23.603946449301183 -117.35475490657483 275.02988745598134 -103.17252044331804 -7.974254375222414 105.35762291108689 104.06152853924797 -95.66522034114534 -175.67855712851983 104.61024471990166 104.95241444595037 -93.28896851616535 -112.42070689921994 105.67878069950896
4801 67214 0 0 0 -19.609603415046298 -13.010542227867727 104.97535746314101 61.455894622997285 -198.69282339210972 -59.72057772088705 178.8523969039888 -41.75806050313901 -178.956778092662 105.29602165339487 50.06708324657426 18.136204547545578 56.387116177270094 -61.33421766524082 105.348985652482 121.15502054299594 -23.603835443682634 -117.35361599483055 275.0299778724216 -103.17253318923198 -7.969325232137271 105.33107778063982 104.04579837475895 -95.66512232768955 -175.68110530018853 104.61969287816058 104.94594121691703 -93.28893796113523 -112.4147741036306 105.66354463308093
4901 68614 0 0 0 -19.609600142026654 -13.010544189797553 104.97535897716888 61.45589480183501 -198.69282316909235 -59.720577217994226 178.8523937754331 -41.758057684226266 -178.9567782897682 105.29606000602756 50.06708280079222 18.136204368643757 56.38711525843607 -61.3342177323642 105.34899075449104 121.15502250985162 -23.603835390289184 -117.35362033519705 275.02997825520106 -103.17253551644718 -7.9693313287278835 105.33104548716824 104.04578442943078 -95.66512207517364 -175.68110725525887 104.61969476072976 104.94599315718922 -93.28893714363208 -112.41477529229728 105.66353958348961
5001 70014 0 0 0 -19.609600146703904 -13.010544184360453 104.97535904672438 61.45589480148639 -198.6928231688075 -59.72057721544995 178.85239378465167 -41.758057692015285 -178.95677828763695 105.29606014373219 50.06708280255142 18.136204366391226 56.387115280744844 -61.33421773204144 105.34899041807721 121.15502250276667 -23.603835386839616 -117.35362014471248 275.0299782469623 -103.17253551264146 -7.969331231212938 105.33104518624648 104.04578418534307 -95.66512207669548 -175.68110731596423 104.61969496853372 104.94599284718167 -93.28893713946012 -112.41477512486802 105.6635391237584
5101 71414 0 0 0 -19.609600776073542 -13.010543687703628 104.97536151469055 61.45589476911033 -198.69282309564684 -59.7205771529515 178.8523945977466 -41.75805840512124 -178.9567782381031 105.29606788806822 50.067082930971274 18.136204398673552 56.38711623987171 -61.33421770683448 105.3489789046258 121.1550223063935 -23.603835184825094 -117.35361433920806 275.0299779186281 -103.17253525600913 -7.969326544108233 105.33103530162799 104.04577402896582 -95.66512220389559 -175.68111021367906 104.61970376034031 104.9459813213465 -93.28893693778187 -112.41476794845688 105.66352287722565
5201 72814 0 0 0 -19.60972037937567 -13.01043294509475 104.9765001283465 61.45588885300749 -198.69280679342876 -59.72053492983811 178.8525791436021 -41.75821616247043 -178.95674688950746 105.29967160029742 50.067115595774084 18.136201223793222 56.387624576307076 -61.334210748806086 105.3433581649146 121.15487078640298 -23.603758482545963 -117.35079789703703 275.0298196693395 -103.17236931622936 -7.967216770034993 105.32617138570453 104.0405683484554 -95.66517522975072 -175.68226669823002 104.623894818932 104.9405998255478 -93.2888278797189 -112.41134940853725 105.6555669088009
5301 74214 0 0 0 -19.634903156837332 -12.994044441076646 105.00761411543768 61.4546346987274 -198.6929640268299 -59.723102622323644 178.8790288531265 -41.78198767788686 -178.95702572373713 105.36161691269419 50.070812437328854 18.135753172918356 56.392359237161614 -61.33354686171996 105.24500721549664 121.15273504871699 -23.603959032761896 -117.29641231656419 275.029695915125 -103.17291870371974 -7.917147504120358 105.26112134839141 103.98738444476604 -95.66481080884151 -175.72280472192273 104.69583820551306 104.85069228162176 -93.28756431317119 -112.364877785594 105.54403323824437
5401 75614 0 0 0 -19.653695598984843 -12.98134212491389 105.02871617586025 61.45362474896745 -198.6924878498142 -59.725889137826606 178.89943269041737 -41.800376702012066 -178.95603556148063 105.31539583472266 50.073703802710085 18.13569350109238 56.37931228302636 -61.33308274435041 105.25576287075152 121.16425303925699 -23.603861102433175 -117.29204727941632 275.0296605463972 -103.17728636117522 -7.917815317392031 105.18193805137186 104.08001642797464 -95.6658729240912 -175.81879423434245 104.67093510002321 104.87611294114573 -93.29172644665712 -112.37050465714164 105.49507117989437
5501 77014 0 0 0 -19.653095506577476 -12.981597607823092 105.06483593544519 61.45368041414673 -198.69341208890054 -59.72563682527686 178.89906703258563 -41.800041776493536 -178.9555963598321 105.18794863951238 50.07362626246423 18.136812095853745 56.362896651376495 -61.333086476091566 105.36908495502746 121.20700239717512 -23.603933872957015 -117.31615366812274 275.0294921613185 -103.19013860951326 -7.940902068991813 105.12179648282894 104.17263738031578 -95.66848569546616 -175.94394699496812 104.69164730698589 104.9978597477819 -93.29909486385878 -112.32232648421845 105.32128459278405
5601 78414 0 0 0 -19.648025465937973 -12.98601653697359 105.07034219097763 61.45396759864461 -198.69328767708456 -59.72542153638609 178.89196169904946 -41.793651329490466 -178.9557931226003 105.17503145427727 50.0726415943318 18.136531189580772 56.35759320431279 -61.33325900801102 105.38241805098278 121.22289847611553 -23.60383660688291 -117.3158491942823 275.02964211165624 -103.18962587981257 -7.944223846360498 105.13011194801685 104.20177226707169 -95.6682620047384 -175.96233717671478 104.71550524399738 105.07541478425887 -93.30071255499509 -112.31245833695021 105.25335332426435
5701 79814 0 0 0 -19.647615267784452 -12.98557950163933 105.06784581484304 61.453939676448925 -198.69580542330908 -59.72503588435932 178.8926457653012 -41.794280313825666 -178.957370876112 105.05678587404259 50.07271331567418 18.138191436936864 56.33593583950975 -61.33322430734305 105.25197937221708 121.25350858496002 -23.60426652365159 -117.43555301702817 275.02887587472344 -103.20241939494095 -7.939519857910475 105.2353759236064 104.39921671614213 -95.66931868498031 -175.88593913457012 104.78766861647023 105.15192094675606 -93.30720496546022 -112.3395614259864 105.06841375359141
5801 81214 0 0 0 -19.641550314388617 -12.990132873031298 105.04315271731888 61.45429652412323 -198.711182120302 -59.727746320878 178.88531228812323 -41.78764592877455 -178.96568049947092 104.98935417841213 50.07173081309218 18.147035486869473 56.30654340047106 -61.33341695349312 104.90780515651912 121.28321776549406 -23.60858183895264 -117.54445460332683 275.0234948128045 -103.28650643187612 -7.957635456410307 105.22164233536725 104.72127419562553 -95.67801750798789 -175.7761740341269 104.83614487691356 104.93555651863926 -93.31231998199146 -112.45161866990848 104.89874747488709
5901 82614 0 0 0 -19.641508039821275 -12.989717583433617 105.04310656449854 61.454261996130676 -198.7112331678342 -59.72763823505645 178.8859682787662 -41.78824733166735 -178.96575365018109 105.00852051709842 50.071811276247864 18.147192540875178 56.30668101510428 -61.33339137938472 104.90549009549352 121.2821973721225 -23.60860423267607 -117.52669890404414 275.02365888484786 -103.28640650599147 -7.9540049767703005 105.2144787634652 104.72017602200054 -95.67801667371899 -175.78570081850734 104.82943836337517 104.9359774233077 -93.31237528557291 -112.4514261599626 104.90733354927991
6001 84014 0 0 0 -19.641488927306767 -12.989729433686204 105.04310170647251 61.454262916937786 -198.71123266119497 -59.72763612027276 178.88594920680924 -41.78823016794134 -178.9657522770378 105.00852495863448 50.071808602260504 18.147192901112838 56.30668144768886 -61.33339186282998 104.90550153325863 121.28220588853826 -23.60860365162043 -117.52671315202791 275.0236582927492 -103.28641017314256 -7.9540131009221495 105.21448445066619 104.72016003062042 -95.67801792947793 -175.78570009201118 104.82944306673312 104.93598169703807 -93.3123749385877 -112.45141160464343 104.9073209966388
6101 85414 0 0 0 -19.64148838939906 -12.989729634105887 105.04310162516202 61.45426293140581 -198.71123265967714 -59.72763602849132 178.88594888593724 -41.78822988335601 -178.96575228046794 105.00852654396455 50.07180855536409 18.147192900351357 56.3066814440393 -61.333391870767485 104.90550216374743 121.28220573410039 -23.6086036363771 -117.52671167624851 275.0236583015956 -103.28641027983566 -7.954012918568021 105.2144836395975 104.72016035457727 -95.67801790650503 -175.7857012027332 104.82944195085643 104.93598196668916 -93.31237494239227 -112.45141195304716 104.90732228367533
6201 86814 0 0 0 -19.641482709969953 -12.989732055165709 105.0431014914381 61.45426310715689 -198.711232595716 -59.72763515767714 178.88594500788756 -41.78822645066843 -178.96575240766887 105.00855017803494 50.07180799177287 18.147192834103695 56.306681701174206 -61.333391967682424 104.90550915012628 121.2822054283525 -23.60860349388493 -117.52669560460676 275.0236583482867 -103.28641140498688 -7.954008090651294 105.21447555249436 104.72015876958844 -95.67801769949996 -175.78571771796018 104.82943535591347 104.93598751463178 -93.31237489456039 -112.45141042417336 104.90733124328474
6301 88214 0 0 0 -19.638422513348406 -12.991185339058742 105.04286742219848 61.45436851993395 -198.711191126 -59.727233972050726 178.8836148053056 -41.786153900603324 -178.96581046838398 105.02270692110814 50.07147106431996 18.147178280110783 56.30677882331323 -61.33344839843603 104.90800557114711 121.28237044743533 -23.608512532308453 -117.51726784680667 275.02362756445166 -103.28679487264458 -7.951271383337795 105.21086512627625 104.71939996599792 -95.67795711095052 -175.7959580473184 104.82502297138142 104.93880588362754 -93.31236656188423 -112.45056194873045 104.91278747823488
6401 89614 0 0 0 -19.638440052873936 -12.991173169472225 105.0428583461463 61.454367530730224 -198.71119105789273 -59.72723618314098 178.88363424827608 -41.786171461900125 -178.96581005368387 105.02281127275704 50.07147377354954 18.14717842615305 56.306776166204685 -61.33344783463316 104.90799258619266 121.28235775278078 -23.608513152090246 -117.51718848434112 275.02362700283277 -103.28679209843206 -7.951249197673217 105.21085055955582 104.71943747974618 -95.6779574388016 -175.79596838705606 104.82498054433457 104.93881776822761 -93.31236747541038 -112.45059559184148 104.91286606459809
6501 91014 0 0 0 -19.638435541632926 -12.991177565391206 105.04285368243538 61.45436787803679 -198.71119108782466 -59.72723594154667 178.88362712468341 -41.78616497139368 -178.9658096992349 105.02282396989422 50.07147283058326 18.147178619174994 56.306776427090526 -61.33344799215184 104.9079919002983 121.28236206344701 -23.608513216280905 -117.51715148894017 275.02362646949257 -103.28678831392419 -7.951251724032104 105.21085163159294 104.71943378618518 -95.67795837427873 -175.79596382244668 104.82497188507033 104.9388209769197 -93.31236739943346 -112.45059475428556 104.91285871427725
6601 92414 0 0 0 -19.634072462228758 -12.99368758449113 105.04196451931614 61.45456378933588 -198.7111624941102 -59.72667051357088 178.87958748513822 -41.78252618908465 -178.96579047319233 105.03822048900936 50.07091326244396 18.147195364429884 56.30696397115609 -61.33354268462476 104.91191248767339 121.28417748932304 -23.608482149652982 -117.496855362124 275.02350380684135 -103.2861835133789 -7.949395356183762 105.20703535726587 104.7178548618338 -95.67814286490335 -175.80373625627868 104.819466210897 104.94039932946754 -93.31231838490038 -112.44794852819838 104.91500786272795
6701 93814 0 0 0 -19.63577824766911 -12.993096671701927 105.04503321458319 61.454528547818484 -198.71116428665295 -59.72704055948757 178.8805452816288 -41.78338070624598 -178.96580601064093 105.0455282181404 50.07104570791169 18.147210877453816 56.30788600859177 -61.3335207576262 104.9359725149782 121.28653499797089 -23.60847039923047 -117.47943951161696 275.0236042166698 -103.28653169930277 -7.949714406350845 105.19397069289268 104.70895417789878 -95.67805831966925 -175.79785446917606 104.83381322242222 104.93958879221628 -93.3119799966455 -112.43764792346987 104.90955977103218
6801 95214 0 0 0 -19.62399143113832 -12.999560978540833 105.04720983269122 61.45503629805137 -198.7112339605434 -59.72531628513733 178.8700983224888 -41.774002431856715 -178.9657889382098 105.0977563104206 50.06956878489619 18.147138169330365 56.30711179128264 -61.333778840123486 105.02208891681812 121.29653973337281 -23.608584849214047 -117.47902626711227 275.02361498183785 -103.28643226717351 -7.950576890773649 105.14678202661179 104.7495834875288 -95.67803670594266 -175.7881315163461 104.87917495924812 104.91881802206447 -93.31202441412967 -112.4195827545324 104.91476800241597
6901 96614 0 0 0 -19.63139503234875 -12.995626788872269 105.04967723592071 61.4547315447303 -198.7112935677125 -59.72650794562466 178.87645466241403 -41.77971164877286 -178.96575676086823 105.1620847718059 50.070472382435945 18.14709804793755 56.30244479409261 -61.333630590004454 105.0795011041368 121.3040432953853 -23.60862745493983 -117.4853976911608 275.0235655555542 -103.28609547051444 -7.932208746166272 105.11871220045371 104.85160718981297 -95.67805531895694 -175.78377400444936 104.90608102347987 104.88777077588853 -93.31318558816275 -112.41381286706374 104.94979495386043
7001 98014 0 0 0 -19.62997437178152 -12.996597973551108 105.05043278449946 61.45480338603912 -198.71126038225523 -59.72631095511212 178.87489677377678 -41.77830797070168 -178.96573176250308 105.16148247190387 50.07025245777513 18.1471595782991 56.30251129609154 -61.333664547755205 105.07830326977147 121.30565954999284 -23.608568316412544 -117.48119666759092 275.0235575958042 -103.28613124458077 -7.929019578013245 105.12183117613849 104.85110383146777 -95.67807478504893 -175.7850724272878 104.9100591058275 104.88841956816117 -93.31314715250097 -112.40980961512841 104.9428737327185
7101 99414 0 0 0 -19.629950668268794 -12.996613592582122 105.05043300862587 61.45480457763263 -198.71126053479966 -59.72630736393326 178.87487161079088 -41.778285288956695 -178.96573065083695 105.16150372016621 50.07024896005676 18.147160141817025 56.302511008976644 -61.3336651725765 105.07831093238781 121.3056749812153 -23.60856819432801 -117.48116874609734 275.0235566666762 -103.28612640840907 -7.929000421598133 105.12184688011484 104.85112054782601 -95.67807549425478 -175.78505841984247 104.91008915281995 104.88840995071543 -93.3131470259279 -112.40978274721316 104.9428242232878
7201 100814 0 0 0 -19.629939911131352 -12.996623776920138 105.05045111449512 61.4548052778207 -198.711261039561 -59.726305649528534 178.87485520285526 -41.778270541625524 -178.96573004109908 105.16152637943857 50.07024661614106 18.147160174457767 56.302510135110865 -61.33366555542578 105.0783247708112 121.30569701249347 -23.608568329030163 -117.48121460619501 275.0235566925055 -103.28612736565493 -7.928944616749312 105.12187446144999 104.85115576179895 -95.67807475817618 -175.78512025686595 104.91017753082187 104.88839677906593 -93.31314708387646 -112.40972335351015 104.94276682217343
7301 102214 0 0 0 -19.627808823932096 -12.998392587767457 105.05296135807019 61.45493304792781 -198.71136212101962 -59.72593708999899 178.87200253653526 -41.775703104199934 -178.96567306728974 105.16596800855912 50.06984174391789 18.14710105085774 56.30230800934272 -61.33373373845566 105.08085032446049 121.30964044774946 -23.608661419953044 -117.48386926394713 275.0235809588228 -103.28612533185176 -7.920024072613208 105.12631710180335 104.8582813755032 -95.67798374043943 -175.79442350798058 104.9219220072362 104.88577166925126 -93.3131739213521 -112.40027957403534 104.93541595191792
7401 103614 0 0 0 -19.622495529362602 -13.001531525820173 105.05095781753842 61.455182596489905 -198.71145903575024 -59.72504871071378 178.86695368584955 -41.77117066111991 -178.96574204425804 105.17154194179517 50.069126138029546 18.146904951031395 56.30177661865571 -61.33386236634752 105.08306485838838 121.31374964412367 -23.608783671581193 -117.47151145210016 275.0236132982181 -103.28607996176305 -7.912960697774171 105.12681690309138 104.87307630271143 -95.67794531574498 -175.8018406216062 104.91439029526812 104.88142355091588 -93.31332306211395 -112.3956324869756 104.9452226343069
7501 105014 0 0 0 -19.625139977301153 -13.000887989380585 105.04814661394767 61.455142267699415 -198.71145232095841 -59.725760556180234 178.86795981366458 -41.77207322583918 -178.9657598430422 105.18005457412364 50.06926523695817 18.146934258683665 56.30086259398093 -61.33383405581414 105.09389235238893 121.31861953390556 -23.608666121810653 -117.46800154721133 275.0236896538721 -103.28599100727902 -7.897478737099451 105.13018291548599 104.90105867336692 -95.67803269666537 -175.7956307529744 104.92211509923061 104.87590818915423 -93.31357399485283 -112.38542105368803 104.96163541957827
7601 106414 0 0 0 -19.62456001843254 -13.001230436290589 105.04370757739935 61.45516582423716 -198.7113542682577 -59.725705319602746 178.8673980018791 -41.77156979029625 -178.96580351127832 105.17987548126493 50.069189765967344 18.14699407261435 56.30054832918712 -61.33384605884085 105.09939356592281 121.32128318993735 -23.608492076370432 -117.45871820519397 275.0236604569052 -103.28632587346812 -7.8883030043018785 105.12903102059444 104.91208051427616 -95.67805461132872 -175.79400738364615 104.92113400748863 104.87539425004891 -93.31368117337847 -112.37911513766089 104.97387198425844
7701 107814 0 0 0 -19.61779873245139 -13.004909041672674 105.03327386946005 61.455441980637374 -198.71125913830633 -59.72471467621221 178.86149280443956 -41.766265410005744 -178.96579113899966 105.17013134828643 50.068375489635685 18.147112762739148 56.30012663086599 -61.33399025244783 105.10873547127945 121.32879680029671 -23.608493695892548 -117.45421487672147 275.0236299143563 -103.28641812064977 -7.870572348191307 105.12093231482206 104.9343300483873 -95.67806161271596 -175.7903679456857 104.91952900258055 104.87976507792499 -93.3138731136452 -112.36486391282061 105.003395187958
7801 109214 0 0 0 -19.618865092996593 -13.004008551727564 105.02982291170174 61.45536960959488 -198.71133355518938 -59.72490726112387 178.86296147429783 -41.767581121569684 -178.96574165045388 105.15777095708931 50.068584355353806 18.14706567036454 56.300120121458846 -61.3339477443897 105.11261492200428 121.32935140911589 -23.608684622280226 -117.46518462156682 275.02362569368523 -103.28604650195057 -7.866377532460372 105.11220630056917 104.94095592911567 -95.67805367623379 -175.78688266552322 104.92038994493652 104.88562599974468 -93.31392734774539 -112.36198802996827 105.02100411550931
7901 110614 0 0 0 -19.618747729515235 -13.004046025345623 105.02969093765785 61.45537263994456 -198.71133400650075 -59.72488176757307 178.86290186300977 -41.76752766105269 -178.9657372894115 105.15744677754597 50.06857575836393 18.147067991469072 56.3001180908781 -61.33394937415935 105.11279874739552 121.32933762962793 -23.608690613131305 -117.46518505257345 275.0236216239687 -103.2860325912121 -7.8663624434081845 105.11198853610786 104.94120826583234 -95.67805353201447 -175.78668220488126 104.92013179463412 104.88577535897976 -93.31392935161365 -112.36206353325541 105.02155884246882
8001 112014 0 0 0 -19.61864086776103 -13.004099687635977 105.02960213163811 61.45537684896795 -198.7113331692864 -59.724865783454085 178.86281561368588 -41.76745006512736 -178.96573657263068 105.15727035135838 50.068563690653505 18.147068893192596 56.30011755026376 -61.33395143857019 105.11285728399433 121.32937250929737 -23.608690364644133 -117.4651800313064 275.0236193572458 -103.28602704041627 -7.866321526845093 105.11186910884362 104.94133705184599 -95.67805527221584 -175.7867038646143 104.91997104041475 104.88585512052195 -93.31393019866796 -112.3620335653744 105.02180348270205
8101 113414 0 0 0 -19.616937974437825 -13.005446598117516 105.02553821725131 61.45548772134016 -198.71133872622713 -59.72478528155995 178.86064523842637 -41.765489205651704 -178.9656029024976 105.12107155217168 50.068245541308265 18.14719107220739 56.300235790989944 -61.33400795033022 105.11524492619235 121.32714709788885 -23.60861060627835 -117.4633521815266 275.02357016668805 -103.28578843334311 -7.8633956686078825 105.08265068591942 104.9605918649949 -95.67811361104482 -175.79665418172053 104.89779875339943 104.90137543066254 -93.31400565386576 -112.36995294380955 105.0550828165404
8201 114814 0 0 0 -19.617306091637243 -13.005753093714272 105.03570443484921 61.4555166616315 -198.71135441331805 -59.724654630896005 178.8601409207145 -41.76504708391569 -178.96569449437135 105.0773252736623 50.06817822436242 18.14705074484613 56.29999204106614 -61.33401759171979 105.11956843061277 121.32501012536244 -23.60861388576656 -117.46269087741108 275.0235154633745 -103.28603893502117 -7.852354655302753 105.03581654444231 105.00867226261417 -95.67803308787538 -175.79798051930211 104.94616699833216 104.91470804977102 -93.3141439599626 -112.37810333450032 105.05013149679904
8301 116214 0 0 0 -19.619381313957977 -13.004316508251708 105.03947395775381 61.4554019112882 -198.7113872184351 -59.725099844382044 178.86246413034507 -41.76712918177714 -178.96571788652335 105.06815184455601 50.068508053287445 18.147026307918242 56.29997318044639 -61.333970774074324 105.12078785044126 121.32411801283082 -23.60864376351192 -117.45932880470026 275.02360088793904 -103.28586161093955 -7.850403049941408 105.02666979180249 105.01786466023049 -95.67808576022296 -175.79302221634023 104.971062909656 104.9168544617695 -93.31417057089554 -112.37956187475132 105.03843186139264
8401 117614 0 0 0 -19.61933310578325 -13.004345494846657 105.03948555742112 61.45540409761788 -198.71138785189245 -59.72509280079021 178.86241748264982 -41.767087354592874 -178.96571783683893 105.0681540843762 50.06850140333765 18.14702574420938 56.29997334193651 -61.33397195168822 105.12078485743977 121.32413725267793 -23.608644567591416 -117.45938257371851 275.0236015078779 -103.28586259226046 -7.8504088467195094 105.02667194248767 105.01786100684139 -95.67808495172017 -175.79317463782414 104.97103414657055 104.91685541332883 -93.31417052337721 -112.3795625535457 105.03841930464846
8501 119014 0 0 0 -19.61784613001484 -13.004923062624423 105.04223131502448 61.45545036559959 -198.71139154418447 -59.7247690104642 178.8614878488217 -41.766252593686595 -178.96571114810612 105.06608069061598 50.06836897534165 18.14704818980102 56.29996230448499 -61.33399161076746 105.12181544917401 121.32386288075662 -23.608687942295248 -117.46176234328514 275.02363996983115 -103.2858294312505 -7.852991893912445 105.0243645178469 105.02031769092524 -95.67807508417182 -175.79387769548413 104.97854614741154 104.91708783543845 -93.31417507221538 -112.38206731837126 105.03132943572966
8601 120414 0 0 0 -19.618623304457024 -13.003972916965788 105.04607905242051 61.45537554007351 -198.71138670420217 -59.72473940184395 178.86301087264548 -41.767622236412016 -178.96570695752698 105.06330623387367 50.06858180072706 18.147064493048063 56.299954039391565 -61.33395127234811 105.1233531021096 121.32193976022556 -23.608640770877344 -117.46529743790421 275.02365070038934 -103.28592145128823 -7.854889209600888 105.02115430727667 105.0230807425472 -95.67806704316467 -175.79686548476755 104.99007152206804 104.91737758858811 -93.31417691709528 -112.3859685341892 105.02306778387626
8701 121814 0 0 0 -19.618441211798643 -13.004043126413722 105.04676557963134 61.455381714402904 -198.71138344157472 -59.72471998495716 178.8628971538586 -41.76752020821509 -178.96570215458226 105.06269719371963 50.06856568529151 18.147073770918794 56.29995217884659 -61.33395384990644 105.12368040710534 121.32162385412342 -23.608615326217713 -117.46455302098806 275.023647497971 -103.28590676298023 -7.855810084472675 105.02038982996378 105.02378419922331 -95.67808131998454 -175.7969534340166 104.9917485362087 104.91743719903783 -93.31417731513991 -112.38733573139605 105.02122974062257
8801 123214 0 0 0 -19.61812131633162 -13.004103495509291 105.04807894732632 61.45538678281897 -198.71135957526283 -59.72468565827874 178.8628011056034 -41.767434793879566 -178.96570382175034 105.06131773568421 50.06855330166032 18.147086588662503 56.29994791364308 -61.33395784136696 105.12445041240484 121.32087423570093 -23.60855253514838 -117.46292840806048 275.02360744588964 -103.28590901000912 -7.8572869915173476 105.01869339934768 105.02556976924359 -95.67811155120692 -175.7969723676846 104.99652333139433 104.91756466217936 -93.31417807490187 -112.390281635892 105.01729646599253
8901 124614 0 0 0 -19.61803888769154 -13.004393670376285 105.04973158122979 61.45540412996706 -198.71129602653474 -59.72474389071146 178.862334462135 -41.76701837670465 -178.96566927066615 105.05937429891225 50.068488144135294 18.14717458717231 56.29992022642897 -61.333972650043385 105.12590175807694 121.32035541321754 -23.608557622669498 -117.46290714209469 275.02352664589165 -103.28590512640493 -7.855959738922973 105.01664551868632 105.02985388836242 -95.6781108255157 -175.80035918246975 105.00354290795694 104.91771467153087 -93.31418896475434 -112.3926627092606 105.01755591967814
9001 126014 0 0 0 -19.6178213103046 -13.004545161344096 105.05004567521941 61.45541583731986 -198.71130100446933 -59.72471418433783 178.86209108276628 -41.76679934077221 -178.96566316070175 105.05899633078745 50.06845342232273 18.14717579252121 56.29991663481743 -61.33397900133137 105.1260950209921 121.32036979129445 -23.608562203286017 -117.46370513045748 275.0235287733688 -103.28591341556351 -7.855714021348087 105.01638045501909 105.03058552757706 -95.6781028388147 -175.8011206103729 105.00464643860005 104.91774173700996 -93.31419029842831 -112.39270565406693 105.01742604969024
9101 127414 0 0 0 -19.613581178256453 -13.007332240690348 105.05183434882265 61.45563387085704 -198.71130604000214 -59.72427764532945 178.85760305712236 -41.762762511998254 -178.96567073147335 105.05257922251938 50.06782473739184 18.147167011919134 56.29987256086815 -61.33408886546854 105.12752159321306 121.32161406552271 -23.60858319818193 -117.45998230076387 275.02354957138516 -103.28602684828756 -7.847855899615046 105.01538348964358 105.0434343505775 -95.67806253301508 -175.80507989942635 105.02175579257528 104.91793985793636 -93.31420833645137 -112.39416189397932 105.02188084353487
9201 128814 0 0 0 -19.613624439294288 -13.007486009959463 105.05154095578376 61.455645907769934 -198.71133928926037 -59.72432116210577 178.85735041755962 -41.76253463742288 -178.96573562626716 105.04666420477312 50.067789222138366 18.147080108424117 56.299860405622205 -61.33409500346527 105.12682956882423 121.31893535314548 -23.60858777134532 -117.46313419973494 275.0236176755899 -103.28598013009862 -7.843730602674005 105.01802567304236 105.05346732349425 -95.67809349663709 -175.797444036078 105.03482208139413 104.9178445239136 -93.31421476218482 -112.40301209608332 105.03372114767438
9301 130214 0 0 0 -19.61212452266537 -13.008701158027037 105.05275550727792 61.455737317233464 -198.71127461169945 -59.724113655783334 178.85540057802126 -41.76077344640808 -178.96576354746043 105.0414392114237 50.06751009931023 18.147110146567474 56.299899423708034 -61.334138033637196 105.12312122682256 121.31671000863183 -23.608554726912107 -117.46477904963163 275.0235724656466 -103.28614746292797 -7.8399193976523405 105.025187299014 105.06123103658214 -95.67808347718322 -175.79586192229883 105.04589787673095 104.91747219884526 -93.31419868554944 -112.4125053841775 105.04461685609577
9401 131614 0 0 0 -19.611262584902857 -13.009358820342205 105.05305462094222 61.45578827619909 -198.71127769841078 -59.724061185767916 178.85433900157844 -41.75982004624815 -178.96574441226844 105.04099589837863 50.067360857444896 18.147113712720625 56.29990640826389 -61.33416381370312 105.12254884772129 121.31643148260909 -23.60855925084756 -117.46529546694184 275.0235362403199 -103.28603944811408 -7.8400959343250065 105.02643066207385 105.06207876944329 -95.67810262522161 -175.79830365347618 105.04542191009998 104.91741923334295 -93.3141957278579 -112.41428036730001 105.04582005100342
9501 133014 0 0 0 -19.612619665164544 -13.008280126631831 105.05491114049765 61.45570710075358 -198.7113127712707 -59.724207865641155 178.85607343210825 -41.76138244683829 -178.9657780802401 105.03838906335119 50.06760569606991 18.147044317784164 56.29994378542654 -61.33412333374681 105.11960116285242 121.31344645375744 -23.60863728869693 -117.46684356181423 275.02357464522606 -103.28603027484559 -7.836104199972833 105.03346861926882 105.06640367093244 -95.67807645679403 -175.79862127073537 105.05345185192459 104.91713577995333 -93.31417963595496 -112.42184344914031 105.05300071026491
9601 134414 0 0 0 -19.612725984915002 -13.00813793071482 105.05507081924537 61.455695889054084 -198.71130328050012 -59.7241998609598 178.85630524971077 -41.76159067552103 -178.96577459258702 105.03827622797431 50.06763914289324 18.147061887411326 56.29994641068494 -61.33411808319996 105.11940905452178 121.31318909508319 -23.60862837506375 -117.4668272015152 275.0235769588236 -103.28603663881998 -7.835754546916484 105.03401740994549 105.06667601383909 -95.67808079441654 -175.79843163272471 105.05433026781333 104.9171186089588 -93.31417853880542 -112.42261304627613 105.05353836195965
9701 135814 0 0 0 -19.61316604907442 -13.007748205531778 105.05605666319157 61.45566657010718 -198.7113121702798 -59.72425286309854 178.85693507030658 -41.762155989191584 -178.9657312575111 105.03789738310216 50.06772892084946 18.14709588928185 56.29995755726432 -61.33410366782949 105.11858572020019 121.31244154877584 -23.60862606802935 -117.46801263403071 275.02356642352987 -103.28598104378563 -7.833779644209154 105.03662325749222 105.06763304006607 -95.6780801006952 -175.80181675732322 105.0555871275881 104.91705780070895 -93.31417378714325 -112.42412122694745 105.05560801156753
9801 137214 0 0 0 -19.613303586198096 -13.00760124672684 105.05617684627902 61.455655591848945 -198.71131785508442 -59.7242498974123 178.85717238886835 -41.762368733136256 -178.96572059025505 105.03800871763187 50.06776224857783 18.147103638076143 56.299959785941674 -61.334097152527384 105.11839627294106 121.3124214808974 -23.608616962215223 -117.46776396092761 275.02357410122005 -103.28600669641477 -7.832952598132879 105.03737665766229 105.06753363848308 -95.67807155102487 -175.80282254957118 105.05514879391134 104.91705468295713 -93.31417281337461 -112.42376365539887 105.05621280011657
9901 138614 0 0 0 -19.61318955788058 -13.0076657993712 105.05599050193273 61.455660147646306 -198.71130701692593 -59.724231510359026 178.85706812797824 -41.762275119857875 -178.96571141337756 105.03799653278911 50.067747080223754 18.14712650355695 56.2999648001787 -61.33409777123179 105.11799853318297 121.31260430336404 -23.608606768946537 -117.46797981718039 275.0235698469536 -103.28602721604142 -7.83166771431012 105.03892261641012 105.06752432464309 -95.67806965855084 -175.80391363742658 105.05476712365628 104.91703348070556 -93.3141705426852 -112.42311545853273 105.05784396033788
10001 140014 0 0 0 -19.613139642813994 -13.007676384210505 105.05533124643536 61.45566063772726 -198.71129645653232 -59.724233382266725 178.8570502246006 -41.76225952837778 -178.9657232174562 105.03799549822304 50.06774467092371 18.14712490676948 56.299969047185876 -61.334097667787724 105.11768617367474 121.3128412871632 -23.60860560252459 -117.46704830867806 275.02356476519026 -103.28603013603744 -7.83055654049132 105.04023801760792 105.06753082450635 -95.67807602169097 -175.8030131995115 105.0546484822713 104.91701773059592 -93.31416860664827 -112.42248458475107 105.05935826421457
10101 141414 0 0 0 -19.612956981870063 -13.007790493600371 105.0549089544862 61.45566948610998 -198.71130995249442 -59.724211115636294 178.85686505168528 -41.76209334255864 -178.9657228989448 105.03785093359461 50.06771846485905 18.147111671284062 56.29997562457343 -61.33410372569374 105.11723633049412 121.31264841555536 -23.60860772173765 -117.46618338187074 275.02357229118417 -103.28598815012856 -7.82983974173749 105.04235524370611 105.06780062298627 -95.67808388526255 -175.80248832361147 105.05418736400063 104.91698826738616 -93.31416563347727 -112.42327854909193 105.0612980651029
10201 142814 0 0 0 -19.61252668165647 -13.008098319253724 105.05407710259155 61.45569301617031 -198.71130757348152 -59.72414850750692 178.85636864445786 -41.761646818831565 -178.96572201965787 105.03810301754089 50.06764907704342 18.14711547652917 56.29998004476618 -61.33411685905497 105.1169248894171 121.31305565901573 -23.608598434035233 -117.46680857920653 275.0235704253669 -103.28598578837752 -7.828872476142795 105.04443230012672 105.06747968081531 -95.67808859849099 -175.8018754000444 105.05303543053448 104.91698740792233 -93.31416357425285 -112.42258215938817 105.06307763239059
10301 144214 0 0 0 -19.61219366058764 -13.008342281499285 105.05377243132178 61.45571264119846 -198.71131049991993 -59.72410575676965 178.85597601574824 -41.76129368278801 -178.96572376563097 105.0381450237927 50.06759416186269 18.14711045364806 56.2999822552333 -61.33412626905102 105.11679450579366 121.313238574111 -23.60859879081822 -117.4671883745399 275.02357324295497 -103.2860108912731 -7.828644286532668 105.0453970478866 105.0674864163139 -95.67808060024922 -175.8015165287689 105.0520496808593 104.91698438974073 -93.31416256306271 -112.42252387618291 105.06389937443029
10401 145614 0 0 0 -19.612018144976698 -13.008534703892783 105.05372676033957 61.45572721705952 -198.7113193655384 -59.724103094689475 178.85566668087083 -41.76101602318053 -178.965720775586 105.03807642343922 50.067550629414185 18.14710456917511 56.29998381740379 -61.334133583883826 105.11671893815964 121.31317693987506 -23.6086054954259 -117.466825225813 275.023578929084 -103.28601297932147 -7.828679522965511 105.04595017368801 105.06771558414574 -95.67807365336284 -175.80130854208323 105.05165270228625 104.9169782387246 -93.31416190208498 -112.42310471082868 105.06424817297324
10501 147014 0 0 0 -19.612095015622014 -13.008478617756719 105.05365825753229 61.455723102569245 -198.71131597808724 -59.724116024729 178.85575702104242 -41.76109743436707 -178.9657157505169 105.03814579070654 50.06756380169221 18.147111988919534 56.29998540994407 -61.33413106500008 105.11665974752569 121.31293941332407 -23.608612473280402 -117.46637523285366 275.02357242110855 -103.28600631006526 -7.828289787660047 105.0466744001081 105.0680275876628 -95.67807134075512 -175.80049628491653 105.0517581328534 104.91698242470027 -93.31416136214328 -112.42364254528884 105.06438464006622
10601 148414 0 0 0 -19.612421764080896 -13.008244945253233 105.05345286861115 61.45570551037384 -198.71131812537126 -59.724157703684135 178.85613211907378 -41.761434637036885 -178.96571041811336 105.03855026798558 50.06761675130801 18.147115232850993 56.29998704199526 -61.33412187272906 105.11662440903388 121.31243789046012 -23.60861899810011 -117.4667572696455 275.02357199195 -103.28599665021405 -7.827897218473702 105.0477986144149 105.06821910776792 -95.67806879141389 -175.7999760408736 105.05080763875566 104.9170077872501 -93.31416092710931 -112.42472861811093 105.06459329304452
10701 149814 0 0 0 -19.612483920331304 -13.008129425937737 105.05318714224835 61.45569570602963 -198.71131882762543 -59.72416049192629 178.85631889518328 -41.761602895851595 -178.96571596075836 105.03922150859557 50.067642942412924 18.147111269104364 56.29998956757187 -61.334116969225086 105.1166337883809 121.31161543086243 -23.608616151890153 -117.46826346552214 275.0235803460413 -103.28602301077458 -7.827144401284685 105.0493355659822 105.06893958199153 -95.67806453982372 -175.80066741707768 105.04943262812967 104.91705512385053 -93.31416049265313 -112.42710931177403 105.06451828654824
10801 151214 0 0 0 -19.61194607426919 -13.008514843585095 105.05260524018131 61.45572511363509 -198.71131345725038 -59.724103683367616 178.85569945872223 -41.761044493107214 -178.96572864541906 105.04042137583956 50.06755547390224 18.147102933905444 56.29999061729691 -61.33413202240677 105.1167688417398 121.31162445876058 -23.60861706267802 -117.46831028082252 275.02357823824445 -103.28602573829386 -7.825579158580012 105.05086947831158 105.06965004426796 -95.67806910098336 -175.8013265089885 105.04793161438428 104.91713354039639 -93.31416100522351 -112.42782711883783 105.06362894777999
10901 152614 0 0 0 -19.612083437684994 -13.008474804246735 105.05252368425434 61.455722416129966 -198.71130738737202 -59.72411681542892 178.8557637365867 -41.7611008424205 -178.96572693858653 105.04140225912019 50.06756406866199 18.14711022940809 56.29999117250177 -61.33413042265686 105.11692027825461 121.31131948357027 -23.608610840996672 -117.46786616072198 275.02357183096325 -103.28602245980366 -7.823946825083572 105.05212284548885 105.07047729259183 -95.67807352906333 -175.800692695491 105.04812697002461 104.91719574085593 -93.3141616802247 -112.42869087904411 105.06234266670998
11001 154014 0 0 0 -19.61204956378122 -13.008533501188719 105.05248418237613 61.45572725911376 -198.7113072734349 -59.72412382654 178.85566893690304 -41.76101654694756 -178.96572214626264 105.04220600730997 50.06755079430128 18.147116190602894 56.29999092632868 -61.33413341335457 105.11705657047992 121.31121177238471 -23.60860733625558 -117.46791509166273 275.02357177279123 -103.28600873508616 -7.822709119398845 105.05300664821901 105.07096851032925 -95.67807760364443 -175.80096697024675 105.04794631159389 104.91724191313357 -93.31416242150162 -112.42912378491077 105.0611481980507
11101 155414 0 0 0 -19.612129422507113 -13.00845920176788 105.05239681632636 61.45572183024627 -198.71130928739427 -59.72412212227428 178.8557881158187 -41.76112514168812 -178.96572422000852 105.0430154887636 50.067567936554255 18.147112491028253 56.29999049703355 -61.33413009463642 105.11719726346008 121.31105616437998 -23.608611439931824 -117.46799895103686 275.023574894935 -103.28600875205991 -7.821349954306423 105.05386423085498 105.07138504728859 -95.67807620663835 -175.8009814034255 105.04796431157517 104.91728477252342 -93.31416317489297 -112.42960088745946 105.05997741978854
11201 156814 0 0 0 -19.61201052014165 -13.008549002124795 105.0522659117684 61.45572876695844 -198.71131344317834 -59.72411631519701 178.85564364846925 -41.76099531677346 -178.96572150835948 105.04365086368202 50.06754741081682 18.147111378766613 56.29998927258039 -61.33413344394288 105.11731487749871 121.31117763894696 -23.608613704273104 -117.46784385502964 275.02357670176684 -103.28598338399917 -7.820488825069996 105.05442749374197 105.07148188541991 -95.67808081059013 -175.80124255710592 105.04802963858205 104.91731385319129 -93.31416403077786 -112.42940581313657 105.05876968954674
11301 158214 0 0 0 -19.61211451529059 -13.00844343752394 105.052215900069 61.455720502578416 -198.7113155913575 -59.7241298947592 178.85581365809213 -41.76114745212553 -178.96572269017827 105.0441896950416 50.06757080025265 18.147107256171342 56.29998692021302 -61.334129508729475 105.11741347651218 121.31114973949174 -23.608611864081624 -117.4673316500823 275.02357729248916 -103.28599483054901 -7.8202169393566034 105.05470067128735 105.07116556561034 -95.67807782663229 -175.8016057697363 105.04781883583047 104.91733263458023 -93.31416513212599 -112.4293202649646 105.05729987444742
11401 159614 0 0 0 -19.611987142903526 -13.00849925922325 105.05199419772453 61.4557243867916 -198.71130914488725 -59.724102627959184 178.85572378082597 -41.761066369659225 -178.9657279714437 105.04477596327293 50.067558336792274 18.147108600908766 56.29998257569457 -61.334131918512995 105.1175141854861 121.3110869451853 -23.608616781345802 -117.4677197357838 275.0235756164339 -103.28601337093671 -7.821303347687267 105.05480364825206 105.0701217940218 -95.67807383501355 -175.8014077675023 105.0466281912406 104.91734468474588 -93.31416676928617 -112.42968858236344 105.05538796110935
11501 161014 0 0 0 -19.612061479855708 -13.008481620243924 105.05180189759442 61.45572304844934 -198.71131053855473 -59.72410983465784 178.85575193736818 -41.76109225145547 -178.96572533663232 105.04515589786612 50.06756265516431 18.14710833445746 56.29997888330274 -61.33413112925307 105.11756851116499 121.31107204032314 -23.608610977314964 -117.46836196136434 275.0235723445537 -103.28601837875499 -7.822496077325314 105.05477212199844 105.06896795103081 -95.67807301582975 -175.80083554687712 105.04548880111936 104.91734703165086 -93.31416798251792 -112.42964946727012 105.05429965224691
11601 162414 0 0 0 -19.612235698375237 -13.008368537504799 105.05160792707164 61.45571433835726 -198.71130962271448 -59.72412830852205 178.85593408970897 -41.761256047728324 -178.96572471900024 105.04556050015093 50.06758815397991 18.147110869530447 56.29997541221395 -61.33412644157906 105.11760831242525 121.31140736341862 -23.608608973834045 -117.46786496142933 275.02357345407347 -103.28601466211738 -7.822941998401199 105.0546515689852 105.0676865042851 -95.67807521676099 -175.80065224903623 105.04494567954006 104.91734845839599 -93.31416906361653 -112.42840815723793 105.05363594522812
11701 163814 0 0 0 -19.61231526437221 -13.008299013453575 105.0515811405751 61.45570892386824 -198.71130873364237 -59.724133377077756 178.85604623957107 -41.761356674597344 -178.96572253165297 105.04587801865043 50.06760353281075 18.147114633307847 56.299973200820766 -61.33412393340182 105.11763147867146 121.31161573613932 -23.608611782722043 -117.46764888450522 275.0235734441891 -103.28600931142486 -7.823259100776869 105.05454095717248 105.0667882376799 -95.6780751897049 -175.80090314849778 105.04511424194529 104.91734982999665 -93.31416974415761 -112.42766799334463 105.05325316732271
11801 165214 0 0 0 -19.612298473421774 -13.008324850305268 105.05163152489988 61.455710690496225 -198.71130412250716 -59.7241362379515 178.8560044382297 -41.761319078356216 -178.96572735451588 105.04648958950668 50.06759761795473 18.14711406459032 56.2999705040768 -61.33412503806773 105.11768040055196 121.31159576357484 -23.608612351980916 -117.46736825255299 275.0235711105051 -103.28601320880718 -7.824055571454301 105.05455539049495 105.0657238563613 -95.67807671997585 -175.8011561535996 105.0460361239721 104.91735710397431 -93.31417065060475 -112.42782454523092 105.05230446478753
11901 166614 0 0 0 -19.612305901938964 -13.008322441877471 105.05193887403811 61.45571116686013 -198.71130936019398 -59.72413815795497 178.85600831281315 -41.76132270939181 -178.9657245707007 105.0473442644509 50.06759868639409 18.147110974771703 56.2999675177514 -61.334124666471936 105.11773592342685 121.31162887091907 -23.608610561881402 -117.46763979156917 275.0235727801351 -103.28601701700698 -7.824665727691098 105.0546096324964 105.06442167930626 -95.67807382068366 -175.80136257615027 105.04860595541858 104.917365098126 -93.31417163949567 -112.42763846541557 105.05117967013067
12001 168014 0 0 0 -19.61232073235345 -13.008308591305825 105.05210359869473 61.45570997920516 -198.71130921622122 -59.72413990590044 178.8560306701514 -41.761342881417036 -178.96572430805853 105.04789963286466 50.06760146672839 18.14711142727482 56.29996601441252 -61.33412411614012 105.11777065235222 121.31153008681446 -23.608612404140892 -117.46779150069176 275.0235726423264 -103.28601370163084 -7.8249628149482096 105.05472154720175 105.06374620249161 -95.67807400620795 -175.8011183497996 105.05109159870848 104.91736968228288 -93.31417214182274 -112.42795383459988 105.05040861177724
12101 169414 0 0 0 -19.612039708975534 -13.008488055628344 105.05182004451255 61.45572359027934 -198.71131267636738 -59.724105033469186 178.85574143838406 -41.76108302883987 -178.96572298020246 105.04830059750954 50.067561124140816 18.14710878357936 56.299965201875644 -61.33413120813999 105.11780796172324 121.31162627540655 -23.608612229539464 -117.46754211811768 275.0235737101599 -103.28601905706327 -7.824594705818982 105.05499359440783 105.06346492652263 -95.67807087635632 -175.8011761458577 105.05137357667186 104.91737410400727 -93.3141724431951 -112.42802934411311 105.05005795501273
12201 170814 0 0 0 -19.611943256578517 -13.00854994606524 105.05106550723991 61.45572821662597 -198.71131247966179 -59.724099198103445 178.85564160777417 -41.76099298004274 -178.9657202310127 105.04892511045126 50.06754703907709 18.14711166789721 56.299963896138564 -61.33413372302437 105.11787912523779 121.31153686565604 -23.608610190285347 -117.46785930001116 275.02357242268226 -103.28602309815582 -7.823848935270664 105.05555617731834 105.06308792950104 -95.6780694088411 -175.80060028640415 105.05072061424057 104.91738039758097 -93.31417293705738 -112.4284397726754 105.04970269774819
12301 172214 0 0 0 -19.611901711819364 -13.008586267894952 105.05036925078974 61.45573106509596 -198.71131292974385 -59.724103962632135 178.85558336299388 -41.76094037596382 -178.96572227696043 105.04965249575848 50.06753889424483 18.147109406610976 56.299962031771805 -61.33413500744029 105.11794326894761 121.31141835162693 -23.60861449260434 -117.4679885936917 275.0235736037572 -103.28601362662543 -7.823292530231667 105.05598808249009 105.06234296836134 -95.67807108978873 -175.80066371107333 105.04960235605513 104.91738236042234 -93.31417355432058 -112.428854241536 105.04948572978999
12401 173614 0 0 0 -19.612072831384225 -13.00847356790671 105.0497444950703 61.4557225573845 -198.71130724264344 -59.724118314171484 178.85576512846555 -41.76110384728489 -178.96572347670624 105.05052059277102 50.0675645754705 18.147114573076653 56.299959840817834 -61.334130593857346 105.1179959002449 121.31120094223495 -23.608610669937345 -117.46784979529475 275.02357151833394 -103.28601969581352 -7.822489756413147 105.05631781322556 105.0613055104246 -95.67807300794902 -175.80084072918473 105.04894070134468 104.91737914810338 -93.31417422295996 -112.42931696647055 105.04936191809713
12501 175014 0 0 0 -19.61210427727143 -13.00846188038947 105.04951548882521 61.45572192056095 -198.71131199960698 -59.724117731915186 178.85578386699095 -41.761120897892084 -178.96572284326797 105.05128594867045 50.06756709267489 18.147109756427472 56.29995806820563 -61.334130231104254 105.1180095098778 121.31115178905674 -23.608615163890637 -117.46774558945759 275.02357261388096 -103.28600200083535 -7.822001158168537 105.05637037958999 105.06021636771939 -95.67807475154721 -175.80148938453755 105.04997444103269 104.91737068720744 -93.31417469512566 -112.42946208162134 105.04925792889875
12601 176414 0 0 0 -19.612206525123234 -13.008410715697174 105.04944001969157 61.455718278149156 -198.71131153734453 -59.72413330271515 178.85586633824965 -41.76119514304405 -178.96572402093082 105.0520435142074 50.06757859252948 18.147110214345332 56.29995662797964 -61.33412826724198 105.11798854509725 121.31099620105597 -23.608613609333702 -117.46788946604023 275.02357581115234 -103.2860151387106 -7.821830411769473 105.05618884021959 105.0590318986245 -95.67807235217138 -175.80219579602866 105.05149122527445 104.91735756517768 -93.31417500314983 -112.42990852984572 105.04930519633136
12701 177814 0 0 0 -19.612502451879518 -13.008230951981048 105.04941235673571 61.45570448497427 -198.71130732181226 -59.72417186942403 178.8561563654945 -41.76145563145973 -178.9657238374111 105.05250805559581 50.06761890664664 18.147114438311807 56.29995605302702 -61.33412089226826 105.11792992373024 121.31084294149302 -23.608609973317705 -117.4681008818844 275.02357216124625 -103.28601480577125 -7.821830079731411 105.05568650053775 105.05810293368951 -95.67807498174878 -175.80242623626202 105.05232599737087 104.9173449581353 -93.31417502572121 -112.43002996147774 105.04984841521163
12801 179214 0 0 0 -19.612397272899184 -13.008305617147004 105.04926680508929 61.455710126721286 -198.7113080632533 -59.72416376387275 178.8560361730204 -41.76134783906335 -178.9657235701545 105.05259047458067 50.067602219962524 18.147114648484337 56.29995633710127 -61.33412399355319 105.11785537258719 121.3109086128908 -23.608610141627853 -117.46793498506531 275.0235740445588 -103.28601172665971 -7.822239350248409 105.05496257720233 105.05761115939627 -95.6780757341702 -175.80211889052546 105.05165657147353 104.91733808134025 -93.31417480190092 -112.4299643849149 105.05083390669466
12901 180614 0 0 0 -19.61224008890035 -13.008381666133399 105.04893701067435 61.45571572065858 -198.71131079528547 -59.72413839751632 178.8559130536115 -41.76123697937841 -178.9657231285544 105.05254213880292 50.06758491845437 18.147111490550888 56.29995702701093 -61.334127143366466 105.11777251528024 121.31108151305996 -23.608612198200134 -117.46775904993217 275.02357435753555 -103.28601873646272 -7.8224893695425655 105.05405399886178 105.05727031399378 -95.67807167484865 -175.80143297951608 105.05054447562647 104.91733332133228 -93.3141744363364 -112.42956010755256 105.05210501403229
13001 182014 0 0 0 -19.612029874731494 -13.00850677463293 105.04861619103157 61.45572530146167 -198.7113101531057 -59.724109096548496 178.85571147614834 -41.76105568307748 -178.9657235397528 105.05284108009597 50.067556609361844 18.14711156433354 56.29995711016003 -61.33413180731913 105.11772011793452 121.3110889344529 -23.60861167274311 -117.46808918482853 275.02357350437876 -103.28601335705972 -7.822311481300102 105.05345767847 105.05674366041191 -95.67807383953647 -175.8011755837232 105.05084255661762 104.9173245648955 -93.31417426572428 -112.42981869141391 105.05277660082898
13101 183414 0 0 0 -19.611973930728485 -13.008554941679508 105.04827557447835 61.455729100719026 -198.71131216993112 -59.724107161727694 178.85563407977975 -41.760986008220286 -178.96572342825777 105.05333098623099 50.06754594751202 18.147109347361557 56.299956929144415 -61.33413371076034 105.11767539984014 121.31096919723362 -23.60861335805478 -117.46810421619836 275.0235745034961 -103.2860162099431 -7.8216997102131 105.05295242658313 105.05607962285754 -95.67807167525835 -175.80149300878384 105.0510923675727 104.91731208242246 -93.31417416786881 -112.43026904811566 105.0532203729192
13201 184814 0 0 0 -19.612042026997937 -13.00851157419022 105.0482173080857 61.455725889699956 -198.71131163615766 -59.72411500116202 178.85570389524997 -41.76104901644758 -178.96572180736555 105.05350859561757 50.067555595379844 18.147111392718873 56.29995696289383 -61.33413206824 105.11764887007286 121.31091289953105 -23.608611216934428 -117.4681124946067 275.02357319971867 -103.28601433557806 -7.8213984201728906 105.05257694307761 105.05578884443622 -95.67807265404058 -175.8015672337183 105.05122539830997 104.91730662928623 -93.31417407984821 -112.43036392220016 105.05345985010369
13301 186214 0 0 0 -19.61210876112465 -13.008471890772446 105.0486674275079 61.455722872546815 -198.71131171432526 -59.7241235647903 178.8557680061023 -41.76110649879873 -178.96572321453328 105.05327630174381 50.06756453788525 18.147109827303666 56.299957457888 -61.33413056983989 105.11761537739969 121.31101711365916 -23.60861345192999 -117.4680227861704 275.0235734120558 -103.2860124271195 -7.821871004887553 105.05167785425753 105.05577069338307 -95.67807269123432 -175.8017854037154 105.05076060545473 104.91730909602238 -93.31417389289227 -112.42993488054744 105.05368472945015
13401 187614 0 0 0 -19.61219380073746 -13.008419470564695 105.04905908229422 61.45571886018752 -198.71131008595177 -59.72413591751351 178.85585237412394 -41.76118247458131 -178.96572241417556 105.05321984320614 50.06757639591057 18.147112489615218 56.29995755501035 -61.33412850583954 105.11759778020205 121.3109773291268 -23.608612431905684 -117.46797514942804 275.0235726308209 -103.28601859816843 -7.821966590260505 105.05090870345 105.05560888574647 -95.67807140298092 -175.80174999371786 105.05109814453459 104.91730870035211 -93.31417383750222 -112.42996623625194 105.05371576173245
13501 189014 0 0 0 -19.612024076203085 -13.008524753395733 105.04935914482036 61.45572680835857 -198.71131329105054 -59.72411382983912 178.85568273762252 -41.761029758185366 -178.96572327239898 105.05322291998911 50.067552597872066 18.147108130424797 56.29995745911745 -61.334132622081654 105.11759129833004 121.31098640549811 -23.608613029913723 -117.46803402554414 275.0235743364206 -103.28601318517622 -7.821705483176493 105.05008718727032 105.0553885074185 -95.67807216673934 -175.80162335246308 105.05165236996989 104.91730771640027 -93.31417385158592 -112.4301495515077 105.05370124445024
13601 190414 0 0 0 -19.612014791347455 -13.008526553180623 105.04967181913334 61.455727003845524 -198.71131173496707 -59.72411352527005 178.85567980401544 -41.76102720992415 -178.96572354630183 105.05310593205586 50.06755237270339 18.14710962899763 56.299957336346424 -61.334132657355404 105.11760104434128 121.31092770136841 -23.608613303303954 -117.46810026304505 275.0235738451559 -103.28601521202724 -7.821272698357401 105.04926811111852 105.05531776309324 -95.67807199216497 -175.80147259856423 105.05072578793467 104.91731010448757 -93.31417391510253 -112.43032701773252 105.0536400889677
13701 191814 0 0 0 -19.612023960037376 -13.008522323038061 105.04994919358846 61.455726642272886 -198.7113107931391 -59.72411038578354 178.85568654944294 -41.76103326336524 -178.9657234772938 105.05301450555277 50.06755325769904 18.14711074562681 56.299957184995925 -61.33413249496119 105.11761266788427 121.31086359737397 -23.608612348422202 -117.46806533856584 275.02357331167923 -103.28601461545902 -7.821074664291967 105.04890803125848 105.05531427650672 -95.6780728166444 -175.80146557723484 105.05051083971264 104.91731213161448 -93.31417399997237 -112.43053998167723 105.05339519113225
13801 193214 0 0 0 -19.612057216201503 -13.008506233547056 105.05032537194923 61.455725329018414 -198.711311298054 -59.72411878785183 178.8557124868716 -41.76105662387856 -178.9657231712423 105.05277581487941 50.067556861884015 18.147110606318634 56.29995707640058 -61.334131890232605 105.1176286807861 121.31087084686948 -23.608612861542692 -117.46808188744906 275.023573787721 -103.28601582967822 -7.821124770513855 105.0486833695264 105.05544780624636 -95.67807200890793 -175.801511697463 105.05067665596958 104.91731692147718 -93.31417410769278 -112.4304913269065 105.0528490347545
13901 194614 0 0 0 -19.61201516997882 -13.008527615610426 105.05046071076836 61.45572701271799 -198.71131081684393 -59.72411235765098 178.85567790309213 -41.7610255291839 -178.96572333774535 105.05249701160893 50.06755196364421 18.14711111590048 56.299957101908575 -61.334132796698306 105.11763884378958 121.31094307394743 -23.608613035122875 -117.46806565052528 275.0235739305494 -103.28601557519623 -7.821439526779278 105.0486817187391 105.05565860205576 -95.67807225632986 -175.80138730785805 105.05038511182813 104.91732182329416 -93.31417416895354 -112.43028352593412 105.05220370648108
14001 196014 0 0 0 -19.612021364044395 -13.00852290163692 105.0500967299107 61.45572656824566 -198.71131033935444 -59.724112179545735 178.85568544745922 -41.76103231344465 -178.96572376059922 105.05241071734375 50.06755307494518 18.14711125735562 56.2999572023172 -61.33413251893516 105.11763523804287 121.31100940477147 -23.608612289782222 -117.46802303023709 275.0235738499341 -103.28601487746758 -7.821578434505536 105.04903619887538 105.05580625643962 -95.67807308037494 -175.80126467795455 105.04967682657067 104.9173230349844 -93.31417416205198 -112.43007658113477 105.05164084502313
14101 197414 0 0 0 -19.612011255250327 -13.008527543148363 105.04967591310599 61.45572698683954 -198.71131172512997 -59.72410958086588 178.85567801730798 -41.761025601956426 -178.96572281411636 105.05272208214308 50.067551992988605 18.14711056413197 56.29995698417202 -61.33413275050684 105.11762675725966 121.3109044258332 -23.60861303078445 -117.46807720396599 275.0235739077692 -103.28601265726307 -7.821198894938655 105.04933126614517 105.05558251952156 -95.67807264833723 -175.80133641487348 105.05002904756019 104.91731762638466 -93.31417419494713 -112.4304139603477 105.0512360022161
14201 198814 0 0 0 -19.612019491570035 -13.00852406120614 105.04959432127852 61.45572675847853 -198.71131163553397 -59.72411196079443 178.8556836443207 -41.76103073132302 -178.96572287698336 105.05273255197757 50.067552798797564 18.147110558164357 56.29995695995181 -61.33413258547618 105.1176261625295 121.31090382475938 -23.60861242829242 -117.46805677685438 275.0235738070649 -103.28601326889914 -7.821183716538859 105.0494848147801 105.05558627860465 -95.678072764717 -175.8014092974787 105.05021368131625 104.91731739164926 -93.31417420700723 -112.43041022393157 105.05081891165739
14301 200214 0 0 0 -19.612012831929757 -13.008531661031922 105.04970151020778 61.45572737587426 -198.71131177030463 -59.72411209063903 178.85567145418926 -41.76101973674116 -178.9657228870777 105.05264074121357 50.06755111393645 18.147110648397188 56.299956959480596 -61.33413291099288 105.11762940128607 121.31089921749147 -23.60861266188528 -117.46801921946194 275.0235744727142 -103.28601407589643 -7.821196761825055 105.04945272921329 105.0556186019225 -95.67807245084148 -175.8014165400933 105.05019123257213 104.91731896602552 -93.31417422463586 -112.43044557748031 105.05027784991083
14401 201614 0 0 0 -19.61199442715427 -13.008540519030813 105.04985248620368 61.455727989722945 -198.71131194987964 -59.72410899345545 178.85565724292553 -41.76100694564332 -178.96572305484173 105.05253469716969 50.06754910846435 18.14710989178925 56.299956935342195 -61.334133226304644 105.11763375683027 121.31090972035611 -23.608613664534428 -117.46803434098426 275.02357373303107 -103.28601333266195 -7.82109136372514 105.04929420148335 105.05560384067763 -95.67807215012981 -175.8013772400399 105.05012341455146 104.91732065146867 -93.31417424629394 -112.43042725074838 105.0497977055695
14501 203014 0 0 0 -19.612000461513187 -13.008534799562147 105.04985117696003 61.45572758415339 -198.71131155858401 -59.72410934894551 178.85566643750613 -41.76101519112803 -178.96572297279283 105.0525064605241 50.06755040081628 18.147110445841463 56.29995691564672 -61.33413297763386 105.11763302650671 121.31091434528471 -23.60861296412441 -117.46806216765809 275.0235736211581 -103.2860142988565 -7.821058310826515 105.04940140832066 105.05554294564755 -95.67807225062724 -175.801350041179 105.0500900292876 104.91732082808225 -93.31417424972273 -112.43040302766795 105.04947079570182
14601 204414 0 0 0 -19.611981714092217 -13.008548637517505 105.05002521043875 61.45572868399114 -198.71131151736688 -59.72410799336122 178.8556440650878 -41.76099514680188 -178.96572352000354 105.05241869360303 50.06754725881317 18.147110503437528 56.29995673523521 -61.33413357066178 105.11763256164474 121.3109160597334 -23.608613774433763 -117.46808690096616 275.02357509774185 -103.28601522034809 -7.8210409562723315 105.04973408908515 105.05519013926806 -95.67807199426588 -175.80142413548748 105.0501567047575 104.91732118851611 -93.31417429127207 -112.43043058919427 105.04885551004698
14701 205814 0 0 0 -19.611973738095898 -13.008548314504123 105.05043347839712 61.45572852358244 -198.71131148102427 -59.7241063141498 178.85564454487496 -41.7609955069955 -178.96572320577206 105.05214502688719 50.06754733102396 18.14711055245593 56.29995630452556 -61.33413360398632 105.11763963411269 121.31091857487267 -23.60861312391067 -117.46813498085119 275.02357413391536 -103.28601158283914 -7.821106838851745 105.04998305681926 105.05446789679151 -95.67807318550668 -175.80105259175758 105.04959687494474 104.91732342155696 -93.31417442443451 -112.43042058123916 105.04854102365765
14801 207214 0 0 0 -19.611977725875988 -13.008553023566915 105.05075035426987 61.45572886201093 -198.71131119978773 -59.72410792739681 178.85563696542593 -41.76098865666888 -178.9657225062938 105.05210001682993 50.067546238415154 18.14711135771727 56.29995591317011 -61.3341337762552 105.11764593539169 121.31093734704594 -23.608612652740533 -117.46809297198858 275.02357340838347 -103.28601363790956 -7.821165607419284 105.05011262468622 105.05397290338662 -95.67807254803226 -175.80117338825931 105.0496360690415 104.91732318115808 -93.31417455843331 -112.43037351164519 105.04939911103095
14901 208614 0 0 0 -19.61197363710314 -13.008553237246192 105.05091383349149 61.455728958934834 -198.71131126037014 -59.72410728252604 178.85563661243378 -41.76098843811931 -178.9657234785367 105.0519965871763 50.06754622184406 18.147110465641756 56.299955723349385 -61.33413375653909 105.11765013520194 121.31095285517769 -23.608613052154567 -117.46807166001288 275.02357416706127 -103.2860144769811 -7.821141441018099 105.05027825143745 105.0536583631823 -95.67807253298001 -175.8012106733215 105.04941146894038 104.91732403235945 -93.3141746251038 -112.43032118233795 105.0498695711404
15001 210014 0 0 0 -19.611909497287886 -13.008589425170666 105.05094103654064 61.45573171354481 -198.71131136914985 -59.72409713728891 178.8555784506091 -41.76093610576012 -178.96572356146044 105.05192897833732 50.06753807840945 18.14710999187675 56.29995551849171 -61.33413513129011 105.1176542206844 121.31090388801485 -23.608613291881028 -117.46811022429331 275.0235736299949 -103.28601391593565 -7.820907541602556 105.05046537911363 105.0532707632024 -95.67807252959773 -175.80119070412928 105.04960308486265 104.91732434223663 -93.31417468991773 -112.4305481099839 105.05007695653978
15101 211414 0 0 0 -19.61192193236886 -13.008588499521169 105.05096562412557 61.455731680706954 -198.71131165079822 -59.724102191699565 178.85557992248525 -41.76093740629397 -178.9657235861978 105.05167367725424 50.06753825583719 18.14710995487236 56.299955294478394 -61.33413508987064 105.1176619790471 121.31087707722344 -23.608613929613192 -117.46824932647306 275.0235744021429 -103.2860124118569 -7.820739748472629 105.05065326351445 105.0527674405733 -95.67807271982684 -175.80116294724974 105.04975032810931 104.91732657438823 -93.31417477443216 -112.4306427920356 105.05012360286243
15201 212814 0 0 0 -19.61196129726123 -13.008567131788357 105.05058301602786 61.45573007889663 -198.7113117640522 -59.72410585908213 178.8556143864415 -41.760968392784456 -178.96572338023512 105.0511671813092 50.067543111919186 18.147110281543604 56.29995498655864 -61.334134173305486 105.11767484268726 121.31087740668823 -23.608612587389395 -117.468060120654 275.0235749321688 -103.28601439478021 -7.820836563600163 105.05093306451947 105.05191956363855 -95.67807262045072 -175.80139913221598 105.05002800099531 104.91733032696996 -93.31417489580181 -112.43058356980738 105.04969038551278
15301 214214 0 0 0 -19.61199292613397 -13.008544378608809 105.04997897730499 61.45572832140218 -198.7113110789093 -59.724109368023655 178.85565099808625 -41.76100129703067 -178.96572278601886 105.05082020610953 50.067548213555604 18.147111274103562 56.299954840740504 -61.33413339029535 105.11768224818181 121.31088429008742 -23.60861288883857 -117.46809331861962 275.0235735938703 -103.28601499487573 -7.821010711031498 105.05110670485745 105.05143069830568 -95.67807216729074 -175.80132832038169 105.05001991714836 104.91733220036583 -93.31417495684943 -112.43052915897232 105.04988418264693
15401 215614 0 0 0 -19.61199923608517 -13.00853721926596 105.04990354916033 61.45572774501446 -198.711311305103 -59.72410991886344 178.85566251493998 -41.76101169441287 -178.9657231400211 105.05067064972732 50.067549848107454 18.147110767283344 56.29995481808143 -61.33413313313044 105.11768288524864 121.31091547291751 -23.608612677163723 -117.46804594102771 275.02357391882776 -103.2860121771163 -7.82116608397453 105.05107916739286 105.0512598508922 -95.67807320224712 -175.8013472965433 105.04996694151147 104.9173327357567 -93.31417496665726 -112.43042074033329 105.04986923775311
15501 217014 0 0 0 -19.61203099129469 -13.008518055426158 105.04980836603269 61.455726236172644 -198.7113108085727 -59.724112021669924 178.85569351757925 -41.76103951636779 -178.96572241350816 105.05030215178637 50.06755422929975 18.147112166449517 56.299954831395226 -61.33413238827267 105.11767827909068 121.31092002944679 -23.60861172177534 -117.46803632163876 275.02357376035434 -103.28601408248124 -7.821197833113347 105.05072430711208 105.05079193238274 -95.67807293699988 -175.8012669300379 105.04974221418003 104.91733322225872 -93.3141749580588 -112.43036821970705 105.04955670883726
15601 218414 0 0 0 -19.611992079426003 -13.008543492352025 105.04992479756477 61.4557282532273 -198.71131137698924 -59.724109423287054 178.85565241279937 -41.7610026173561 -178.96572288561202 105.04997008085147 50.06754841278896 18.147110821107095 56.299954835819754 -61.33413333202151 105.11767436051551 121.31089448347156 -23.60861278875387 -117.46805366029461 275.02357368491187 -103.28601412976919 -7.821006672560168 105.05020837910372 105.0502777636568 -95.67807241714439 -175.80139126977994 105.05005666543097 104.91733314639883 -93.31417495232289 -112.43049223784038 105.05005228725096
15701 219814 0 0 0 -19.611992553559134 -13.008544370007352 105.04998712732504 61.45572829961927 -198.71131142059107 -59.724109678085455 178.85565100700717 -41.76100133352343 -178.96572323891021 105.04992154889065 50.06754823458895 18.14711048568286 56.29995483732124 -61.334133389299 105.11767404290907 121.31089426465314 -23.608613133304285 -117.46806622049526 275.02357395560847 -103.28601351003871 -7.8210345581795035 105.0500683213719 105.05021674202766 -95.67807259528728 -175.8013492578396 105.05003972236571 104.91733309340064 -93.3141749512907 -112.43049787351598 105.05007423255819
15801 221214 0 0 0 -19.611991351164033 -13.00854429802756 105.04999888894106 61.4557282903989 -198.71131142688463 -59.72410926946463 178.8556511290105 -41.76100145011734 -178.96572309809056 105.04988753728223 50.06754825391885 18.147110616226236 56.29995483619312 -61.33413338518898 105.11767398968178 121.31090061935505 -23.60861304742323 -117.46807079549393 275.0235739097347 -103.28601371493336 -7.821043313162919 105.04999697169494 105.05017475944399 -95.67807251425398 -175.8013466131126 105.05000149433731 104.91733306556738 -93.31417495146137 -112.43047722470682 105.05000740451679
15901 222614 0 0 0 -19.611991967549095 -13.008543776163606 105.04999906475932 61.45572825148227 -198.71131143444413 -59.724109278792476 178.85565197090932 -41.761002203589705 -178.9657230866414 105.04988601574439 50.06754837113421 18.147110604352775 56.29995483598979 -61.334133363835136 105.11767398939924 121.31089989877562 -23.608613005404276 -117.46807058416809 275.0235738755049 -103.2860137247716 -7.821040553294567 105.0499980249145 105.05016706459061 -95.67807251885878 -175.80134797611782 105.05000569426794 104.91733306349009 -93.31417495151 -112.43047800156629 105.04999813073721
16001 224014 0 0 0 -19.61199124482693 -13.008544162222703 105.05000628946819 61.45572828322218 -198.7113113880119 -59.72410920032634 178.85565134033544 -41.76100164525136 -178.96572306167965 105.0498815334423 50.06754828212458 18.147110698338984 56.299954834977285 -61.33413337749393 105.11767399249685 121.3108993912908 -23.608612946329995 -117.4680711763909 275.0235738822288 -103.28601372633428 -7.821035448642539 105.05000575494228 105.0501175204447 -95.67807255202293 -175.80134769733067 105.05000815613084 104.91733305836429 -93.31417495179119 -112.43048041290197 105.04999215750873
16101 225414 0 0 0 -19.611992092902153 -13.008543867413389 105.05001004629202 61.455728256545534 -198.71131144079084 -59.724109389606966 178.8556518212258 -41.76100207216317 -178.9657230987068 105.0498810775816 50.06754835032968 18.147110600233866 56.299954833996935 -61.33413336901743 105.11767400659807 121.31090077646303 -23.608613041883174 -117.46806872348313 275.0235739176846 -103.28601373866604 -7.821042250281291 105.05002623639908 105.05002874934816 -95.67807250572828 -175.8013462865407 105.05000106500057 104.9173330539483 -93.31417495206057 -112.43047563692271 105.05000302763831
16201 226814 0 0 0 -19.611992916864157 -13.00854338457684 105.05000308400885 61.455728220963785 -198.7113114487776 -59.724109419073365 178.85565259246064 -41.76100276517199 -178.96572311562386 105.0499057951963 50.06754845846779 18.14711057344883 56.29995483415816 -61.33413334927663 105.11767402239349 121.310901645198 -23.608613013746375 -117.46806955130042 275.02357392001875 -103.2860136387878 -7.821040777391659 105.05001366019431 105.05001550888349 -95.6780725517823 -175.80134627365072 105.04999869160342 104.91733306916626 -93.31417495205785 -112.43047238224021 105.04999967873995
16301 228214 0 0 0 -19.61199199101218 -13.008543872985314 105.05000132191098 61.45572825787945 -198.71131143341245 -59.724109312865636 178.85565181331057 -41.7610020632875 -178.96572309916291 105.04999671077928 50.06754834921165 18.147110599460685 56.29995483425364 -61.3341333666503 105.11767405987406 121.31090108490648 -23.608613032071236 -117.46806994757084 275.0235738945917 -103.28601372735736 -7.821044840256792 105.05000025000459 105.04999954541759 -95.67807251342106 -175.8013463185515 105.05000035330951 104.91733309678642 -93.31417495226403 -112.43047474313393 105.04999925901535
16376 229264 0 0 0 -19.61199149515791 -13.008544215159146 105.05000024733933 61.45572828436883 -198.71131143170592 -59.72410926848314 178.8556512623116 -41.76100156834805 -178.96572309663264 105.04999927647748 50.06754827223875 18.147110606899332 56.299954834225765 -61.33413338112363 105.11767406122665 121.31090139771997 -23.6086130294063 -117.46806975888116 275.02357389976544 -103.28601373251799 -7.821045182033833 105.04999950393496 105.04999954016706 -95.6780725133402 -175.80134693784493 105.05000065743755 104.91733309687118 -93.3141749522776 -112.43047443625697 105.0499992735455
