% # columns="iteration, evaluation, sigma, axis ratio, bestever, best, median, worst objective function value, further objective values of best", seed=807512, Fri Jul  3 09:35:29 2020, <python>{}</python>
1 10 51.693272133674824 1.0000450010125153 726.4554551743719 7.2645545517437188e+02 771.8281798390552 913.2529203372071   
2 20 49.502917883857045 1.161441732723933 693.1421287944944 6.9314212879449440e+02 773.9859308958141 813.8960126933798   
3 30 44.262819511146176 1.340864538784064 693.1421287944944 7.1054874242856715e+02 754.3686556718023 835.5629816881033   
101 1010 0.1593639135752669 3.5013789430851943 603.5521196563591 6.0355211965635908e+02 604.3194407551043 604.8063272589491   
201 2010 3.337178037251473e-05 4.03762490400814 602.6242410065786 6.0262457811644242e+02 602.6248890877924 602.6252040203143   
301 3010 0.0001952491760188319 67.89741308990712 602.6225436760368 6.0262254367603680e+02 602.623292948087 602.6252882278592   
401 4010 2.3135856153383488e-06 302.4285851526514 602.6109665694629 6.0261096656946290e+02 602.6111349088995 602.6111921695177   
501 5010 8.554750133878617e-11 2313.666723132324 602.6107845476768 6.0261078464901743e+02 602.6107847975592 602.610784889317   
505 5050 4.594361430089801e-11 2443.642988409355 602.6107844271253 6.0261078444550401e+02 602.6107846276111 602.6107847676319   
