% # columns="iteration, evaluation, void, void, void, xmean", seed=47, Mon Jul  6 00:48:33 2020, <python>{}</python> # scaling_of_variables: 1, typical_x: 0
1 10 0 0 0 -36.25542730467037 23.83810892097953 0.7208795359610767 -26.26728211576591 -45.728119573956576 6.833269886748267 19.79340199025143 -7.239817447430089 -20.24417300363975 10.421542094237575
2 20 0 0 0 -36.7681640575448 -14.82981324439131 51.218633782415736 -18.874460031010848 -42.39299503773711 -18.942982165329354 -1.61587605549499 1.4019181534500964 -43.6852719398422 9.910026439836368
3 30 0 0 0 7.833393222250152 -5.733271829311498 34.77089235489722 -86.52065561056764 -16.439374281513974 -29.257221681535217 9.699518336917636 -13.68781400934554 -70.72851841775646 -5.860026778408809
101 1010 0 0 0 49.9553869848472 99.9244875664227 83.19433102673356 -205.81780771647496 -20.52844803898912 12.833572028384209 36.74661146609468 21.46053233828252 -191.89525039146702 15.931646659951879
201 2010 0 0 0 30.431774287600014 5.268978224662844 113.08581120051403 -168.66774924401594 59.34850295601598 -4.7254733445228885 48.17834711863901 85.54506702842313 -153.22390291014534 5.062909006554977
301 3010 0 0 0 13.070502515872542 -9.710780970025873 117.03703212886043 -168.12030742246645 58.47215410946154 -4.569052328423301 41.63615423764376 94.16165274501502 -155.36234299054306 4.902758927883585
401 4010 0 0 0 13.064395670486443 -9.683747143377852 117.13844428439475 -168.10397900133972 58.49077414949759 -4.617530944008919 41.669989663862175 94.3760232716635 -155.23695906090194 4.898008248654854
501 5010 0 0 0 13.064407559099873 -9.683794166572543 117.13848635001632 -168.10398042263893 58.490787493945945 -4.6175424609856535 41.66997702424 94.37603562807334 -155.2369602919272 4.898008665978642
520 5200 0 0 0 13.064407559123367 -9.68379416666643 117.13848635035693 -168.1039804228485 58.49078749309971 -4.617542461130278 41.66997702417052 94.37603562809507 -155.2369602919494 4.898008666040043
