% # columns="iteration, evaluation, sigma, axis ratio, bestever, best, median, worst objective function value, further objective values of best", seed=43, Mon Jul  6 01:05:35 2020, <python>{}</python>
1 14 53.13771603763765 1.0000483345014077 7746377746.455641 7.7463777464556408e+09 27678842040.796143 37380414816.77765   
2 28 56.58702460442443 1.0624153897252135 2414763441.133524 2.4147634411335239e+09 31558831686.996365 55956344608.030365   
3 42 62.3947788890816 1.070846725963129 2414763441.133524 5.8701176151420212e+09 18687660532.05949 50459179011.93058   
101 1414 0.9189881784284291 2.4182719896946026 6483785.448475391 7.2368042961248867e+06 11023403.491581168 15337638.802773025   
201 2814 0.34736648908292783 6.773074553161998 526929.563458508 5.8506005432748492e+05 802252.3831625157 1235183.8340522165   
301 4214 0.09125146038510605 22.3783358943428 94950.86517140154 9.6510648341742155e+04 104998.14040393716 124752.75825609731   
401 5614 0.0331046488114452 74.48942721131195 56271.128203557586 5.6405010261664960e+04 57128.24766590824 59247.89028635577   
501 7014 0.0198135789183673 225.69090195885306 52891.3449274024 5.2925276615030190e+04 53247.81362416499 54586.81442275976   
601 8414 0.004033418760148701 451.3544582573281 51051.51577428228 5.1051664036558090e+04 51057.174833291116 51066.83680798721   
701 9814 0.029946451584297238 518.0175988686779 50641.20870035412 5.0674462228114171e+04 50796.65130259212 51000.825628284634   
801 11214 0.14252302439320438 598.4632965142757 44978.546106587746 4.5112981739902410e+04 46583.41677865124 50199.16545901158   
901 12614 0.139849804959952 688.1479820527215 16598.29574338875 1.6598295743388750e+04 17547.91293043887 18487.79746034871   
1001 14014 0.10408023016498111 636.3548840644811 14084.164254554005 1.4084164254554005e+04 14978.08530104518 15892.317181243488   
1101 15414 0.12678099458090428 715.1538947019977 8369.849795381162 8.4564395580940454e+03 8661.446768851842 8803.493510479715   
1201 16814 0.2693732749944181 845.6954913278391 4108.791658175716 4.4249830766995019e+03 4756.040131889056 6245.710015602751   
1301 18214 0.02531408161541208 1169.9374690989573 2152.789048988145 2.1541905732493369e+03 2158.8934169533522 2163.0005582503545   
1401 19614 0.0004919333677626392 1199.2145480988186 2149.0321538494363 2.1490321538494363e+03 2149.0448656651924 2149.0642209241164   
1501 21014 0.0025220518771508584 1141.0384817233225 2148.5848548853583 2.1485921958391023e+03 2148.6754560591644 2148.880314174778   
1601 22414 0.006814367384671717 1156.2455853863441 2144.5587900197174 2.1445587900197174e+03 2145.0135526546283 2145.2738128694514   
1701 23814 0.012441317472992142 1261.017633177318 2136.518795892194 2.1365187958921938e+03 2136.9669157874614 2137.8287249687573   
1801 25214 0.0056704778320173415 1607.2190556189546 2133.7442271069594 2.1337442271069594e+03 2133.8894765202076 2134.05605628516   
1901 26614 0.0015482958083042207 1764.3329668541267 2132.1097406877 2.1321097406877002e+03 2132.1237121559134 2132.1361856485223   
2001 28014 0.009052275835582196 1610.8279534427338 2131.4963038852343 2.1314963038852343e+03 2131.66320800668 2131.737582219864   
2101 29414 0.021328801431118094 1786.4188436866923 2116.1873158813933 2.1161873158813933e+03 2116.901639651749 2117.911961757707   
2201 30814 0.011700007914233949 1976.2699879598395 2110.98109187075 2.1110057659800723e+03 2111.116955711002 2111.171114534561   
2301 32214 0.021661065981215664 2025.8853842101232 2109.906216660947 2.1099062166609469e+03 2110.083426742719 2110.3438534929037   
2401 33614 0.001039619769468322 1959.8279248943106 2109.0804318457454 2.1090852606118565e+03 2109.089373334919 2109.0962181941727   
2501 35014 3.878938010393293e-06 1794.7031624388692 2109.067899059347 2.1090678990593469e+03 2109.068129761623 2109.0684246914075   
2601 36414 4.758932667202563e-09 1776.1876776184083 2109.0676945750156 2.1090676945825112e+03 2109.067695815236 2109.067697196319   
2701 37814 3.8873240596098573e-10 1962.2122127412479 2109.0676943711933 2.1090676943711933e+03 2109.067694374044 2109.067694376965   
2801 39214 3.3280605906001863e-09 2912.199608843261 2109.067694169849 2.1090676941698489e+03 2109.067694218619 2109.06769429963   
2901 40614 7.357289327501791e-09 6276.609071759629 2109.067692488863 2.1090676925218345e+03 2109.0676928349817 2109.0676932503065   
3001 42014 4.526017385889296e-08 14770.26999928549 2109.067678664531 2.1090676790058815e+03 2109.0676830321595 2109.0676871368228   
3101 43414 0.0001263930435850434 15935.790655932498 2109.0574127403647 2.1090574127403647e+03 2109.0586553920075 2109.0594039378984   
3201 44814 0.005187782400329029 9200.82924419176 2108.943909780829 2.1089439097808290e+03 2108.994745774641 2109.8085679097057   
3301 46214 0.007495837694294392 5325.3633291235565 2108.5572910634546 2.1085637201522200e+03 2108.617555972057 2108.7350570053954   
3401 47614 0.008596457616784398 4097.556898784912 2108.265736491672 2.1082684107097348e+03 2108.330085198814 2108.412143997707   
3501 49014 0.02429007707536908 4274.766703674641 2107.103322417292 2.1071441123981926e+03 2107.256903334748 2107.5186137245137   
3601 50414 0.01067318441129044 4219.39324664881 2106.107871986446 2.1061189976628534e+03 2106.1373247161623 2106.179757011184   
3701 51814 0.000264477836411001 3632.6720427191703 2106.025251940944 2.1060252519409441e+03 2106.026180521123 2106.0266254507724   
3801 53214 8.871896471461731e-09 3524.409519872613 2106.023832756177 2.1060238327614334e+03 2106.0238328249447 2106.0238328945225   
3901 54614 1.081396450223547e-08 6082.14400756174 2106.0238325441687 2.1060238325584123e+03 2106.0238326300882 2106.0238327002417   
4001 56014 3.6529169779369454e-08 15142.423312600908 2106.0238300405276 2.1060238300405276e+03 2106.0238304484183 2106.0238309550186   
4101 57414 6.64965718931113e-07 39758.05788581131 2106.023793943188 2.1060237939431881e+03 2106.0238039851147 2106.02381700571   
4201 58814 3.6210561913314113e-07 34913.86963555572 2106.0213645937283 2.1060213661945522e+03 2106.0213707559137 2106.0213757592937   
4301 60214 1.0820282096628124e-07 38013.83139118623 2106.021362496403 2.1060213626960726e+03 2106.0213629502323 2106.0213634244274   
4401 61614 5.491704861929549e-07 51754.42654471883 2106.0213506501395 2.1060213513850731e+03 2106.021355414494 2106.0213614100635   
4501 63014 4.614368436811165e-06 41496.61784361206 2106.0196080144456 2.1060196089355973e+03 2106.0196253610548 2106.01963601792   
4601 64414 2.2539768562498775e-07 46662.96949112611 2106.019588678209 2.1060195886782089e+03 2106.019589183081 2106.019589699573   
4701 65814 1.7146268757023598e-06 73778.53877980153 2106.019561715993 2.1060195628182396e+03 2106.0195676377807 2106.0195705574247   
4801 67214 0.00017519579329282307 57629.70885988462 2106.018273176304 2.1060183439537695e+03 2106.01848441989 2106.0188330268506   
4901 68614 0.0002945504890691985 32556.815749716683 2106.0170251808217 2.1060170251808217e+03 2106.017227833968 2106.017440088994   
5001 70014 4.500955396067225e-07 25948.82636610776 2106.0165202642524 2.1060165203326660e+03 2106.016520551881 2106.016520845436   
5101 71414 9.42471747760919e-06 29950.19337368403 2106.01648417765 2.1060164884872715e+03 2106.0164993239746 2106.0165104258026   
5201 72814 6.611682179741771e-07 23537.078743729235 2106.016110840411 2.1060161108404109e+03 2106.016111154484 2106.0161114743705   
5301 74214 3.241937220721774e-06 23924.386655163547 2106.0160923585913 2.1060160923585913e+03 2106.016093838013 2106.016096515423   
5401 75614 0.00010090170961947573 23085.480926883763 2106.015688588384 2.1060156885883839e+03 2106.0157292277822 2106.0157590472963   
5501 77014 1.8265874849001844e-05 20581.426462937812 2106.015247007212 2.1060152496358651e+03 2106.0152570696728 2106.0152635303866   
5601 78414 0.000334757182544989 20131.43954957946 2106.015050286641 2.1060150502866409e+03 2106.015125298761 2106.0152216805095   
5701 79814 1.0799966195487068e-05 20013.81781712594 2106.01486768494 2.1060148676849399e+03 2106.014870215343 2106.0148759784556   
5801 81214 8.200316328362233e-05 20464.131974699478 2106.0147769439604 2.1060147790486662e+03 2106.0147884220514 2106.014801908966   
5901 82614 1.3099754368539992e-05 28470.22262073061 2106.0146896761485 2.1060146903830050e+03 2106.0146921103665 2106.014694467891   
6001 84014 2.6737289713031822e-05 31303.78681862832 2106.0146584717004 2.1060146590921258e+03 2106.0146620836263 2106.0146655522462   
6101 85414 4.0997845957034994e-05 28136.142711146767 2106.0145281986497 2.1060145281986497e+03 2106.0145337652507 2106.0145379127553   
6201 86814 2.2418863812361678e-05 28246.223541504398 2106.0144747834806 2.1060144749570882e+03 2106.014475964941 2106.0144772207086   
6301 88214 0.0001391153225693678 28378.324064530992 2106.0143956133275 2.1060144001212307e+03 2106.014406876912 2106.0144215385626   
6401 89614 7.191725315852646e-05 27297.724192454472 2106.014309094303 2.1060143098925951e+03 2106.0143114653865 2106.014317218861   
6501 91014 2.9199489161657614e-05 24464.889710769556 2106.014232763001 2.1060142327966132e+03 2106.0142336922527 2106.0142341847977   
6601 92414 2.3004974190999485e-05 23893.453810011582 2106.014216983515 2.1060142169835149e+03 2106.014217393334 2106.0142177903163   
6701 93814 1.634928997972271e-05 22694.87620435109 2106.014211857882 2.1060142118578819e+03 2106.01421201462 2106.014212101711   
6801 95214 7.05349222527588e-05 22134.34648069887 2106.0141972434276 2.1060141972434276e+03 2106.014198342338 2106.0141999220687   
6901 96614 0.00011480993123960384 19732.348202189864 2106.0141251054715 2.1060141252601461e+03 2106.014129233395 2106.014131642327   
7001 98014 3.0743509241708135e-05 18766.479738559647 2106.014104796619 2.1060141047966190e+03 2106.014104941442 2106.014105125944   
7101 99414 0.0002529700126402138 19661.494529447627 2106.0140870408854 2.1060140876565101e+03 2106.014094363016 2106.0140996270993   
7201 100814 0.0018716540601029124 37249.75835161729 2106.0133951194107 2.1060133951194107e+03 2106.0138292206 2106.0145566388383   
7301 102214 0.0011183449775224465 97096.8132212393 2106.003952525779 2.1060039574204338e+03 2106.0039956415058 2106.004160211658   
7401 103614 1.0201557851544209e-05 91263.21569636441 2106.0037464388784 2.1060037464419697e+03 2106.0037464467487 2106.0037464494617   
7501 105014 1.710665369916915e-05 77129.38522818476 2106.0037463723584 2.1060037463723584e+03 2106.0037463818317 2106.003746405682   
7601 106414 6.07612245478053e-05 80733.01015917136 2106.0037451663734 2.1060037452075253e+03 2106.0037453245027 2106.0037455612287   
7701 107814 0.0002571912243925897 81530.9794324666 2106.003719910915 2.1060037199109152e+03 2106.003722808844 2106.0037266522113   
7801 109214 0.00040274314767878424 252787.2380494792 2106.0034092144288 2.1060034092144288e+03 2106.0034161455796 2106.0034206131527   
7901 110614 1.0364892258250523e-05 356506.5909449042 2106.0033993191932 2.1060033993191932e+03 2106.003399322034 2106.003399324561   
8001 112014 4.5781653145439556e-05 346657.2256067705 2106.0033990351344 2.1060033990351344e+03 2106.0033990643715 2106.003399084856   
8101 113414 0.00018653593008856467 356981.487265211 2106.0033873960415 2.1060033873960415e+03 2106.0033880673454 2106.003389085826   
8201 114814 0.0026550568049223955 337394.0269453007 2106.0032440330942 2.1060032441983803e+03 2106.003270115403 2106.0033162588934   
8301 116214 0.00047042806526643755 369818.09038172755 2106.001772802413 2.1060017732280071e+03 2106.00177470497 2106.001776876912   
8401 117614 4.250725233741258e-06 395372.0161953419 2106.001770535385 2.1060017705353848e+03 2106.0017705355995 2106.0017705356977   
8501 119014 1.0565733872478299e-06 419980.49449646095 2106.0017705342784 2.1060017705342784e+03 2106.0017705342884 2106.0017705342966   
8601 120414 9.94254306547289e-06 401374.7795012423 2106.0017705325986 2.1060017705327846e+03 2106.0017705330697 2106.0017705336486   
8701 121814 3.188243697485749e-05 389877.0944600214 2106.001770500784 2.1060017705019668e+03 2106.00177050559 2106.001770510833   
8801 123214 0.00011676176081879526 412477.57497564575 2106.001770041669 2.1060017700416688e+03 2106.0017700853837 2106.0017701267825   
8901 124614 0.000978300416104664 389807.23626531736 2106.0017554668607 2.1060017554668607e+03 2106.0017578994352 2106.0017592419294   
9001 126014 0.0001692277944878924 2755.3247381547226 2106.0016290721974 2.1060016290721974e+03 2106.001629135953 2106.0016291915067   
9101 127414 3.73516110382878e-06 2888.956573529619 2106.0016287470685 2.1060016287470698e+03 2106.0016287470935 2106.0016287471194   
9201 128814 1.2550939439179472e-05 2960.1870165036876 2106.00162874263 2.1060016287426301e+03 2106.0016287429485 2106.0016287437966   
9301 130214 8.269890487885604e-05 2906.2435430379555 2106.0016286584355 2.1060016286593000e+03 2106.001628672701 2106.0016286814043   
9401 131614 0.00047302998905919205 3596.0950277638995 2106.0016270811093 2.1060016270811093e+03 2106.001627315935 2106.001627779292   
9501 133014 0.0018109058887388146 7577.340766205637 2106.0015982314662 2.1060015982314662e+03 2106.001600746834 2106.0016039583543   
9601 134414 0.0011250761890654597 17810.898205907994 2106.00151364122 2.1060015136412198e+03 2106.001515286201 2106.0015179504594   
9701 135814 2.5053560787697707e-05 25419.219780791533 2106.0015083844255 2.1060015083846611e+03 2106.0015083849253 2106.0015083853855   
9801 137214 4.951448182125707e-07 25727.209862361095 2106.001508383529 2.1060015083835306e+03 2106.001508383533 2106.001508383535   
9818 137452 2.7309058218786266e-07 25278.74178064216 2106.0015083835287 2.1060015083835297e+03 2106.0015083835315 2106.0015083835337   
