% # columns="iteration, evaluation, void, void, void, xmean", seed=43, Mon Jul  6 01:05:35 2020, <python>{}</python> # scaling_of_variables: 1, typical_x: 0
1 14 0 0 0 2.4638369069612853 14.300919951643458 -16.483186565968378 -2.4860939096895027 12.57111811566883 10.656370889891754 -10.040033990724648 9.367461373042486 6.915328917832337 2.2855877443800856 0.6363526959955609 -36.6532226664421 -6.826912388452824 -1.9935169128311696 -3.264700961879352 3.972849202323526 11.627041381043922 -37.328815800411775 8.76756093448651 -19.22941481647093 26.839324552084406 -10.495658526723721 -16.137652053532584 -39.802631006325264 -33.5685783351744 16.697017208044812 6.843602426865684 18.49694094212315 7.8787117642713245 18.90549211998351
2 28 0 0 0 -5.983990522499573 17.730107385501974 -16.467771812517903 2.6763881109981362 17.876803610062744 15.670064075849725 -25.65122470721939 22.742281108198853 3.6302700092707925 -18.482099590729323 23.456506630472578 -18.65199458398056 5.521230394173392 -12.095016049520432 13.938179210169988 5.308315611608847 25.080670986790665 -57.9692826370053 3.591195282254791 -21.76173560519314 34.91325454784782 -28.751184627780873 -25.609635857085035 -40.767114905130306 -45.336928893385476 11.836760000973696 11.242801527881154 29.517432074657695 25.107863298216017 38.259579584860326
3 42 0 0 0 -54.8390057982827 54.31691157026173 1.2327359871199484 6.412861922198257 63.33190684727863 6.077714001033767 -35.28019456827651 22.85415069994902 14.865664319253014 -11.53163898440487 26.898986659342246 9.757990276404861 -29.6611668305031 -30.99899705887017 88.15937976453249 -44.333033824405135 54.265575583519876 -88.51104663038596 -22.218309545736428 -76.1225600236821 73.30270720408566 1.6618583917421113 -10.525848111973621 -49.5734309850582 -28.417990945134754 -6.129619879152488 32.71620757292751 41.275576924201566 6.8741863503928045 74.94096038429929
101 1414 0 0 0 -191.33299150633385 46.68704323076123 164.31837332811625 -100.82301402678671 -18.11623291735142 -1.9734419725079404 229.7106794361412 95.40082617803208 13.681721574031405 -106.48630283944821 137.77513377630862 15.580683155206195 -31.56126088094118 100.66949182942388 44.274512422435535 64.5531586383905 50.174313017346506 -91.22813282289256 103.70165616496685 55.02680178189836 195.91143855366684 -9.787125451784574 -42.200257200825085 -22.144896647398177 151.82375458518976 -8.255024366255372 -22.18259048010038 -51.76302463044051 91.87489633234321 224.29177425075116
201 2814 0 0 0 -191.22118298057103 45.373657171495886 175.56362840559106 -100.1265861795931 -6.597616014147282 -1.9726287694652214 233.35081313161268 93.16509612013039 13.151201200023031 -101.5375807476695 137.92744727329844 23.745359707026758 -30.365047588981753 98.4764824121285 54.00828922928404 65.55460537555568 44.10562102546083 -96.03666288312772 96.18801900995567 50.73468215509554 195.4874175996916 -13.240920041853327 -22.207224971216228 -19.088732737689924 155.69832633235862 -10.376190669488986 -17.211881894245433 -54.56171046358082 91.39635301943514 243.22418472574907
301 4214 0 0 0 -190.93374874745817 45.15799827242707 184.59972994733872 -99.37657971149919 0.48152824188637205 -1.7468030802947805 235.44356931708074 92.66802515949126 13.130768025241544 -99.32853164121197 138.4221526678616 31.599552110302923 -29.800374753039844 97.7673249394586 59.774194617630194 65.17892181446707 40.87931041789857 -97.8450839393189 93.84450846101076 47.26451302009212 195.24233293221636 -15.073424847985086 -8.957906642434796 -16.72681069519025 157.76141792706235 -12.763958919210152 -15.40423264902504 -55.74916171542414 90.56558086400749 255.72406176455422
401 5614 0 0 0 -190.62681212080392 45.70415675641447 194.7366863578946 -98.87381234757041 8.51224618376064 -1.452672507615404 237.47414544936893 91.10392746926792 13.039705262336772 -97.20490346565057 139.08578909263537 39.311274884515406 -31.263074669282076 98.08869411970623 65.55699143367922 64.3406449612956 38.1236249744083 -102.3035202053644 91.57509137440799 42.3568221992158 194.79698661068795 -17.307017946413914 5.330786326679434 -14.142877147597982 160.37994836630764 -15.780558740788607 -12.31444219760991 -56.61515081724476 89.11412799486558 269.3890289178752
501 7014 0 0 0 -190.14552795540678 45.94272669319902 203.49086549189116 -98.64902308193247 14.850115977291683 -1.144169914893165 239.47940264801542 89.54981445422956 12.950679201574612 -95.51128632772203 139.76542913044494 45.73212981906008 -32.2674217820612 98.53406690203762 69.92428834077106 63.908455355153464 36.17520612070552 -105.80194085827317 89.4263788478283 38.0420380490022 194.3351702576039 -18.863605946332274 17.01863266269447 -11.778384704884806 162.25372352054052 -18.506924875086693 -9.758818211273184 -57.62179571919758 87.62024732280162 280.7686667070284
601 8414 0 0 0 -189.6294236195266 46.72174943992055 216.59801124923746 -98.45541152318764 24.262392084334127 -0.6449810374062429 242.46430525495077 86.98844591992038 12.809080822872518 -93.17079869721178 140.8509700346583 55.17254846119025 -34.318801968725545 99.51996245281482 76.37008357983308 63.24550335384245 33.363958090397475 -111.45700879583582 86.31320755175457 31.36112143332509 193.60338980201485 -21.048065073885038 34.63784820517657 -8.178534975744011 165.16249382441433 -22.4482850189016 -6.030273382271031 -59.10942291559391 85.24471290415062 297.7770623812398
701 9814 0 0 0 -189.78009207500148 46.47261523064206 217.10103728349105 -98.60139436261129 24.163504309890648 -0.5314004629306555 242.92715871014812 86.79329181214061 12.775912675979148 -92.64792268134849 141.09365602714018 55.05486613711846 -34.53436567411668 99.6078126979952 76.31421938552485 63.57826670235852 33.5509410280587 -111.57199865291969 86.28162720695238 31.01343693793262 193.43853260994717 -21.01260751289661 34.81703985125253 -8.131968924992561 165.0176375339612 -22.701541287697417 -6.178223712540601 -59.088965404091745 84.71073780791345 297.98596237351074
801 11214 0 0 0 -192.93839423058625 44.83765888954881 221.32692062813183 -101.80071669674646 17.262766723080023 0.9740526407731745 247.1584548159966 83.16759493694073 12.343671462163378 -85.60535315951037 144.38175337901228 48.664109055565994 -38.850296304926175 100.36114805256251 72.48510769949213 69.49062123591153 38.210056752310884 -112.61015503684717 86.32269955548429 27.684302307539507 191.21876852092734 -19.034873931294893 31.280350804428814 -8.120400365125228 161.21442058326133 -23.96787267767442 -10.9642059685275 -58.559707788170556 77.50917116226296 294.6939661813372
901 12614 0 0 0 -215.28409959218635 33.16711001992241 261.8460174864783 -120.37498132171143 -19.136119099598698 12.013006902400603 281.63045922541266 56.91230817170365 9.209605689064693 -33.84551257652637 168.52454608619576 14.169418537558673 -68.34844761166492 107.79409778495253 55.77673800999269 108.4130323336406 67.14869240169627 -128.04701113530308 79.45436209763325 -3.8152495209586 174.91803927675738 -13.342351731917722 27.160440225360205 -10.471370852412292 135.60888691262755 -37.148684902391416 -38.02144117308239 -53.44409150431641 24.641159867141383 292.3233763383699
1001 14014 0 0 0 -219.91347445235334 31.803578832197022 265.00535480326164 -123.10715263928992 -25.94399881802733 13.944561193021977 286.7512112844061 55.08252124411802 8.666492541816794 -24.831673536111246 172.72889870290368 7.967874912906166 -72.51522597350905 109.57354829795511 55.53537682522298 113.59771936477722 70.50694544712734 -129.52348602192046 78.99327900722216 -7.239975405352478 172.07168950688833 -13.512252932642417 26.502019853710667 -10.883008376140234 132.07655644232202 -35.62233535436459 -42.99664870585994 -52.52367057133172 15.42155791873624 292.6969919596822
1101 15414 0 0 0 -227.62055184338698 31.566113906469123 265.88614019245864 -124.6541938214439 -34.227141719021546 16.950631127988487 293.18699290801584 55.19510682339012 7.807988072404285 -10.718440423848161 179.30366314625036 0.6405942074597778 -75.90424974409251 110.91524339138091 62.482977153045695 117.71773700914264 71.71264365077441 -129.20511245721005 75.51837604140377 -8.440964973464691 167.6311328465327 -16.333881462535484 29.047128867466718 -13.043828949320087 132.29653796441605 -26.016241891530274 -53.195762163156026 -50.96849849199904 1.0084835457407848 296.39323962708477
1201 16814 0 0 0 -241.1091664174733 26.707909541225302 264.8977956737211 -130.82686729138698 -43.211957924185796 21.304413346237684 306.4021424428739 51.771449337628205 6.572675137369565 9.688709901328679 188.82734720588368 3.1190366032567534 -72.77063855190472 111.8536989398367 68.08033070491689 128.36454265151687 73.48191114824971 -123.42678124463198 73.82410880403006 -10.76782511782994 161.20308126207183 -17.538213420428434 23.13107080643381 -14.650980192927578 132.53554716106413 -23.331014814812264 -67.62955645944494 -51.04537419298681 -19.844114056240894 295.8797194954663
1301 18214 0 0 0 -253.9428581441567 21.818934954146478 244.40078547328633 -131.6471787874068 -49.39753505919623 24.036567024135294 315.4044096037326 54.72477422315601 5.798434255075084 22.465585571357536 194.78458283372134 16.738762830659866 -54.77330273808766 107.19273216486776 82.9001292168212 135.56329854416296 64.59426533065015 -104.75791258149728 76.27539660507138 -1.1924375203733397 157.1808459307357 -20.951270057339134 8.485889718941852 -17.693462038820332 138.57144956787485 -16.722760966535073 -81.5590189886036 -49.93682577943477 -32.89330693721572 289.7177463279759
1401 19614 0 0 0 -253.97397939364757 21.81210549412166 244.50302881461957 -131.69187102710328 -49.358332368584165 24.051921065409687 315.4699110834605 54.67496130250843 5.79400671111909 22.539654099477314 194.81900045126577 16.791392962704503 -54.79428600932183 107.18579368849859 82.8616631106281 135.6490932695975 64.58802205521908 -104.79373450258265 76.26322068366623 -1.2368712687196801 157.1577835452189 -20.948855094400134 8.527148170438672 -17.670087180258854 138.5569661359383 -16.783681754356753 -81.51167928669614 -49.943129737178694 -32.96880290737369 289.73927012796486
1501 21014 0 0 0 -253.93319996717904 21.840559729132075 244.52225486755188 -131.70402902555557 -49.34150326452825 24.040300527170995 315.4383816341423 54.64243450446949 5.797283784088992 22.485551201951246 194.793824088891 16.78474318469193 -54.76745212065533 107.1928511131106 82.86230202513983 135.68428276911382 64.60238988908921 -104.80317522853078 76.22998308445995 -1.237638396116117 157.17488003754485 -20.94176478361624 8.522023834441752 -17.684250777605932 138.51772692213805 -16.78509238628714 -81.4564959333289 -49.927191555789 -32.91349319489297 289.7263842750532
1601 22414 0 0 0 -253.69253489113547 22.049217372709368 244.6249337627689 -131.99045832008235 -49.40600820956654 24.007654226426354 315.47470920846354 54.34857066342072 5.806388862774376 22.33291836124167 194.72253398018714 16.773735106128036 -54.42998252945731 107.39380940435575 83.11038175435654 136.37809338636026 64.57229223162751 -104.75703858731184 75.90308163470422 -1.203954562470263 157.22281967354982 -20.94141387511942 8.438323619182144 -17.709583130938736 137.9869335449049 -16.756052186911106 -81.06149786427301 -49.69365160848527 -32.7575340516738 289.6672945320464
1701 23814 0 0 0 -253.09566123569525 22.423200725571373 244.688061628537 -132.74134991797374 -49.741617365820524 23.97433544503013 315.6759858758628 53.760476835818 5.816124147244881 22.175843597247617 194.6494014450225 16.762147947664896 -53.446492325576074 107.85274210399261 83.83003901011348 138.27797515678768 64.21528082309045 -104.5033206163345 75.27401801918175 -1.188244911371451 157.27249905671854 -21.10606986455557 8.268576117249523 -17.647360775299546 136.52644226522503 -16.741283777712688 -80.12639039483157 -49.096726391084324 -32.597051239070005 289.6218208758272
1801 25214 0 0 0 -252.94557702344954 22.54151152444947 244.57388409020928 -133.12309729820248 -49.82987414159334 23.98434979279111 315.8443971390186 53.68748310350485 5.813169513691247 22.223174386805 194.67139238819118 16.761137868849435 -52.97152794851771 107.88460645168671 84.18531556743447 139.18464177589237 64.00035925563232 -104.43690317432188 74.91783855250308 -1.1847478390488657 157.25745905922204 -21.32290122441017 8.357184513603498 -17.63190092971192 135.86018014062307 -16.805687984190893 -79.64567174631672 -48.880058116452155 -32.645558226315835 289.72635578007794
1901 26614 0 0 0 -252.9205278605864 22.68942665219217 244.44233843433943 -133.37076545408175 -49.7794875662665 23.995311731819253 315.9017220020704 53.84406808471492 5.810068891386762 22.274552749698813 194.6953883199027 16.824532695977258 -52.82120464883849 107.8283510112152 84.36900579880091 139.58910964659592 63.85935531163755 -104.53470080875957 74.56444689909097 -1.1243391632072979 157.24129094778584 -21.464078369201864 8.717695424694284 -17.73032594426838 135.60020011050605 -16.757338769276075 -79.255838597364 -48.84783961588007 -32.69797546359928 289.7420820548854
2001 28014 0 0 0 -252.92755917708106 22.708801688642836 244.4252206485811 -133.37775855300728 -49.811396073209906 24.006734963903718 316.01651605200067 53.95558610037976 5.806856129628537 22.327737970341502 194.7202166549596 16.829619346598967 -53.02126781355764 107.83160422016789 84.34197029565304 139.70336657246054 63.835649356329725 -104.58843009807715 74.56180003655022 -1.1813057897327495 157.224512687435 -21.45189416664485 8.736178666356944 -17.730017300389598 135.56129204038737 -16.756982781812706 -78.91486779197136 -48.84413978011817 -32.75228385894742 289.74889610246174
2101 29414 0 0 0 -252.76338560880473 23.4770731174426 244.5125289868246 -132.79474948234065 -49.99228995312932 23.973374359688478 317.13908273694955 55.36066637147681 5.8162786808539435 22.17179721042808 194.64743037950237 16.803104283957587 -56.98558778515224 107.68095821976328 83.5272947636161 140.0117681300827 64.20844872664657 -106.28236337504411 74.49401255868065 -2.581801038064877 157.27373153642378 -20.855680688388702 8.591819714736337 -17.713672355970825 135.2736174667424 -16.763135645900498 -73.31417713687836 -48.696407157093475 -32.593005925839805 289.7166178575321
2201 30814 0 0 0 -252.77233249979335 23.868099485784636 244.44102302926802 -133.0450233830582 -50.133556105811365 24.005173594056306 317.38170215252023 54.535684147267176 5.807212376528445 22.321234197236585 194.71711732205318 16.821305998541018 -57.03628807040377 107.1473695506047 83.61944361968649 139.6410793040197 65.07350914386221 -106.8829031695706 73.93958208054637 -2.8259990416901153 157.2265783716048 -21.071975273442767 8.710975070248544 -17.727203668180117 134.80236137240718 -16.759577078924437 -72.16799087828053 -48.487121296142504 -32.745658012265196 289.7436915246199
2301 32214 0 0 0 -252.53654102267956 24.015484265161472 244.43573248873238 -133.1008388164013 -50.077836018607044 24.022821248920614 317.6740309318768 54.332750582837434 5.802132590314243 22.403718391987365 194.7555788420536 16.82722493625833 -56.69966130368927 106.82907591422368 83.830915888265 139.3402870872253 65.2279563529892 -106.88297163742574 73.87000220622608 -2.5891869205335043 157.20069370455556 -21.326772686724702 8.722120552833756 -17.728517997507154 134.93505042178646 -16.75626728457312 -71.63658753104285 -48.36933518551193 -32.829985920920805 289.7469321706551
2401 33614 0 0 0 -252.4430368318991 24.035440086492635 244.46404390629993 -133.12379632570915 -50.06308347689003 24.07192755358594 317.9838578230475 54.332782650873376 5.788287996303151 22.633443690232536 194.86275874581514 16.815898657703038 -56.422235317608035 106.57714780252114 83.87935042540553 138.98119220057725 65.19319888690825 -106.68752734387628 74.02720783547903 -2.3417584539698946 157.12823882115183 -21.565644034552047 8.671179579181606 -17.720512435771454 135.35914844546755 -16.757939737545346 -71.65150951642254 -48.4120779998845 -33.06463955162774 289.7312262837454
2501 35014 0 0 0 -252.44227705729566 24.034954288129107 244.46253019796507 -133.12646550042945 -50.063919744184034 24.07273370532362 317.9877760169339 54.33042237647513 5.7880617349866395 22.637235001627523 194.86453680876443 16.816270203131644 -56.40982877122934 106.5731986163839 83.88357773779691 138.9791503711225 65.19278340765253 -106.68331112849533 74.02632783751707 -2.3370285243921747 157.1270535869277 -21.57047442325294 8.673626142392852 -17.720833335203135 135.36137433224073 -16.757552300776187 -71.65532665817994 -48.411197520006915 -33.068517909125234 289.7316978593681
2601 36414 0 0 0 -252.4422780825163 24.034954099573746 244.4625358907786 -133.12646085594582 -50.06392133764106 24.072735012345206 317.98779228711766 54.330434510475975 5.788061360666617 22.637241129010537 194.86453968063546 16.816269610923914 -56.409847547140856 106.57319562245425 83.88357360606022 138.9791549894189 65.19278297126164 -106.68331580238542 74.02633112489328 -2.33703220230281 157.1270516618276 -21.570468327133625 8.673624003821754 -17.720834942062513 135.36138066985956 -16.757552161284327 -71.65530595138667 -48.411198462074246 -33.06852417884499 289.7316968087001
2701 37814 0 0 0 -252.4422780823298 24.034954099169013 244.46253589135426 -133.12646085967944 -50.063921338068084 24.072735015436596 317.98779231164735 54.330434512624194 5.788061359763674 22.63724114356328 194.8645396874119 16.81626961446755 -56.4098475254745 106.57319561436508 83.88357361299553 138.9791549737097 65.19278297055317 -106.68331579009627 74.0263311229195 -2.337032184004307 157.12705165724702 -21.570468339248112 8.673624009767988 -17.720834946491575 135.3613806889345 -16.75755215885716 -71.65530595505983 -48.411198461416596 -33.06852419370656 289.73169680852857
2801 39214 0 0 0 -252.44227808194947 24.034954098900975 244.46253595384252 -133.12646086872238 -50.06392133828589 24.072735028411554 317.98779249352566 54.33043454689867 5.78806135586115 22.63724120498307 194.8645397159689 16.816269644394165 -56.40984742122284 106.57319561246186 83.88357363999182 138.979154914505 65.19278297064972 -106.68331570358549 74.0263311002874 -2.3370320512009375 157.12705163777358 -21.570468354342715 8.67362403919035 -17.720834986612385 135.36138084361824 -16.757552142633504 -71.65530602213018 -48.41119846117991 -33.06852425665301 289.73169679122554
2901 40614 0 0 0 -252.44227808257432 24.034954098127567 244.46253641004589 -133.12646101224317 -50.063921337090186 24.07273514426382 317.98779393145395 54.33043472242545 5.788061321471352 22.63724175259752 194.8645399711289 16.816269890442175 -56.409846444530594 106.5731956191325 83.88357385659457 138.97915448748864 65.19278297144179 -106.68331499313348 74.02633088522605 -2.33703099638107 157.12705146352855 -21.57046860627398 8.67362426203649 -17.720835306659048 135.36138195390748 -16.757552038346873 -71.65530660340767 -48.4111984623839 -33.06852481659567 289.73169665495215
3001 42014 0 0 0 -252.4422780863402 24.034954098360757 244.4625404958261 -133.12646228372944 -50.06392133359787 24.072736162289658 317.9878064714794 54.330436092957186 5.788061019975921 22.637246559152818 194.86454221207774 16.816271998732756 -56.40983766922878 106.57319562615614 83.88357589278571 138.97915087381617 65.19278297488798 -106.68330875823581 74.02632898706858 -2.337021856324907 157.12704993503795 -21.57047068708962 8.673626220389913 -17.720838165078 135.3613917621684 -16.757551109002918 -71.6553121022095 -48.41119846580221 -33.068529732159966 289.73169547644954
3101 43414 0 0 0 -252.44228238598183 24.03496678586055 244.46718175254338 -133.12817628609994 -50.06392669090836 24.073809935849333 318.00272325779684 54.33215026807577 5.787743143565872 22.64231206838661 194.8669009383701 16.81832056542211 -56.39883462916217 106.57317050370358 83.88597673505689 138.9748891370805 65.19277343840064 -106.67597642886591 74.0238666026472 -2.3262141811669705 157.12543684586723 -21.57269915625981 8.675940633314692 -17.723708034839394 135.37289252266712 -16.756564262163188 -71.66295244294682 -48.41120288196412 -33.07371492654335 289.7302716990863
3201 44814 0 0 0 -252.44211150850367 24.035296039697414 244.46423857754317 -133.1604431720239 -50.064085754764385 24.069688423205235 318.091712879783 54.3440785535854 5.788928362009688 22.62314196773995 194.85792450753908 16.814621623163887 -56.24971657169901 106.57313048607921 83.90410137016521 138.96218196605187 65.19177161442032 -106.6272588197321 73.97068934172349 -2.228407408248476 157.13148549083996 -21.60157743739919 8.686897462143605 -17.727273663565658 135.38899347242582 -16.758209754007716 -71.71567526369388 -48.411298838944056 -33.054149403594245 289.73046520935065
3301 46214 0 0 0 -252.44326562227633 24.03592007946873 244.45960564098417 -133.16852313501346 -50.065818736714355 24.049961418345287 318.513637896902 54.535877838782476 5.794545014376741 22.530533710314206 194.8147672712127 16.81563040962508 -55.9654920808511 106.59007016969633 83.93812369779877 138.89249348905474 65.19559173533212 -106.5369246214707 73.79678384662414 -1.94037780558093 157.1606546325507 -21.634937743770028 8.685035862191196 -17.72539346820554 135.52788588938242 -16.756554264139478 -71.67481815398124 -48.41462509147403 -32.95955274460032 289.7359735931874
3401 47614 0 0 0 -252.44978756324986 24.039509029102632 244.47387057560607 -133.18614226024374 -50.065588604114126 24.033589293856288 319.2067253680346 54.75944188538118 5.79921278846021 22.45363181501854 194.77889627053986 16.815114087912573 -55.77147991139605 106.60675551765259 83.9265260133304 138.7957197472493 65.20278237671646 -106.44478334680602 73.58669251030524 -1.5888558334786986 157.18486713803986 -21.650450127570092 8.676049958388491 -17.72782654580158 135.71156131549594 -16.75483916545584 -71.41934179748574 -48.41512002184626 -32.88091819897647 289.7260698497949
3501 49014 0 0 0 -252.46622980728873 24.073097215951734 244.47191263639706 -133.33137659220372 -50.07997639273107 24.034871706809515 320.5642510340423 54.662400274741756 5.798838763920083 22.459905261872418 194.78173004557596 16.81420455163622 -55.68910789944233 106.75854896460488 83.80655079799531 138.57299383053243 65.27505024851098 -106.4084538971268 73.23563962020926 -1.0026672092324247 157.18290952629513 -21.749710672838525 8.672699753646524 -17.722464511638584 135.5234693263824 -16.760096804186208 -71.30315570456322 -48.41861740123023 -32.887322501757986 289.7298621513755
3601 50414 0 0 0 -252.49830731980134 24.10370334619608 244.46546286509783 -133.4187208406429 -50.09512255295321 24.032499095831998 321.8173923090321 54.73092627332244 5.7994873963442695 22.448878510151694 194.77668599226521 16.813804722064162 -56.11671979279769 106.99526849144759 83.50454984233568 138.59486590049823 65.35705489285748 -106.40335821884356 72.92649332234326 -0.7178939560644119 157.18636590707388 -21.560439490618286 8.674872282608288 -17.724247894262188 135.21134178910097 -16.758232494018806 -71.80519165557648 -48.44543681500159 -32.87607715908584 289.729404681974
3701 51814 0 0 0 -252.50272206899908 24.107537557927163 244.46822179399993 -133.44825108087312 -50.0928388014735 24.029732982126195 322.03782810120015 54.7600446602393 5.800278092425093 22.435778044017816 194.77058852889112 16.815691092268978 -56.180266954359396 107.05341701386438 83.43061205519315 138.64145413231202 65.36417737880956 -106.38366151729396 72.86046026950824 -0.6477169916890626 157.19049375818318 -21.496461478588504 8.66682007710338 -17.719676970068814 135.1726516405778 -16.75745168528916 -71.92699418904724 -48.448615691928254 -32.86269457295568 289.7301410636516
3801 53214 0 0 0 -252.50270072764633 24.10752754457204 244.4681611824874 -133.44859866742607 -50.09287608664886 24.029805616429215 322.03878143877574 54.759662543226526 5.800257188903143 22.436124887905336 194.77075039791256 16.815686944484806 -56.17959668895814 107.05341861810079 83.43059795011196 138.64122971496954 65.36416551149726 -106.38312594338852 72.86036702628039 -0.6470697337761921 157.19038407391562 -21.496623156756694 8.666878352455502 -17.71961689186644 135.17284324517166 -16.757440499300184 -71.92844083357858 -48.448608326134085 -32.86305017935359 289.7301444771562
3901 54614 0 0 0 -252.50270072861613 24.10752754497224 244.4681611943912 -133.44859866090988 -50.09287608639147 24.02980568802145 322.0387811478123 54.75966233647118 5.800257168550113 22.436125225786714 194.7707505551659 16.81568699232004 -56.179597072505516 107.05341861731208 83.43059786379823 138.64122973589218 65.36416551159112 -106.38312589134084 72.86036726155109 -0.6470700646304717 157.19038396736053 -21.49662305950916 8.66687853943214 -17.719616970617537 135.17284320916048 -16.757440461388875 -71.92844182967688 -48.44860832575596 -32.86305052508247 289.730144469508
4001 56014 0 0 0 -252.50270072867426 24.107527544717456 244.46816132082986 -133.4485980482835 -50.09287608803591 24.029806555042004 322.03877924342953 54.759661317276496 5.800256922509477 22.43612932324492 194.77075246051112 16.815687654951077 -56.1796023139747 107.05341862247182 83.43059639508779 138.64122934760093 65.36416551116291 -106.38312484857549 72.8603698461955 -0.6470739126425126 157.1903826740023 -21.4966210655 8.66688111870477 -17.719618056694483 135.17284414123176 -16.7574400636932 -71.92845663796098 -48.44860832532141 -32.86305471940575 289.7301444381731
4101 57414 0 0 0 -252.50270072775726 24.107527516140518 244.4681616717202 -133.44858441578975 -50.09287609255596 24.029822269957105 322.0387379305782 54.759644297132034 5.800252467497096 22.43620355371411 194.7707869832588 16.81569938530939 -56.17971268001372 107.05341851803873 83.43056832779139 138.64122842893477 65.36416550055634 -106.38311222620003 72.86041890635626 -0.6471529895216688 157.19035924141622 -21.49658359556494 8.66692515759368 -17.719635942124675 135.1728526196229 -16.75743393208152 -71.92871353595167 -48.44860831275175 -32.863130693857585 289.73014551452144
4201 58814 0 0 0 -252.5027007284541 24.107527547953044 244.4680457452455 -133.44748273593726 -50.092876087794615 24.03136435131993 322.034764682813 54.75753959784176 5.799815637234442 22.443483776495235 194.77417342556274 16.816723327104842 -56.190555147906025 107.05341859360539 83.42769329309226 138.64155839734303 65.36416551218676 -106.38201423436703 72.86516396634023 -0.6548457629054859 157.1880620383267 -21.492924379489892 8.671074310799275 -17.72122629841119 135.1730917801458 -16.756836576358936 -71.95389667661712 -48.44860832142014 -32.870581880921854 289.7302223464908
4301 60214 0 0 0 -252.50270072678512 24.10752754438148 244.46804503256502 -133.44748358236234 -50.09287608728666 24.031365053810774 322.0347631129622 54.757535947914235 5.7998154394309145 22.44348708495835 194.774174967419 16.81672358544987 -56.19055896117848 107.05341861708266 83.42769191541002 138.64155950568812 65.36416551256814 -106.38201390092101 72.86516589376883 -0.6548488151781214 157.18806099976365 -21.49292429589816 8.671075018811301 -17.72122621305401 135.1730889475361 -16.75683639226055 -71.95390540175364 -48.44860832516975 -32.87058526492313 289.7302226474401
4401 61614 0 0 0 -252.50270073058562 24.10752754982199 244.46803689163983 -133.44749130431074 -50.09287608250311 24.031378952386365 322.03473657609885 54.757494510233585 5.799811503196753 22.44355258246717 194.7742054483492 16.816730843968944 -56.190646065349036 107.05341862995215 83.42766360087774 138.64157929918733 65.36416551363315 -106.38200927222086 72.86519883004965 -0.6549121669736772 157.1880403915427 -21.492906342384654 8.67110040604189 -17.72123247660028 135.17305597204236 -16.756831463381577 -71.95409569591007 -48.44860832808012 -32.87065227188791 289.73022518568416
4501 63014 0 0 0 -252.5027007121111 24.107527520028036 244.46534026643948 -133.4510274245943 -50.09287609370686 24.03274231385998 322.0349812643459 54.74979012239403 5.7994272682955845 22.449949748390274 194.7771842128927 16.817027356113012 -56.19843379680835 107.05341859376891 83.42424601459246 138.64660937933618 65.36416552060338 -106.38274875776612 72.86626325441043 -0.6600707982995968 157.186036437269 -21.492946184429194 8.672316870058777 -17.7203353672147 135.1633280103633 -16.756508164553995 -71.9693975480042 -48.4486082975984 -32.877192198842195 289.7310906869129
4601 64414 0 0 0 -252.50270072826984 24.107527545070955 244.46534456221144 -133.45101728457087 -50.092876086312565 24.032742782524167 322.0349970776214 54.749811302068906 5.7994271263349955 22.449951957620772 194.7771852478043 16.81702915823182 -56.198444299163945 107.05341862012015 83.42424522936275 138.64659570322016 65.36416551124778 -106.38274579482177 72.866266690086 -0.6600690294116588 157.1860357096825 -21.49294116207107 8.672321266665648 -17.72033992187929 135.1633506294201 -16.756508069883708 -71.96940539033902 -48.448608326363136 -32.87719447041435 289.73108989721095
4701 65814 0 0 0 -252.50270072564425 24.107527550056965 244.46540419674176 -133.45097021393792 -50.09287608964972 24.03265962945493 322.0353907657246 54.75019430564573 5.79945061230057 22.449559530445388 194.77700275212516 16.816992012440252 -56.19790460224255 107.05341862938064 83.42441580208882 138.64643261468152 65.36416550635963 -106.38275752132495 72.8660206256872 -0.659585646348571 157.18615908774936 -21.493074113116393 8.672159368809421 -17.7203103333199 135.1636319359501 -16.75654000840986 -71.96809898713043 -48.4486083211162 -32.8767928374988 289.73107095119025
4801 67214 0 0 0 -252.50270104853402 24.10752535892695 244.46475474116164 -133.45106970546766 -50.092876812693945 24.033858702107075 322.05015070389356 54.755418279502734 5.7991037937954735 22.455174411795927 194.779626956908 16.817552207886983 -56.2092088162909 107.05341869651558 83.42046927711979 138.6453620369953 65.36416522093782 -106.38247289934061 72.86611481163966 -0.6606338523784772 157.18438796749192 -21.49247104095621 8.672991511630519 -17.720818866154776 135.16453745513684 -16.756850352863783 -71.97429705084865 -48.448608793294675 -32.882524907102 289.7316339455052
4901 68614 0 0 0 -252.50270097853365 24.107527768175334 244.4640741746179 -133.45177083120697 -50.09287588754725 24.035358898977385 322.06741869535097 54.75841816375248 5.798676674779533 22.462170322647545 194.78289145190544 16.81706437477356 -56.2219030073053 107.0534162944859 83.41624020488744 138.6432753656624 65.36416494292055 -106.38245733883717 72.86760969531497 -0.6617500897183874 157.18218234630186 -21.491820525150978 8.67331816178323 -17.72055854247002 135.16481220600662 -16.757525221945208 -71.98559795237155 -48.448609054485786 -32.88966610445559 289.73200400113825
5001 70014 0 0 0 -252.50270072766045 24.107527545390898 244.46409213170327 -133.45241112720308 -50.09287608632132 24.035492027329735 322.0712125737472 54.75803497815086 5.798640190420238 22.46279242300253 194.78318088617266 16.816822165804346 -56.22066630586933 107.05341861898265 83.41618858972639 138.64215301526397 65.36416551215856 -106.381858023264 72.86724156216765 -0.6596861861596 157.18198729532972 -21.492164554400855 8.673593998247087 -17.72048969392302 135.1654376200562 -16.757594088411267 -71.98787990842335 -48.44860832614928 -32.89029787423326 289.73195128866837
5101 71414 0 0 0 -252.50270071908105 24.107527525325647 244.46408619437605 -133.45253526391295 -50.092876094549915 24.035457483329637 322.07212846083456 54.75812020226206 5.798649970523519 22.46262773587984 194.78310435217134 16.81676231859746 -56.22009181573364 107.0534186107775 83.41627220964217 138.6418970055484 65.36416549594233 -106.38180490409918 72.86696467893539 -0.658995279965801 157.18203969585122 -21.49239012459479 8.673499481947088 -17.720436534391656 135.16555924779064 -16.757620435363197 -71.98717786031843 -48.44860832231129 -32.89012837916913 289.73194519028164
5201 72814 0 0 0 -252.50270072836923 24.10752754417569 244.46396867169233 -133.45347195906743 -50.092876086413604 24.03547452891027 322.07847331872244 54.7575156155025 5.798645364831009 22.462716466926192 194.7831427098748 16.816915641878104 -56.214955724220424 107.0534186191289 83.41639877193775 138.63882007124872 65.36416551197796 -106.38071078413994 72.86488080759214 -0.6530916903282207 157.18201804409725 -21.493802294186782 8.675046033482706 -17.721013084614725 135.16663667622416 -16.757442956541738 -71.98941212869313 -48.44860832614882 -32.89020986676091 289.7320084059531
5301 74214 0 0 0 -252.50270072510892 24.1075275464164 244.4639339954104 -133.45343990477053 -50.09287608612006 24.035526496067387 322.0792387047463 54.75774848088414 5.798630505590269 22.462960234910916 194.78325649497563 16.81693628966802 -56.21539237350733 107.05341860260094 83.41620150712706 138.63859686433898 65.36416550701284 -106.3806767479228 72.8648884463697 -0.6530301694149361 157.1819410386801 -21.493758404169693 8.675148133264173 -17.721057241828326 135.16677614097114 -16.75744574074112 -71.98998000032643 -48.44860832328915 -32.89045885292604 289.7320301069756
5401 75614 0 0 0 -252.5027007929025 24.10752765640802 244.46348745820276 -133.45212831485807 -50.09287606160178 24.03547979973958 322.09342077289165 54.76165035231327 5.79864531152689 22.462742572508493 194.78315607062322 16.816811979791705 -56.21528364100744 107.05341895487936 83.41418411958882 138.6314939260089 65.36416556059399 -106.37955950096755 72.86314336310112 -0.6464368572828426 157.18200720374983 -21.493945877966162 8.676168446533877 -17.721675666011457 135.17103064837568 -16.757322412080804 -71.99357569410446 -48.448608414644305 -32.890236689953824 289.73221716296456
5501 77014 0 0 0 -252.5027007193475 24.10752754315493 244.4634215824432 -133.45256845194467 -50.09287608581696 24.035535027884077 322.09631331326716 54.75881133843028 5.798634512909476 22.46297618415511 194.78326495062765 16.816757813181795 -56.212126064113086 107.05341858417506 83.41438970441523 138.62764010138451 65.36416550322562 -106.37943676497817 72.86326354117325 -0.6436006740081543 157.18193155010255 -21.496082335253668 8.676392984068888 -17.72183257428131 135.17070559370802 -16.75745655537479 -71.99431373943601 -48.44860833514297 -32.89047956777302 289.73259635944845
5601 78414 0 0 0 -252.50270075033728 24.10752740043237 244.46328930577258 -133.4552247566646 -50.0928759684415 24.03590874722864 322.099926077868 54.752563315056314 5.798531505091968 22.464717696849718 194.78407931924127 16.817037965862152 -56.207032355424126 107.05341894272661 83.41485668500044 138.62539472742003 65.36416531848089 -106.37853854690118 72.86326469093142 -0.6394552903745028 157.18138486835272 -21.49981412049733 8.676246362016798 -17.721567818786884 135.16871862412071 -16.757527532744874 -71.99173084253106 -48.44860829278588 -32.892258949170404 289.73294456108664
5701 79814 0 0 0 -252.50270072812074 24.10752754349087 244.4631387661644 -133.45548847467433 -50.09287608736259 24.03599731874932 322.10260135295596 54.75178244857824 5.798505010544087 22.46513522546635 194.784274543151 16.81710791225635 -56.2059842563988 107.05341860480466 83.41485449759794 138.62321331474394 65.36416551149992 -106.37807244438069 72.86321076734555 -0.6375192673256881 157.1812514721635 -21.500515837133147 8.676815044079449 -17.721682518199945 135.16965067965134 -16.75747647097006 -71.99179774912858 -48.44860832685972 -32.89268621952004 289.7329430566699
5801 81214 0 0 0 -252.5027007454703 24.107527548750102 244.4629998443646 -133.4554403051579 -50.092876076497056 24.03599676147729 322.1043372257835 54.75098246321505 5.798502790209444 22.465137687292657 194.78427560467387 16.8171009448017 -56.20642995018114 107.0534186786425 83.41472078130317 138.62165804515695 65.36416549560116 -106.37769897063993 72.86353591123837 -0.6367793012034577 157.1812487273793 -21.500657601138645 8.676808506664981 -17.721475324882785 135.1702919196684 -16.757491856614827 -71.99069245737074 -48.448608344918284 -32.8926918586074 289.7328821170039
5901 82614 0 0 0 -252.50270072730686 24.107527549121723 244.46267188228975 -133.45517518827228 -50.092876084763496 24.035889429760534 322.11009472018236 54.75043545985993 5.798530743435997 22.464643961988536 194.7840441543639 16.817228435144116 -56.20523481305081 107.05341862009614 83.41408132122933 138.61744601117076 65.36416551227957 -106.37692906464333 72.86282985972957 -0.6330232528570223 157.1814044003735 -21.50148452433519 8.677381980865771 -17.72159867185734 135.17162733100065 -16.75746280525739 -71.99019401331437 -48.448608326412256 -32.89218798114273 289.7330625616368
6001 84014 0 0 0 -252.5027007240706 24.107527544465842 244.46259416002755 -133.45448815439397 -50.09287608416373 24.035709454848075 322.1109986022212 54.75045220546791 5.798581166915612 22.46380184165579 194.78365068797712 16.817239148442603 -56.20581768227513 107.05341861939732 83.41378664073508 138.61631571207556 65.36416551142946 -106.377028691846 72.86274160954 -0.6324915120134595 157.1816702501605 -21.50127772383096 8.67731249557947 -17.72152912096574 135.1717580332684 -16.7575195667095 -71.98939824883604 -48.448608325826655 -32.89132743711794 289.73316485809227
6101 85414 0 0 0 -252.50270072929638 24.107527542151264 244.4629420674053 -133.45064689689744 -50.09287608589012 24.035305709544215 322.11335726113015 54.752323794650664 5.798697260500221 22.461904500710585 194.78276397652152 16.817159707477806 -56.214990208985974 107.05341859546226 83.41120022438382 138.61420921071934 65.36416550855536 -106.37776580872088 72.86419979118314 -0.6346592530024605 157.1822675540607 -21.497541090109845 8.676533730423163 -17.72123476410651 135.17252153498094 -16.757580238367918 -71.9913692032429 -48.4486083228512 -32.88938846528645 289.7331059057662
6201 86814 0 0 0 -252.50270072531032 24.107527543874774 244.46355656168916 -133.4507876430897 -50.09287608745228 24.035317198356076 322.11550076176786 54.75165137253576 5.79869457706984 22.46195950559529 194.78279029561503 16.817175326669243 -56.215753115734856 107.05341861511121 83.41017278459155 138.61447324186315 65.36416551162984 -106.37702942843481 72.86416310564849 -0.6337317259550294 157.18225102994896 -21.496881594139087 8.675743559035622 -17.72115562468529 135.17258763474229 -16.75731049296037 -71.99191491621322 -48.44860832538572 -32.889444125871854 289.73268919022377
6301 88214 0 0 0 -252.502700709991 24.107527572219105 244.46416339958833 -133.45152545419643 -50.092876113032574 24.035108706176192 322.12101118376376 54.74966125285928 5.798753102606224 22.460987710671112 194.7823385521573 16.8168993194674 -56.216452521827755 107.05341852536256 83.40808117497123 138.61521601062324 65.36416549099633 -106.37613821932942 72.86278932840608 -0.6316018793038566 157.1825570354067 -21.495905135078957 8.674486396577926 -17.720842272683427 135.17043882512138 -16.757458729317502 -71.99457528657241 -48.448608308115595 -32.88845175291966 289.7326078919929
6401 89614 0 0 0 -252.5027007315781 24.107527548513715 244.46419530855147 -133.45292054598195 -50.09287608587959 24.03490418578882 322.1208249964846 54.74776496219068 5.798810589739242 22.460027449750942 194.78189097433184 16.816771716418852 -56.21600385945294 107.05341860721865 83.4071337285859 138.61873217368912 65.36416551386873 -106.3766451863721 72.86072140445086 -0.6315216667137791 157.1828580118506 -21.495091185382208 8.674483547607839 -17.72092834158279 135.16612371015412 -16.757622463293185 -71.99700337799558 -48.448608327263244 -32.88747013422803 289.73272019379965
6501 91014 0 0 0 -252.50270072804076 24.107527546166786 244.46369783226723 -133.45439914206844 -50.0928760867585 24.03462443501149 322.1251430621196 54.74786526974396 5.798889892661484 22.458708157963102 194.78127468683806 16.817126703506148 -56.21564987642124 107.05341861905372 83.4059284505546 138.62210172234262 65.36416551084527 -106.37680090550612 72.85666586758049 -0.6288731589518712 157.183273244651 -21.493553372509886 8.675872976948833 -17.721296438613898 135.1625813251932 -16.75729734048217 -71.99730521532938 -48.44860832607295 -32.88612259686854 289.73264101307814
6601 92414 0 0 0 -252.50270072769644 24.107527545032887 244.4634961970687 -133.45486387161668 -50.09287608769706 24.03457681691655 322.1261490422082 54.74770437132237 5.7989042123095205 22.458489670288344 194.78117311556528 16.81717043405505 -56.21583105468822 107.05341860840707 83.40551640793343 138.6230029214629 65.36416550972612 -106.37681929110182 72.85590557854093 -0.6284207715114851 157.1833423181458 -21.493334424824788 8.676295642473669 -17.72143105060597 135.1613830225261 -16.75730181169358 -71.99710273221292 -48.44860832403755 -32.88589932193733 289.7326597586118
6701 93814 0 0 0 -252.50270072722606 24.107527544617547 244.46358852183226 -133.45466832931186 -50.09287608640971 24.034555088266384 322.12643786529776 54.747414785332694 5.798910535932336 22.45838873568614 194.78112615225578 16.8171395917852 -56.21633964847507 107.05341861533276 83.40535942804682 138.62238671478428 65.36416551175658 -106.37676765122605 72.85634486456486 -0.6283550194686099 157.18337454643031 -21.49338529827638 8.676219860889994 -17.721484050003266 135.16141441289597 -16.75730809496122 -71.99640112603602 -48.44860832506038 -32.88579619982745 289.7325758814193
6801 95214 0 0 0 -252.50270072766165 24.10752754291312 244.46362405575488 -133.45488600294317 -50.092876088581676 24.034604996667014 322.1270943132252 54.74823256272845 5.798896380621055 22.458621011662764 194.7812342849462 16.8171465521285 -56.21598435200959 107.053418625361 83.40544071988127 138.62191120597547 65.3641655121172 -106.37671498449734 72.85668782411983 -0.6280961613737622 157.18330119445184 -21.494232266801617 8.67631833485116 -17.721530660542253 135.1608702131013 -16.757252704975347 -71.99548970552254 -48.44860832418322 -32.88603375521281 289.7325278294684
6901 96614 0 0 0 -252.50270073056907 24.10752753763915 244.46387801796612 -133.45588362144088 -50.09287608510956 24.03476940613605 322.1277901745038 54.75274396008038 5.79884945072265 22.459393455960257 194.78159443224584 16.817017884218863 -56.215255270734694 107.0534186399844 83.40580864144306 138.62015579601996 65.36416551227887 -106.37586148388044 72.86057088866731 -0.6295241249783194 157.18305808020435 -21.498917928986877 8.675705713456022 -17.721395959549522 135.15568971290537 -16.75735040260676 -71.9936184527844 -48.448608327597405 -32.886823050089774 289.73248412888654
7001 98014 0 0 0 -252.50270072837952 24.107527545063135 244.46390347129602 -133.4560309850581 -50.09287608771582 24.03471628359503 322.1289134819753 54.75497768147508 5.798864682070345 22.459143893893113 194.78147815271632 16.81705943898885 -56.21350337381362 107.0534186114576 83.4063926797111 138.61750412033078 65.36416551023812 -106.37480621381299 72.86263415160923 -0.6293717162477458 157.18313668918975 -21.501202796106533 8.675652072354989 -17.72136632668633 135.15426319930637 -16.75730504125568 -71.99502149317286 -48.44860832525986 -32.88656816953666 289.7324280754932
7101 99414 0 0 0 -252.50270072812714 24.107527551978432 244.4638941540755 -133.45588620869967 -50.0928760840296 24.03469150360087 322.1274130958161 54.75511479406686 5.798871753818246 22.459028468967123 194.78142482502534 16.817026398626886 -56.212619746368624 107.05341862323478 83.40806532711765 138.61736923560207 65.36416551466606 -106.37332519786163 72.86480512449977 -0.6306801993011549 157.18317260137607 -21.50219362850294 8.675485000973222 -17.721298536705042 135.15435341008993 -16.75733833248719 -71.99543792551505 -48.448608325330596 -32.88645041632077 289.7324619643876
7201 100814 0 0 0 -252.50270077045025 24.107527521189358 244.46350392943717 -133.4494923576483 -50.09287590609277 24.034871102664383 322.12048556797754 54.75325564645131 5.7988203471916595 22.459881194098656 194.78182205367509 16.817211362478147 -56.21514089590623 107.05341923755661 83.44485513839751 138.61861092415558 65.36416570188173 -106.33254959963783 72.91674541886428 -0.6586253935597958 157.18290774829916 -21.518368108304283 8.676591805575537 -17.721642842334102 135.15704874046122 -16.757210577545766 -71.9975440442657 -48.44860842124555 -32.88732177721935 289.73248344654644
7301 102214 0 0 0 -252.50270070707452 24.107528621580766 244.4630930721972 -133.40163920103484 -50.09287516893218 24.034328767751838 322.126217474468 54.755535979273965 5.798973682145199 22.457337298299297 194.780639866058 16.817261939390473 -56.21170167701714 107.05341908404421 83.82010135887833 138.61942208675086 65.36416612291087 -105.89947293209428 73.43796976587407 -0.897864299898932 157.18370603211554 -21.699107358925488 8.677614478407445 -17.721787215531343 135.1560747334326 -16.757041255754338 -71.99173632065227 -48.44860751596033 -32.884722912694265 289.7326220940333
7401 103614 0 0 0 -252.5027006800874 24.10752857891839 244.4636706782997 -133.40107353827133 -50.092875210027074 24.034502412803484 322.132247473564 54.75303647839317 5.798925357157849 22.458142022971785 194.7810109496877 16.817146607731488 -56.21445293414859 107.05341931660072 83.82820361397404 138.62084203768975 65.36416604953396 -105.88660768315596 73.45085950804913 -0.9023119963856974 157.1834521103633 -21.701812072604113 8.676115417202569 -17.721456056134883 135.15453140790538 -16.75726515583733 -71.99580750493378 -48.44860751673328 -32.885544370951806 289.7325202668472
7501 105014 0 0 0 -252.5027006798283 24.107528578916764 244.4636755308125 -133.4010019376022 -50.09287521020597 24.034506707621492 322.13228718854674 54.75306379527987 5.7989241309994055 22.458162092815375 194.7810202962882 16.81714479308679 -56.21445124090973 107.05341931546394 83.82817434573315 138.62083310547305 65.36416604959554 -105.88665528686367 73.45081576153011 -0.9022159960976301 157.18344575746417 -21.701798599377682 8.676106336578753 -17.721454961736942 135.15454153027287 -16.757265879502818 -71.99584846887659 -48.44860751662857 -32.8855648612003 289.7325185896272
7601 106414 0 0 0 -252.50270068092354 24.10752857888775 244.46367548271584 -133.39948732874177 -50.092875210224506 24.034515479387746 322.1323922647193 54.753127546193056 5.798921596812375 22.458203071852516 194.78103938206607 16.817147942581013 -56.214480114634554 107.05341931340597 83.8286575261623 138.62086470960696 65.36416604889538 -105.88654085864674 73.45127665314024 -0.901328973916435 157.18343290510782 -21.702002785020756 8.67610095733162 -17.72145017869967 135.1544726059459 -16.757266581479303 -71.99585026615627 -48.44860751729847 -32.88560672464447 289.7325183084083
7701 107814 0 0 0 -252.50270068329368 24.107528578677545 244.4637194713582 -133.3671885827235 -50.09287521341216 24.034458253655 322.1325239962176 54.7526360021026 5.798937826156714 22.45793585205401 194.78091486317098 16.817108427417022 -56.21371289769966 107.0534193408456 83.8369009121648 138.62104768951863 65.36416604979911 -105.88692583513082 73.45668784500543 -0.8800928186879573 157.18351689540182 -21.704152192905035 8.676083536932364 -17.721458786184073 135.1544116179315 -16.75730045943936 -71.99552055868784 -48.44860752155149 -32.88533419232037 289.73253158978645
7801 109214 0 0 0 -252.50270068913412 24.107528473975574 244.46369121410777 -132.88968128838727 -50.092875195395386 24.03445322499852 322.1325875753257 54.75306844557782 5.798939278000041 22.457914319147957 194.78090498340805 16.817141678546864 -56.214218905332245 107.05341988416922 83.94176969684874 138.62068492458306 65.36416613089528 -105.9141896142842 73.52165289476778 -0.5621669670462676 157.18352375568026 -21.727980300568007 8.676163868158921 -17.721480856538363 135.15458999774788 -16.757262081322715 -71.99549491044854 -48.44860768589898 -32.88531166324186 289.73250828070445
7901 110614 0 0 0 -252.50270069241 24.107528479516674 244.46368360767647 -132.8294672954985 -50.09287519867516 24.034505795294994 322.1321423933965 54.75297938201379 5.798924412861135 22.458157859849116 194.78101834627253 16.817142923135975 -56.21466259310464 107.05341987020134 83.95176785538322 138.62097379087467 65.36416613015888 -105.92150803925689 73.52546013267343 -0.5202051800443189 157.18344710614423 -21.72929044806587 8.676092887912914 -17.721453279481672 135.15448692985606 -16.75726540503921 -71.99591103611523 -48.448607678257034 -32.88556056020665 289.732512519071
8001 112014 0 0 0 -252.50270069252997 24.1075284798832 244.46369122859022 -132.82920773871535 -50.09287519969871 24.03450485744326 322.1321006275087 54.75305956287691 5.79892468070352 22.458153533172062 194.78101630806404 16.81714358577518 -56.21467270354828 107.05341987018906 83.95177539596213 138.6209541872706 65.36416613079882 -105.92140986477666 73.52572542136633 -0.5198948370247551 157.18344849290244 -21.72901888515493 8.676100942409082 -17.721460732660276 135.15445334228312 -16.757260503912597 -71.99592707925665 -48.44860767786671 -32.88555605628916 289.7325054662088
8101 113414 0 0 0 -252.5027006965596 24.10752847852641 244.46369659078417 -132.82847787814916 -50.0928752174247 24.03453898661935 322.1320840488448 54.75299133415602 5.7989151365381835 22.458311691779112 194.78108996551094 16.817143427999007 -56.21469654595289 107.05341983370725 83.94971850532376 138.6209106696772 65.36416613937676 -105.91964621367137 73.52923005498226 -0.5145355256184466 157.18339852788517 -21.720811517234154 8.67604872308036 -17.721434487487706 135.1546348885396 -16.757265260635787 -71.99595461852154 -48.4486076661613 -32.88571777477022 289.7325068214191
8201 114814 0 0 0 -252.50270075618104 24.10752843185964 244.46352520817257 -132.77363345530395 -50.09287518540794 24.03472611598024 322.13641501173896 54.752824465752084 5.798862940363661 22.45918650665059 194.78149753188225 16.81717798552709 -56.21757537627965 107.05341976622846 83.90510823197195 138.62232762421203 65.36416620916421 -105.89734200948952 73.5891042457824 -0.3758014440693431 157.183124027022 -21.55409896568223 8.676330509071335 -17.721532886657037 135.15484438402706 -16.757297877627895 -71.99922285095761 -48.448607631476676 -32.88661096746173 289.7325602185971
8301 116214 0 0 0 -252.50270128282895 24.10752779002809 244.46362651559483 -132.7162274566462 -50.092874793584976 24.034518329728115 322.13262952394643 54.75319085848708 5.7989210932722814 22.458217233438962 194.7810459548957 16.81715415277803 -56.214527567803486 107.05341943719272 83.57417710636591 138.62092467806744 65.36416691896355 -105.73980262155744 73.93885977105117 0.2981234127592873 157.1834283488468 -20.505354933859298 8.676236148884524 -17.721475752717318 135.15436265755739 -16.75725962323508 -71.99541440652922 -48.44860702326685 -32.885621087663424 289.73253580042
8401 117614 0 0 0 -252.5027012835898 24.10752778492019 244.46367713042127 -132.71666107985342 -50.092874794728054 24.034519367941165 322.132365620405 54.75310005429149 5.798920545686419 22.45822150132691 194.78104802341667 16.81714565300984 -56.21424942404702 107.05341944953216 83.57333995328005 138.62089502269788 65.36416691782135 -105.73822655288177 73.94135500337197 0.30019077104275493 157.18342706450963 -20.501133456441963 8.676107323358124 -17.72145624895827 135.1543059416081 -16.7572651648108 -71.99576035427319 -48.448607023702955 -32.885625562816145 289.73251650363846
8501 119014 0 0 0 -252.50270128358062 24.10752778496429 244.46367736695586 -132.71680406346712 -50.0928747947581 24.034518654716614 322.13236442288326 54.75309988364756 5.798920748096045 22.45821815480372 194.78104646414351 16.817145714659045 -56.21424834645339 107.05341944953588 83.57311535635753 138.6208981433243 65.36416691780673 -105.73810178188756 73.9415657784345 0.30048471946580874 157.183428117811 -20.50047152701822 8.67610662282297 -17.721455977771782 135.15429842941603 -16.7572648019847 -71.99575553531885 -48.448607023719745 -32.88562214681775 289.7325159913026
8601 120414 0 0 0 -252.50270128356604 24.107527784979325 244.46367814709785 -132.7167133058643 -50.09287479471575 24.034518505113287 322.1323561741139 54.75310034712858 5.798920791542962 22.458217466446772 194.78104613911708 16.81714556938147 -56.21424058595667 107.05341944957065 83.57313044650374 138.62089584995735 65.36416691784147 -105.73809922886583 73.94159309468728 0.3006422244417444 157.18342833523397 -20.500328599299703 8.676104472575222 -17.721455199580383 135.15430188985894 -16.757265084960096 -71.99575617712243 -48.44860702372907 -32.88562144455164 289.73251609001
8701 121814 0 0 0 -252.5027012835983 24.10752778497147 244.46367765792903 -132.717308372737 -50.09287479491519 24.034518488010367 322.13233845236203 54.75308501312571 5.798920800988105 22.458217342644065 194.78104609723812 16.817146040245856 -56.214243487838196 107.05341944961997 83.5736661667812 138.62090915784816 65.36416691765648 -105.73821180613174 73.94108885879189 0.30043425656599254 157.1834283799104 -20.500109804630974 8.676106504465846 -17.721455558084397 135.1542956532495 -16.757264375846642 -71.99577132850054 -48.448607023726034 -32.88562132111862 289.7325152287733
8801 123214 0 0 0 -252.50270128355862 24.107527785097837 244.46367234312174 -132.71946896850744 -50.092874795159204 24.034517062322994 322.1324740245151 54.75307308160604 5.79892119841242 22.458210616876368 194.7810429670553 16.81714792240901 -56.21421116871845 107.05341944991355 83.58170957612661 138.6209307046311 65.36416691766607 -105.73899960346874 73.93648088129369 0.3036308022887323 157.18343048198037 -20.494000382574207 8.67611746800086 -17.721458109049312 135.1543573575972 -16.757265924424576 -71.99583036415622 -48.448607023450045 -32.8856144894379 289.73251930148206
8901 124614 0 0 0 -252.50270128207714 24.107527784066306 244.46366211060055 -132.80036285853828 -50.09287479718295 24.034545928235858 322.13248164586275 54.75282678172889 5.798913016849242 22.458345539541902 194.78110600839165 16.81716152814755 -56.214125290021684 107.05341945887385 83.76869441313713 138.62088646261307 65.36416691532277 -105.76264090445062 73.81596568303105 0.3625056594329217 157.18338827283216 -20.344868405251496 8.67605605943575 -17.721419562984703 135.15476072232798 -16.75727783311 -71.99564139101518 -48.448607021781484 -32.885752086030394 289.73254197048544
9001 126014 0 0 0 -252.5027012820631 24.1075277852123 244.4636871045465 -133.17493173394303 -50.09287479349624 24.034538772330606 322.13251564663705 54.753186283283384 5.798915051781785 22.45831225459867 194.78109033074568 16.817138138840235 -56.21426068867372 107.0534194459561 84.9306289611108 138.62083879414521 65.36416691890388 -105.93206957240069 73.07242972636678 0.8077381163030565 157.18339855125365 -19.440992263836044 8.676081928289129 -17.72145401670161 135.1542346525221 -16.757266069282444 -71.99570585385042 -48.44860702289514 -32.88571815802459 289.7325178381865
9101 127414 0 0 0 -252.50270128358355 24.107527784958013 244.46367832834687 -133.18023980827672 -50.092874794758565 24.03451984987994 322.13239299116134 54.75311148082837 5.798920409653797 22.458223751374387 194.78104907371764 16.817145143749272 -56.21422547985079 107.05341944957165 84.94121099910032 138.62088071227404 65.36416691782122 -105.93341905808803 73.0653301016407 0.8122652695998491 157.18342635592424 -19.429908728238065 8.676104528571338 -17.721455608294036 135.15428335460703 -16.75726506671246 -71.99575332212838 -48.44860702372024 -32.88562786332462 289.73251581618746
9201 128814 0 0 0 -252.5027012835863 24.107527784963732 244.4636771849766 -133.1801695414666 -50.09287479473199 24.034520351296365 322.13238962033125 54.753117760823905 5.798920262123431 22.458226105159973 194.78105016620017 16.81714578638636 -56.21423487468432 107.05341944961998 84.9414023706334 138.62088265243565 65.36416691781965 -105.93359200163012 73.06516725820357 0.8123917989116539 157.18342561317726 -19.429993043666187 8.676106725373307 -17.721456058648297 135.15428296206792 -16.757264650027867 -71.99575009641364 -48.44860702369691 -32.88563026864235 289.73251595519986
9301 130214 0 0 0 -252.5027012834713 24.107527784906164 244.4636827973866 -133.18153918606876 -50.09287479468994 24.034518871122884 322.13234889226754 54.75313948205919 5.798920677444124 22.45821925531212 194.78104698253645 16.817143493671654 -56.21423931767818 107.0534194497339 84.9429733140323 138.6208590661505 65.36416691811658 -105.93545070107434 73.06389589430731 0.8148168107676835 157.18342778364624 -19.428178873188823 8.676095834411779 -17.72145302533761 135.15427141557717 -16.75726558941896 -71.9957368824994 -48.44860702373713 -32.885623272787626 289.73251473084343
9401 131614 0 0 0 -252.50270128389943 24.1075277845196 244.46366540432024 -133.2069344010224 -50.09287479606728 24.034528798081297 322.13246545818214 54.75323015762911 5.798917853237978 22.458265423676128 194.78106851116152 16.81714849897305 -56.2141123444252 107.05341945175071 84.99177454977166 138.62070226854948 65.3641669176537 -105.9733383563019 73.03054942457797 0.8653448640925584 157.1834131741056 -19.392497782269086 8.676109172939656 -17.72144970269727 135.1544107429942 -16.75726463433195 -71.9958069393585 -48.44860702338754 -32.88567051099771 289.7325213630504
9501 133014 0 0 0 -252.50270128411276 24.10752778502116 244.46366156322648 -133.5683443139832 -50.09287479061031 24.03452803578986 322.13291891039256 54.75315124312407 5.798917596037708 22.458261891667412 194.78106682123783 16.81714427477546 -56.213388524867256 107.05341945903696 85.56712236775455 138.62099052053253 65.36416692309692 -106.55431990834565 72.62257858335879 1.6162421092966468 157.18341412524 -18.93507679152419 8.676009721409224 -17.721401940221007 135.15406614381408 -16.757298489482462 -71.99573817082869 -48.44860702805685 -32.885666800348 289.7325462367814
9601 134414 0 0 0 -252.50270128213234 24.107527784673234 244.4636920781392 -134.69089282011802 -50.09287479394568 24.034521167009764 322.13233554665095 54.75293285993087 5.798920069703762 22.458230184688865 194.78105209715648 16.817130514987355 -56.214200187735685 107.05341945461262 87.50462124767141 138.62080691847873 65.36416691912468 -108.38646124466206 71.16299894483366 3.7138384701306455 157.18342438289997 -17.784428272633743 8.67603537115443 -17.72141207412953 135.1542211034377 -16.75726796882777 -71.99582367191115 -48.44860702475211 -32.88563442691684 289.73251351470907
9701 135814 0 0 0 -252.5027012836262 24.10752778489359 244.46367816327725 -134.9203805460333 -50.09287479474771 24.034519185509247 322.13238862286215 54.753101501832155 5.798920595564378 22.458220630388613 194.78104762068662 16.81714524873237 -56.214250693583 107.05341944935222 87.99469545490219 138.6208966912467 65.36416691778204 -108.77080120113305 70.78213611562046 4.1206972156436965 157.18342734482184 -17.55791372801914 8.676104818571584 -17.72145559672724 135.15429139247104 -16.757265159667227 -71.99576373240082 -48.448607023784675 -32.88562467291225 289.7325159026881
9801 137214 0 0 0 -252.50270128358912 24.10752778496532 244.4636782387035 -134.92095715186946 -50.09287479474244 24.03451923698934 322.1323745496672 54.753104654002584 5.798920584129292 22.458220884947334 194.78104773791281 16.817145344363688 -56.21424846431473 107.05341944956041 87.99594747981689 138.62089067337413 65.36416691781884 -108.77180308071314 70.78111020046417 4.121735810875788 157.18342725813795 -17.557314064483002 8.67610484477272 -17.721455656050434 135.1542943853883 -16.757264920616493 -71.99575767996016 -48.448607023720285 -32.885624935169304 289.73251578042
9818 137452 0 0 0 -252.50270128358966 24.107527784964734 244.46367824105425 -134.9209471720327 -50.092874794743764 24.034519234759763 322.13237433066223 54.75310474253615 5.798920584665889 22.45822087518297 194.7810477332569 16.817145339416992 -56.214248491157896 107.05341944956187 87.99592507482801 138.62089070400398 65.3641669178174 -108.77177743450999 70.78112807577475 4.121709871835501 157.18342726134492 -17.557319657481408 8.676104822809709 -17.72145564809693 135.15429432480778 -16.757264933698785 -71.99575761528163 -48.44860702372111 -32.88562492510762 289.73251578358924
