% # columns="iter, evals, sigma, 0, fitness, xbest" seed=45, Mon Jul  6 01:12:45 2020, <python>{}</python>
1 14 46.85225884187444 0 14908.893301728729 10.043217771749156 -44.6334715693182 9.794170089988212 -1.286554842031022 46.34387688475492 -14.642235358475203 51.89184278752765 71.0762515047206 19.747869665650764 6.996876231968003 13.281746849348428 42.6695012428837 -5.077665296217966 60.74275450907106 54.755531793229096 6.582194884654545 -20.072580791792255 65.41982138154592 -46.56825747763334 -29.09709834317555 -56.9483055447288 -26.206123265876574 56.18624865803046 26.729633680995768 10.013598228040676 24.005716810277033 65.13766316166071 -21.105230213560553 23.832769217556383 25.65906934431666
2 28 45.714492643213084 0 8869.430120201709 -42.790018720818246 12.385430235551542 40.95921739971576 64.43947376978107 -16.415336452499623 -88.77339008632673 -44.28334867355292 71.75331811081068 -11.255047290169998 -57.88360682272447 12.999294085943394 15.705031256015781 -9.53327861726235 -4.0567812309597 99.9426922422139 -81.11597580809253 19.003006399206946 87.99084766276425 -11.074050245392687 6.674135564503437 -19.811613037846826 54.47013704183601 12.229685586186598 -29.588685687091896 -0.9890512868743961 93.8070770494663 25.038883265883975 -10.76173289623043 -98.17121211413189 -1.8867425526981165
3 42 45.153113284219025 0 11822.91230751325 -85.37349340741213 9.850502193417231 87.40433201386644 -58.52019260623207 -30.936932876915158 -61.20946744581874 21.135505708481922 -95.63115950377494 48.74798108677083 -81.3404379701565 58.18286807622893 -37.560318538441145 -2.7205195495198957 -41.22219580608555 83.93645265643627 -41.42626348517606 -0.31969870240535414 55.73814393626703 10.914229030795479 75.02856239134071 18.74281545499187 14.277651202586163 87.04096526079906 77.68665304090388 -34.6119458860202 92.85944412600954 27.98523334215732 -22.142201451273085 15.890440643999003 35.00000389050816
101 1414 7.897446628104943 0 3445.5909210934233 -73.74494904790691 -5.768984319692521 -36.76174958948977 80.62013802945431 -71.59948267985041 18.275155659188123 36.51250825435906 -11.979633812929684 -43.59772325048908 -45.81534236439383 64.6345166448449 97.70773355612678 -72.66873935496625 -24.67547765637201 2.386567635192364 -71.27586623050094 14.123273451744275 -11.564192822860399 -4.298845629849543 -79.42986498566813 -46.0635098129455 57.877758870822824 -16.66205453136717 5.1572028516836275 -5.0529756774357315 91.7980681141793 43.63589105720715 -59.98537934940658 -79.89734827295786 -44.86463723344343
201 2814 1.5001579007393464 0 3246.328354721408 -67.44057669894588 -34.027537395223675 -39.86332876551283 92.34565572309812 -59.64573433195781 6.264814802741182 60.452664633872125 -22.71534841178813 -51.83824560426867 -62.45403320391347 19.777574597236338 63.03759226338809 -28.4698397561541 43.345251191951974 -11.963672747207596 -70.82754454723802 -3.714594097588952 -27.679450507739578 -15.585981901931616 -87.30556834752325 -46.930188338981765 57.92995040510239 3.148507369438987 14.043301267289436 -3.6106391143611565 99.71924483334338 -19.253101013377062 -45.581898946268964 -66.93723508430247 -58.37453901735165
301 4214 1.0955376590996677 0 3222.5948583012055 -70.99195139369593 -41.854103972503026 -34.671514186362316 99.19878575603433 -56.63919188769037 21.077520111256828 60.08710900587267 -27.603442461703093 -56.94115752128739 -56.10151145586491 15.855983304235394 67.61965084900653 -25.073179924444872 98.26567393761448 -5.17678916761065 -71.31024682065063 0.3619833807162539 -26.081648790472595 -11.531736744556838 -89.52871777139804 -38.17693975659453 46.48605887195113 9.309495828915948 4.81408523718846 -2.8585385554534644 90.38714979539776 -30.66301642455727 -40.561191970749164 -65.30425560505793 -50.98205287415908
401 5614 0.7949598738052064 0 3217.1756607114853 -62.43626483045804 -44.030240322135114 -34.38522203477091 90.72730376851766 -55.91306030026496 35.31039925902902 54.714733417945624 -27.336762610027353 -65.42194361482994 -54.305988218444625 17.184036759080215 67.32184375459892 -21.944746131372597 99.79291492356087 -2.665395992046996 -73.40568471160113 4.427115275218464 -22.317588425081762 -6.443284997563743 -87.89734263296364 -31.439699936851632 39.8018369359605 -2.656716594210477 8.079801722908979 8.506682803378196 84.17883252509623 -25.59662915858874 -36.256414579796356 -71.97856756853008 -41.991066028128245
501 7014 0.25824940026136395 0 3200.7232880879533 -51.500455359282 -43.81466556944085 -39.246416453601896 88.3347590385063 -52.50771433398219 50.18637152569818 48.6634335876213 -28.847571500908554 -68.1250730303546 -44.57413359588757 24.940231084293856 68.51602311504503 -22.636375912512392 91.76723065524754 -4.512055128473406 -80.8005253950898 10.929931267353465 -15.237874716044756 -2.8206874688374435 -83.81262855721127 -6.597260772017296 36.05753867707655 -3.7866091542984344 6.722409099627816 16.633456865059216 69.59898202580439 -34.84276238759392 -32.30668155329319 -80.36676862608448 -36.42530002199703
601 8414 0.7945974509675093 0 3195.8315687665363 -43.98481868714558 -39.05269417270455 -40.56870384219476 81.86826076390226 -49.92974701024448 49.80282706607431 47.010331884180516 -29.27319228057014 -62.55151632058321 -39.35703304342858 27.031344568054692 69.22004334687664 -22.324635458613585 20.72203982398844 -14.182568793669333 -81.10432500684502 11.302939644355996 -11.832450798353694 -8.312536775638204 -81.35800626100166 -2.460244342534525 40.029599643405106 -7.458491053955793 8.3173017697719 20.244319393509084 67.10938840331161 -29.394303651217683 -30.906741906256197 -80.73691172311086 -36.24687270954513
701 9814 2.8938156424582795 0 3134.123460176214 -24.79054577650578 -21.0429633732098 -50.37728738226672 47.91059833455245 -64.89580799702537 42.238090628288 51.44197985929636 -31.69617478275355 -52.583047661826605 -40.45482215902822 -1.4109637226937082 73.17549147126287 -43.78243357149137 -10.552024657591062 -5.335797991437005 -69.1396475137402 16.44215593304242 17.54962331086994 -13.328729606962586 -67.2179430498452 10.3725150261504 55.75772740233943 -51.79051003501097 11.669439617956481 24.40007247586703 60.377626965896155 -31.899886749364043 -22.882090750697397 -68.0214013084719 -47.36272335370967
801 11214 0.21244023410712068 0 3100.843198972695 -26.26046423797385 -33.81486688480737 -49.57650431836901 47.73932565769061 -66.50673073705755 45.45719097928779 50.646736724731426 -30.402440915039097 -59.20939653100183 -41.23245769355803 -5.480957834582995 73.38704674264224 -41.710326389674606 -8.161209097717318 -2.0370525479978596 -74.47934610037444 19.101736021983335 9.34745861841421 -10.42113102748066 -67.80231265407811 11.635666477974095 56.45067204357144 -45.410326394260665 8.121682210026332 24.0945496624719 60.13717837304219 -30.99012417553115 -24.17610267687563 -66.82071955873633 -45.233479265582446
901 12614 0.019929447218542704 0 3100.04319757958 -26.384275095816264 -34.024702719705346 -49.93759244273711 47.60107317292318 -66.55264343379741 45.612576190080425 50.59085227786733 -30.67239549570877 -59.063667818561235 -41.52313879005313 -5.671847415257588 73.1601635937386 -41.36139687120604 -8.727856564251482 -2.0687480338342255 -74.57738995243415 19.17289530108746 9.382599281906739 -10.350894217150765 -67.75587080344663 11.81132671407047 56.53854350567599 -45.38965870589219 8.255329904508688 24.03660998461042 60.042621157987895 -30.76607762260116 -24.001957099927914 -66.95716866473248 -45.30983885336718
1001 14014 0.0013401320461096412 0 3100.0034122962006 -26.373840778308704 -34.00866768856983 -49.93098796454807 47.617622620153995 -66.54499755446145 45.61666992549104 50.584419588218346 -30.67075529424488 -59.06550441889176 -41.52191426767192 -5.66493474491142 73.14793956844517 -41.393644459294165 -8.712183652244562 -2.0696258880822143 -74.56514239533121 19.167579613357542 9.39750676980208 -10.345242729703525 -67.76656376836961 11.811575683933095 56.538891351638526 -45.378069966515696 8.251356637382315 24.053261633104377 60.03889949232919 -30.779663327555255 -23.991436564641408 -66.96986295844744 -45.33131203508262
1101 15414 9.14431358302487e-05 0 3100.0001766876494 -26.37196083689463 -34.00845253483013 -49.92965224352122 47.616603289224805 -66.54545371270004 45.617689710379636 50.58365230241677 -30.67096551729819 -59.0658981819506 -41.5227594575813 -5.666898845160489 73.14717159293451 -41.39373366134026 -8.713318110210821 -2.0695341892545684 -74.56448209615866 19.166533203033822 9.395981298578272 -10.346339769335351 -67.76638107730408 11.81184953679958 56.54050794432864 -45.37853228076196 8.249709340568225 24.052861679832336 60.03959762199946 -30.779769729842002 -23.99178610933824 -66.97047495600464 -45.33129202247261
1201 16814 3.364513119124503e-06 0 3100.0000062867603 -26.371935451759953 -34.00844143673024 -49.92961718656738 47.61660248348672 -66.5453799202806 45.61767099738003 50.58365074728385 -30.670937466165444 -59.06588794944754 -41.52281722812749 -5.666849614219757 73.14716385047554 -41.39377690077137 -8.713265051583278 -2.069487291561927 -74.56450132265174 19.166611167523644 9.395839370533364 -10.346372006496065 -67.76646106568688 11.811855530382662 56.540577257521356 -45.37854375951256 8.249703229319545 24.05284777687455 60.03963775032281 -30.7798200383435 -23.99173529309567 -66.97055712159738 -45.33125710764887
1301 18214 1.4531133532120447e-07 0 3100.000000205907 -26.37193454533056 -34.00844062125472 -49.92961782160505 47.61660233267989 -66.54538278857416 45.61766937170368 50.58365433213219 -30.670938540567814 -59.06588502882043 -41.52281381377022 -5.666850036167801 73.14716284740695 -41.39377723815801 -8.713265270258262 -2.069488974076819 -74.56450138557142 19.166609869129328 9.395841456908258 -10.346373202715624 -67.76646290615118 11.811855552457114 56.54057781648408 -45.37854496813307 8.249707328322575 24.05284701937858 60.039639818963536 -30.779818561985905 -23.991734528451406 -66.97055499511188 -45.33125695162275
1401 19614 4.585992620298905e-09 0 3100.000000005711 -26.3719345174016 -34.00844063772129 -49.929617821521916 47.616602400775264 -66.54538272263929 45.61766922514899 50.583654401999084 -30.67093847591213 -59.06588494663914 -41.52281373422022 -5.666849972434477 73.14716278328628 -41.39377730137434 -8.71326522707895 -2.069488935430229 -74.56450141042272 19.166609872052597 9.395841482878179 -10.346373242671616 -67.76646294681308 11.811855563209336 56.540577882967284 -45.37854493287019 8.24970721742424 24.05284699418083 60.0396398698129 -30.77981860812318 -23.991734567525743 -66.97055503680048 -45.33125693311334
1501 21014 1.2015427079503603e-10 0 3100.0000000001314 -26.37193451562706 -34.008440637014616 -49.92961782306722 47.6166023982359 -66.54538272440209 45.617669223652214 50.583654404938954 -30.670938476229587 -59.065884945474 -41.52281373438099 -5.666849973478122 73.14716278441337 -41.39377730036435 -8.713265229368432 -2.069488936137958 -74.56450140968863 19.16660986990876 9.395841483653074 -10.346373242484162 -67.76646294616428 11.811855560031887 56.540577885064984 -45.378544932973135 8.249707218323309 24.052846994295248 60.03963986603705 -30.779818608780374 -23.991734568078694 -66.97055503860102 -45.33125693227865
1536 21504 3.1348534129476165e-11 0 3100.0000000000337 -26.371934515606142 -34.00844063703252 -49.92961782308489 47.616602398291 -66.54538272439657 45.61766922362424 50.58365440488413 -30.670938476300197 -59.065884945485514 -41.52281373437017 -5.66684997346195 73.14716278441048 -41.393777300325524 -8.713265229342568 -2.0694889361383275 -74.56450140969127 19.16660986990061 9.395841483668256 -10.346373242506672 -67.76646294620133 11.81185556007821 56.54057788502999 -45.37854493286359 8.249707218379832 24.052846994282426 60.039639865996804 -30.77981860880439 -23.99173456801482 -66.97055503864848 -45.33125693227072
