% # columns="iter, evals, sigma, 0, fitness, xbest" seed=41, Mon Jul  6 00:51:55 2020, <python>{}</python>
1 14 50 0 1152.03736755939 -19.147251466890065 81.81791377104683 -75.17896440322366 -0.5704629631866274 38.011166771051016 24.731108188167504 4.479308109816989 -16.731419152561173 92.07087874053127 30.5134689122364 55.372173221473766 46.458525029225484 -44.912582235615815 14.846142001867863 64.87251934461604 14.152726173081435 -9.591218765419441 -39.42129989639798 21.588943046414595 2.9549280997238956 73.54535754431389 -77.7136223096921 13.631842890391017 -28.28525447457711 35.23751956908712 22.979377530851274 43.77607849339169 52.28083510671505 -1.2463504042050613 -58.61423562346807
2 28 51.347897480079176 0 1116.8595238393723 -24.340810076658542 29.39931242245145 9.83432964390309 -3.8903688277639707 -16.90175648570409 19.02319840900053 7.657318580538382 -10.76656250235638 66.77666153881671 -66.79138706331545 60.7186151561639 33.01063668239988 59.03316412721573 -44.88978956788665 14.69654954632803 -39.614736726112376 -16.88732897994548 -18.663050679162883 -55.94719742843366 -0.12096734187322866 9.352775052714534 2.668815204548089 51.4048421993981 -14.233270438619694 16.410613859812187 -14.474835414871324 79.80122909651527 -64.58156309908422 15.95746408524748 -36.645949451251255
3 42 54.68446446625222 0 1131.4273008174155 22.622725771915732 46.616531217550126 -6.145011896975266 -54.61338810924393 63.92331195548271 21.198839696594074 -85.41068389904683 37.75574522262278 84.84316885098907 -23.414744252835618 18.385648261533156 57.09313239365706 -6.747584741652624 -61.46519552687238 65.98240680820791 19.468205322022833 -30.12805066402759 -48.52170611289319 63.45471227093063 -29.30395712066325 -59.15509416213322 -0.29028073835069 -44.411803150710526 22.52144737756927 -18.695085784847908 -31.309869885253022 -10.952761192644253 -67.50954445213281 -11.035231679090295 -98.24524079130012
101 1414 0.3210861824105191 0 608.0199923777055 -8.009923312823288 64.77265735608802 -18.26580113799281 -36.5505449016107 50.39816821304196 54.89504410306293 -26.867519520044535 95.61865397951301 99.9928094795813 -69.08514195802813 28.5788574813416 33.59092772400163 -27.42948960339475 -30.272798211962265 -97.15762590107943 -49.294039427231255 -96.90236750097768 -5.261120837125554 97.40568754777325 4.832345856437622 36.66928275995762 42.08377087223035 -99.84511457792095 10.05382592725983 22.163085916630695 -28.971855145360422 43.91139859061781 -28.84429155894071 -37.6187331974555 1.5847685862173326
201 2814 0.0105868277517064 0 606.2444534863054 -8.25791496905474 64.81200492489225 -18.64414350040033 -36.149329915981966 50.60048982295921 55.099777576834896 -27.02788553777987 95.19430968612266 99.99999983953249 -68.46066142614087 28.430486203979154 34.06061107367294 -27.517953058291912 -30.627362723183687 -97.34716654890605 -49.21786480783002 -96.84572796369753 -5.785046560453016 97.12201044638195 4.763001578199566 36.32821475687097 41.68910848779549 -99.71900494428287 10.063965617871029 22.054456448646057 -29.05663685804143 43.37058081875371 -29.030102778382748 -37.411090332094574 2.086225536807971
301 4214 0.0009219839663242254 0 606.2395041013781 -8.245519149437373 64.80299187387091 -18.635753708576374 -36.14432485761441 50.58847961676555 55.111104811525706 -27.05029452376366 95.18320557947662 99.99999975673289 -68.47513808924886 28.43488575647655 34.05706055954915 -27.507551834929025 -30.630144410827455 -97.34568670375357 -49.20400560176411 -96.84744846075105 -5.799825632482532 97.11749783960671 4.771872593977219 36.33098779429032 41.689967247837075 -99.64545885196883 10.0698950505522 22.081185231839726 -29.050174870899355 43.36898039028635 -29.032929777689155 -37.41534733697629 2.0854483250169475
401 5614 2.1616030305146153e-05 0 606.2394926318125 -8.244772788723518 64.8025420945359 -18.63603060966134 -36.1437714000733 50.58842298817612 55.11101531221175 -27.051085860102212 95.18205527248597 99.9999999999588 -68.4752347106398 28.436145467708428 34.057640832040505 -27.507720798689643 -30.630677894229844 -97.34493151104894 -49.203661736196956 -96.84707836304092 -5.800175080023139 97.11691356912655 4.7713176227660234 36.329682988697826 41.69000230372163 -99.64424002216522 10.070034564021567 22.082113207462445 -29.051561359706994 43.36921168545925 -29.03226921569224 -37.41530757593891 2.083148260468203
501 7014 4.783849614629776e-07 0 606.2394926269363 -8.2447672768038 64.80254966531533 -18.636021469329844 -36.14374864580204 50.588398353278144 55.11101007569263 -27.05110664581724 95.18206145466655 100.0 -68.47521262353644 28.43612732823998 34.05763622502201 -27.507743347339133 -30.63067663653016 -97.34494488159037 -49.20368462070739 -96.8470828922238 -5.800148870744832 97.11692520043457 4.771327203722205 36.32968612207252 41.68999170496093 -99.64424661618638 10.070026700136037 22.082105248014827 -29.051552259000488 43.36919665717691 -29.032250458611024 -37.4153294098559 2.083164293266822
528 7392 4.771453633528252e-08 0 606.239492626935 -8.244767685492215 64.80254942741689 -18.636021547769072 -36.143749083040916 50.58839847848259 55.11101029141213 -27.051107194883706 95.18206166956699 100.0 -68.4752124921313 28.436127305471697 34.05763606131739 -27.507743509009657 -30.630676722568605 -97.34494505959337 -49.20368473168949 -96.84708281335672 -5.800148664894882 97.11692559985627 4.77132696721953 36.329686265887105 41.689991649533596 -99.64424664139209 10.07002698920588 22.08210515182982 -29.051551603940624 43.36919652620573 -29.032250834049442 -37.415329375621354 2.083163963654484
