% # columns="iteration, evaluation, sigma, max axis length,  min axis length, all principle axes lengths  (sorted square roots of eigenvalues of C)", seed=788463, Thu Jul  2 11:13:48 2020
1 14 47.5656349493034 1.0000483345014077 1.0 1.0 1.0000016666680556 1.000003333338889 1.0000050000125 1.000006666688889 1.0000083333680556 1.00001000005 1.0000116667347225 1.0000133334222225 1.0000150001125006 1.0000166668055563 1.00001833350139 1.0000200002000015 1.0000216669013906 1.0000233336055577 1.0000250003125026 1.0000266670222253 1.000028333734726 1.0000300004500045 1.000031667168061 1.0000333338888951 1.0000350006125072 1.0000366673388972 1.000038334068065 1.0000400008000108 1.0000416675347343 1.000043334272236 1.0000450010125153 1.0000466677555726 1.0000483345014077
2 28 46.224076624376565 1.0438312179590399 0.967124945271437 0.967124945271437 0.9755003131287832 0.9808828532096973 0.986095689395314 0.9899247564715432 0.9947783491506971 0.9981655885373943 1.0000080369958182 1.0000096127818967 1.000012657223783 1.000015167347022 1.000018587243261 1.000019858459723 1.0000205650259406 1.00002214002149 1.0000258966162394 1.0000275095903537 1.0000322163147721 1.0000326950422156 1.000036174123813 1.0000377619353524 1.0000396038598807 1.0000410604876577 1.0002461270797203 1.0021869561872105 1.0022384162924207 1.0045387606842122 1.0107197740084626 1.0139180733894582 1.0438312179590399
3 42 45.75947113716713 1.0556715429151429 0.9586657081033979 0.9586657081033979 0.9643683427891446 0.9749469046485761 0.9781820263074278 0.982519859507228 0.9852835877531795 0.9872527915682197 0.9893562224850131 0.9921142287813131 0.9937609650690535 0.996608888220006 0.9985147773145351 0.9994805622957937 0.9997097786371298 1.0000179881775175 1.000030176092696 1.0000783328729514 1.0001373452451054 1.0003160095932488 1.0007102287373948 1.0014189462227412 1.0020487870951447 1.0022327487789606 1.0036366867082025 1.005726173411213 1.0073767051714106 1.0122579880343958 1.018860456656096 1.0202121724712454 1.0556715429151429
101 1414 12.934984757124308 1.4185352168098802 0.6203864860292809 0.6203864860292809 0.6603004719123479 0.7223342531992213 0.7433465501379788 0.7713176042324877 0.7827447077753745 0.8008717436274673 0.8169803165647093 0.8430933555433706 0.8571310494321939 0.8657111312852309 0.8785093316382998 0.900656167336837 0.905804453656739 0.921055253954896 0.9418362366490857 0.9511281942007372 0.9601721862562513 0.9720518482718113 0.9954452467998457 1.0171628576846308 1.0528461810784369 1.0615869516324015 1.0814179418637389 1.0916103247562683 1.119054956465697 1.1287730553582653 1.2067704108060966 1.3202189154608013 1.4185352168098802
201 2814 4.9575647708670685 1.6477541862908327 0.4324066030875649 0.4324066030875649 0.45165795539973796 0.5228344880502858 0.5387417965046172 0.5650402579993351 0.6162016916883549 0.6712623439594799 0.7144001897038762 0.7598502567837271 0.7993247156121633 0.810074619516959 0.8155820479280812 0.8290093033327351 0.8753710674409655 0.8929754235647377 0.9088099738492462 0.9562189163586832 0.966960179095378 0.9692655004094431 0.9966032976124137 1.0177399977437793 1.0415105219474843 1.0658035499600294 1.0926342993704983 1.1269485595190798 1.190470375968288 1.2735321168230718 1.311607170401167 1.4297026369446995 1.6477541862908327
301 4214 0.6785051079116543 1.7133892152890322 0.3036490946663557 0.3036490946663557 0.312770400942955 0.3497082005954464 0.3917942288354695 0.41788973359828685 0.4756677905448078 0.5641512055613926 0.6254066671720399 0.6606044641345706 0.7175756405890006 0.7226732289953655 0.7787744314718537 0.8193814400153957 0.8469267456961804 0.8779427050317636 0.9046107685509214 0.9405015809439878 0.9467358559073565 0.9737946534815266 0.9995237056144055 1.0216541635628862 1.0381705079031203 1.0703368248794707 1.1015174382866157 1.1841350118203917 1.2122134865590561 1.2910814326802136 1.4387673840786 1.5627256962230063 1.7133892152890322
401 5614 0.19824671440401545 1.8522436996980158 0.2110704764048094 0.2110704764048094 0.2263208227993889 0.24162785571385162 0.27405256940480005 0.29331579355672854 0.3497051864225808 0.42325444166346626 0.5331426770796605 0.6311586042886549 0.6707314026054683 0.7421664597795083 0.7516774085540028 0.7958658749089643 0.80132584530967 0.8516239609151081 0.884368009860445 0.9128376746045465 0.9233540376732374 0.9772450725928351 1.0170583935994897 1.0195608930660593 1.0950827690695841 1.124959750602014 1.1648054128586085 1.2599066684776663 1.3538244893290037 1.4468915361693842 1.4829349005345815 1.765355837617786 1.8522436996980158
501 7014 0.041091604351647215 2.246851271505146 0.14104986170266712 0.14104986170266712 0.16138758741285802 0.17199260877682715 0.19365364817654537 0.20577540257899218 0.25664355251418314 0.2923778241895296 0.44697222101365586 0.6397812403767491 0.6739750333117219 0.7028311387755045 0.7278069677539972 0.7734432558898054 0.8024272582121523 0.8367142718674787 0.8974685885071428 0.9186908193268485 0.9565461387712135 0.9773816401186569 1.0094093547687255 1.0482408062229218 1.0847169773442047 1.1171599425124001 1.197844825910885 1.2376998656052975 1.4251254367661301 1.457548934441672 1.5298630273953164 1.9104663021115798 2.246851271505146
601 8414 0.02866306493488693 4.046888455052597 0.10554484389801808 0.10554484389801808 0.11750218827614319 0.12918304734314892 0.14312492819650863 0.15941032210295167 0.17818446487770245 0.21057006135200176 0.3630753848753242 0.5709473468303896 0.6515826279412333 0.6796235703906427 0.7018815233791467 0.7379353468493401 0.7844184295443792 0.8206365974752011 0.8640629848555916 0.8866402335163647 0.9578995631524702 1.0029068638713954 1.038176851180709 1.0643211350472954 1.160183697607363 1.1746866469019615 1.2307300372418326 1.2709455261279041 1.4346508883000741 1.4556554826086485 1.5823957278279948 1.9361841454547086 4.046888455052597
701 9814 0.15664987572363684 16.07155271041193 0.0810473501259142 0.0810473501259142 0.08608988959989472 0.09745370028842311 0.10578664647780636 0.1130011960693478 0.13162443756178813 0.16520811129925514 0.28593591343916014 0.5489094462700157 0.6194147553089098 0.6465334799014516 0.6603687697854508 0.7145775737845276 0.8001945748983867 0.8164295327314977 0.8358526080601761 0.8703486933220439 0.9520537358209739 0.9837991860847641 1.0480397256520761 1.066780051374827 1.0983702354399463 1.171895659316112 1.1855645061894797 1.2948028138147036 1.409838680894842 1.5252132020443867 1.6638146926959299 1.7904300167394285 16.07155271041193
801 11214 0.1323472526201663 31.808208200049148 0.05936114341203431 0.05936114341203431 0.06592322920147416 0.07008390082249502 0.07645289730158522 0.08747098279869821 0.1008538355541836 0.11641610958185873 0.21693926021545204 0.5573097959917361 0.6003606242292552 0.6357812736745948 0.6664213478902814 0.7125857604201934 0.7714510782593813 0.8034623985320498 0.80776501407528 0.8726383250696735 0.8960979596061843 1.0147200490967327 1.0468430713249568 1.1552713308065177 1.1665186059312664 1.1864311087601367 1.2174344395353252 1.2830130663495516 1.4748372514042751 1.5120487578490092 1.6563236763415323 1.8962432334418888 31.808208200049148
901 12614 0.13276791353054357 56.459935506129405 0.0452193643025548 0.0452193643025548 0.050574528122709246 0.05098167086237511 0.05837092884498675 0.06789988017695349 0.07554192625763873 0.08721311083647333 0.17029786393001042 0.5462243502183425 0.5802189201074457 0.5918682268896936 0.6297387943121417 0.6970123436382095 0.768079492483366 0.7954952542732122 0.7970120544831059 0.8474436435226965 0.9030539211586399 0.9590999030699663 1.0321590346473204 1.1057611387017454 1.2107631360670956 1.2443742407340286 1.275334722228189 1.3548587375405603 1.4449598788701186 1.6237053117089357 1.689525112978515 1.9429184392130292 56.459935506129405
1001 14014 0.11077018028742373 71.56252513207423 0.03747294528747438 0.03747294528747438 0.04176571058006377 0.04354405692141004 0.04867055645153513 0.056772634175927573 0.06406413306168524 0.07071837966765027 0.14078100766766843 0.48532293465923687 0.5629878949499809 0.5665049069811338 0.6012225182520379 0.6868907644041289 0.7462572574499208 0.7655747690492978 0.7904740710726241 0.838014502386149 0.8676106148849404 0.9448576179049715 1.0262391286089714 1.1587029298646945 1.1816005217378094 1.2241351034359773 1.3080918699794868 1.3606381987903047 1.4325002434318688 1.678016187783508 1.699009798811166 1.9758324206641995 71.56252513207423
1101 15414 0.0722011608256206 55.14746797680322 0.030739286926132533 0.030739286926132533 0.035064218941988454 0.036806806411692816 0.03994597269457204 0.045266274801569036 0.053847104858168425 0.05826920070814332 0.0984670132923837 0.4415412069560724 0.5332236458572059 0.5572418191691451 0.6015195191596153 0.6519327468380179 0.7056739162650696 0.751761860350397 0.780196076528124 0.8242755893869635 0.8872854818132055 1.0103061525974206 1.0388486475213374 1.1143077731838096 1.1514798142372697 1.2370080010632591 1.2971739879259376 1.3452874078308128 1.449402239521154 1.6879309065340322 1.9599903623747317 2.451333279810281 55.14746797680322
1201 16814 0.17776637224021774 43.87547147399483 0.025326600680062403 0.025326600680062403 0.02740906258218035 0.02943120651912842 0.03243626259903403 0.038210074276298134 0.04314691547708549 0.04822959209108024 0.06588270309007072 0.4039027192638088 0.5022521532165289 0.525661577910115 0.606722653388872 0.6168649530055323 0.6820894175851477 0.706522901589132 0.7511963931077905 0.7899240127616693 0.9051104505656676 0.9613132875385002 1.0777782213463412 1.1099476708955056 1.2063827812462236 1.2308717898149366 1.2884619965778095 1.3600323911185332 1.4837915664780303 1.6975466651770788 1.9247671601552938 7.148242082229338 43.87547147399483
1301 18214 0.28335442822909884 37.05543462983768 0.019595678394343903 0.019595678394343903 0.021406240579179486 0.022497834316907984 0.02541226810461649 0.029799999589984784 0.03299346386709771 0.037224047794416605 0.04325356819158255 0.3691454358830848 0.4790104230771777 0.5127707242541027 0.5785894124153791 0.5997842233589493 0.6547242746312655 0.7027286969154513 0.7531545730042459 0.8193433798426372 0.9020779714061852 0.9467611075494576 1.0033957537681828 1.1216733226709779 1.1534584551334357 1.2065893577655005 1.3484243321559848 1.4065322034000385 1.6025904744051718 1.772938017490608 1.9157889012399236 21.12468895791129 37.05543462983768
1401 19614 0.2230376307484666 31.801956508005965 0.014568905036209421 0.014568905036209421 0.016097520125964836 0.01707609449789333 0.019676083103350585 0.021615030738564137 0.02345986685927292 0.028377003206564937 0.0294757014624472 0.3668385651655173 0.450871091077892 0.5002647434774836 0.5814181723439402 0.6199238921227194 0.648938798053168 0.7032605022921641 0.7700801415822849 0.797753563376596 0.9067480210434791 0.9600566492316317 1.0577418927887936 1.1700725857181138 1.2635806820915774 1.383983680174306 1.4322105035722357 1.4733904666795477 1.6769340798793635 1.85782117999741 2.8209449332937693 18.327125914180066 31.801956508005965
1501 21014 0.5062916669308143 26.08940389735584 0.010795564713113853 0.010795564713113853 0.011626027315202363 0.013108924401864867 0.014483601119968104 0.01576287704983699 0.01727001307436979 0.020793207222554563 0.022029746056395322 0.3479243779592481 0.4265407319414774 0.49604810536788685 0.5941897133812369 0.6227389824831278 0.6394628668689135 0.7145970415491003 0.7706658844611347 0.8739809880704981 0.9036398066451139 0.966514526871458 1.023910835276453 1.1777832373690045 1.2878156393556668 1.441654369355283 1.4929287833465419 1.649850225619294 1.8760430238822463 2.0275566725692795 6.954794131719062 15.541251473271348 26.08940389735584
1601 22414 0.06974859209623466 20.82051363694292 0.008608163341384237 0.008608163341384237 0.008715674204415855 0.009572011990003482 0.01102461526870754 0.012297384343276515 0.013235442460787984 0.015453304547613534 0.016566076649356404 0.35124166673045454 0.44178867139940653 0.5064464870248722 0.5966068733636968 0.6184935328482837 0.6546584771454623 0.6828902041961719 0.7376396365347466 0.823937968991621 0.8803598018648141 0.9219582422179764 1.0249633819276145 1.1732724127297582 1.292623916369522 1.3618136779364072 1.6611192771446002 1.6825809846123227 1.8819167531809269 2.1597439071788873 8.514724148881278 12.291662968670055 20.82051363694292
1701 23814 0.1650736037323552 13.275691204224897 0.0068805483148118235 0.0068805483148118235 0.007069891377659257 0.007861738489905215 0.009250663127950124 0.010475136873294663 0.011152646431360434 0.012977760951013956 0.014419112053100328 0.3388684616982931 0.42580880404375976 0.4846252610211512 0.5885832309632997 0.6042882813067225 0.6535861492699264 0.6915531104986573 0.7886368729251975 0.8265123960397948 0.9260949696063222 0.9607089358854419 1.052820776448308 1.2063520491751685 1.3388091867605276 1.6001744301942082 1.6727082524320427 1.7866862611067036 2.091734662311815 3.061368785991448 7.344938102219809 9.137041200992044 13.275691204224897
1801 25214 0.5575040766891961 12.673362106014087 0.0053100250939765335 0.0053100250939765335 0.005468732557476272 0.005940196558041449 0.0070078855217685365 0.007848653226473552 0.008645677475253475 0.009892954422214904 0.01039124553669872 0.31892465576117807 0.42815867572993904 0.488560200049716 0.561944738946843 0.6049432462566182 0.6212266085412155 0.7006102048200071 0.8210765610352131 0.8554246067997393 0.9289397839826389 0.991039706955099 1.0195069437248683 1.1644544710746922 1.3211177601572026 1.5945777954715086 1.8891329715127714 1.9135192769538283 2.0504346116430403 6.404290168832657 8.098116627883567 10.505970286482059 12.673362106014087
1901 26614 0.8348053060447441 11.49845466257516 0.0037326052126085228 0.0037326052126085228 0.004360289517236157 0.0043834423767215415 0.0052147702942535006 0.006043217484493799 0.006118437189225265 0.007384508457854977 0.00795904689570959 0.30938528459291315 0.40190132674721485 0.487254004888277 0.5606683001189333 0.5753940544837356 0.6184073884334342 0.7050612396007311 0.8144711868841571 0.880205270762273 0.9824044658014909 1.0086922522710464 1.1689720471998348 1.230520603715393 1.3152047186529816 1.7039818920666503 1.935337865682023 2.119953439182044 3.512275992457386 6.460933620932284 7.682221121529592 11.193247226829026 11.49845466257516
2001 28014 0.23375215516696662 11.497815926484732 0.0029080247873490253 0.0029080247873490253 0.00334022166878335 0.003410631536113408 0.004057370963153881 0.0043287750676463295 0.004596794771177418 0.0056686331315283466 0.006021586412264378 0.3052724709367173 0.37920783448045214 0.4793931973474127 0.5410493923660775 0.5754661400104495 0.6335603625532215 0.6912722306544863 0.8157910059891971 0.894165554500629 0.9759631132217321 1.030023448952685 1.1595370570831824 1.3133324364443606 1.4835375860707114 1.7880710578831696 1.983006797490649 2.1114696857036708 3.7061639785774094 5.751088200207462 8.084939829520813 10.04272010417286 11.497815926484732
2101 29414 0.0500365978831346 7.507287763811809 0.0026084834849585837 0.0026084834849585837 0.003023746590124296 0.003092976074675877 0.0038607026424777383 0.004005790084371751 0.0045484630645849285 0.005339983224878023 0.005706377680491998 0.29900021156336204 0.35905325849351144 0.49173246896922834 0.5365206059429435 0.5906493978619471 0.6492077393922645 0.6787451361472084 0.8163936303403931 0.879303778607792 0.9786303358219075 1.0063941228301545 1.2023734074590657 1.345591390652615 1.4555728248425712 1.8153223258347586 2.0325543387438216 2.114468882887759 3.342809001025891 4.633316147186719 5.757185404044431 6.358819747311216 7.507287763811809
2201 30814 0.048892000061194034 6.67177760087179 0.002363368470288812 0.002363368470288812 0.002784962564471095 0.002843772672265746 0.003577814130023982 0.0038364533367380082 0.004166258489014066 0.004890903599739692 0.005313316249118716 0.2849437587176473 0.3563682114272471 0.46946512645657607 0.5659574580850163 0.5842604027468151 0.6344412371422553 0.678069164244467 0.7842143831347798 0.8699993303737997 0.9481565914044086 1.0959108710028889 1.2108500663621002 1.3309838743800535 1.5672961728904178 1.8388729257790035 1.979095219839032 2.6342495497214755 2.956277648285538 3.67386382375895 3.8101930983477033 4.510542858505711 6.67177760087179
2301 32214 0.07921999465875441 10.336706702028383 0.002234987451298324 0.002234987451298324 0.00238844104209532 0.0026291471599477222 0.0031633406570897196 0.0034043794415459802 0.003700468881001308 0.004324641766140832 0.00478702138121375 0.27287595624215255 0.364315321476886 0.45502440730387195 0.5529255352108079 0.5703635290707926 0.594647297429871 0.6783535343256534 0.7866341521240882 0.8728019605551954 0.9443765790155096 1.0752261407609 1.1754945609060319 1.351724015394696 1.4980554255145522 1.6654917217011138 1.8761667803241528 2.2925511678300707 2.5564111617307024 2.906875613006027 3.0965697877960183 3.717529888649256 10.336706702028383
2401 33614 0.06271399166325281 9.28021763659277 0.002033016002095865 0.002033016002095865 0.0021521751612016914 0.0023469947664321975 0.0026707277329745295 0.002986098645060365 0.003164403652199582 0.0038960637369689953 0.004271121205754384 0.30573589071533214 0.3839440674702342 0.45765918182468435 0.5240110030178045 0.5660103206496024 0.6479109452349513 0.7358084813746747 0.7944258248261937 0.8682231207959394 0.9667573800712524 0.9941248534132401 1.0224865610024196 1.1842487791204788 1.2721472904625035 1.5239983773426862 1.5389921367910873 1.907587807598322 2.1826444777073593 2.570202787043202 3.012706561243699 3.9130052808392413 9.28021763659277
2501 35014 0.06770590182692623 9.801288075815302 0.0017748344949527538 0.0017748344949527538 0.001914482340845826 0.0020234705794164895 0.00235398092305904 0.0025687400769493066 0.00269098711531933 0.003410504213721101 0.0037711055041914953 0.3057259268690278 0.39099630095528354 0.4830828926481649 0.5146919775904006 0.5460995751722142 0.6357653062147658 0.7348562691221614 0.8017591404897143 0.8052955572508458 0.8379392800372764 0.8837455805085482 0.9491166337750139 1.0182062260749227 1.0566033590500774 1.2947126148867687 1.4101578834598612 1.8865099986881355 2.2033214569227835 2.6732165700364314 2.944820475082412 4.437293911413063 9.801288075815302
2601 36414 0.0823066962526644 8.99070320750196 0.0014663637630791609 0.0014663637630791609 0.0016741940900974594 0.0018292499831713074 0.002016982933268541 0.0022593345208411337 0.0023459998555994065 0.0029429199036024077 0.0032487294008656216 0.28542022889699586 0.3845162957007775 0.47069532095525557 0.48279606907321 0.5878170828427928 0.6107170009666464 0.6662087508153105 0.6859962927043523 0.7164421199134816 0.7621985649294102 0.7950843843174569 0.851962384447991 0.9479692454074835 1.0526577275573707 1.130826280060694 1.2285174478982643 1.9559791681343899 2.305601579915586 2.749110793014304 3.8014292147093216 5.021457650054411 8.99070320750196
2701 37814 0.03425886234482259 8.159599219918983 0.0013222296723093263 0.0013222296723093263 0.001435233268832819 0.0015836464219518539 0.001716938970190806 0.0019530161961048586 0.002052673864668372 0.0024910335776009416 0.0028565268257976363 0.2875901524493855 0.37229322826028677 0.4470273147684089 0.47386612246228854 0.5051813882541945 0.5604900175812072 0.620308600944868 0.6486301706783051 0.67384587469872 0.6785077243533912 0.7448513931016166 0.7527413811677928 0.8561207192639666 0.9044393788355533 1.0734207071497561 1.417464876095216 1.776065385649256 2.0495614199028176 2.8552615354050586 3.568541874063857 5.9753562295061435 8.159599219918983
2801 39214 0.03254539017587 9.166803237713069 0.0011366916808521984 0.0011366916808521984 0.0012422294834217524 0.00138148993395268 0.0015241854250243295 0.0017424154821655009 0.0018208757497446986 0.0022391360298147996 0.002447135572333446 0.277233944962328 0.35933459029663134 0.409350335057053 0.43349496003693166 0.45075199295297175 0.49453177714457053 0.5191776102454789 0.5928215975034087 0.6066744157367338 0.617749898775715 0.6616187221215112 0.6829102968407469 0.7281698712636367 0.7677928651312909 0.9681450731744919 1.4415646707986178 1.787582320273183 2.3793771605896024 3.0289866243658796 4.801429299460663 6.252620226052431 9.166803237713069
2901 40614 0.009503736224108515 8.479998887449902 0.0009841871991548394 0.0009841871991548394 0.0011068709544960113 0.001220188363044744 0.001335115080333634 0.0014942924460143246 0.0015708199059773934 0.0019421295097241185 0.002048203538703969 0.329671658907713 0.34742463963184794 0.3810194120436305 0.39576864238591086 0.4082656234367319 0.43324008239389644 0.4856809287266933 0.5248486471396511 0.5383152160929842 0.5459791426612609 0.577092128086705 0.6277017164602472 0.6472196025564929 0.7705763369236259 1.217397398481291 1.3366698837829696 1.5644657379575695 2.269531451255112 2.7035538584827075 4.3603898597405255 5.913164656307053 8.479998887449902
3001 42014 0.08864269047952057 15.00041256767972 0.0008816165251687763 0.0008816165251687763 0.000960364136111459 0.0009989256335172902 0.0011622081996214449 0.0013269643814902987 0.0014171636667473168 0.0016985974207456317 0.001782819889805837 0.2958109141100601 0.3123514277010469 0.33326747285071173 0.3620287555957619 0.38123620314627005 0.38464018209555806 0.4271221103955823 0.45127684309521543 0.47929159084755396 0.4982815049521363 0.5235188305833601 0.5530338257021079 0.6074789443103988 0.7134619988867119 1.1974852995563703 1.555598006900468 1.9765064109501618 2.2762999305997957 3.961732292692792 4.284554796809201 7.125381117165585 15.00041256767972
3101 43414 0.02927955160718675 13.58598899523759 0.0007984086222628643 0.0007984086222628643 0.0008271006001747257 0.0008954175289226114 0.001025587812128834 0.0012006649129171273 0.0012692169304780803 0.0015458253131380038 0.001609829456857379 0.26823557482185895 0.28718764687749637 0.3151238424788209 0.3312546550277645 0.3493021714763054 0.3589212321177978 0.3894012488392679 0.39826203072000405 0.4391589132108964 0.443703815937453 0.4748668210312437 0.5165062664066283 0.5501456484129421 0.8297744144083228 1.169535306456322 1.6853992832393128 1.8294765629106338 2.1536334027444894 3.3836680205245195 4.381748310938298 6.825621553284437 13.58598899523759
3201 44814 0.03032612570495886 14.15766533696468 0.000716017368718085 0.000716017368718085 0.0007594979057735784 0.0007900584258885612 0.0008892922485822539 0.0010400843550584184 0.0011758857450420064 0.0013790731659626691 0.0014742378441599346 0.24218385213329385 0.25138626763609573 0.2789187283718309 0.30671274863569353 0.3109713491292978 0.33361548468857216 0.35157079089566756 0.3649184097002016 0.39763496951454097 0.40349744220874045 0.43063068296121715 0.48826457076103635 0.6120201515901905 0.8577763854721007 1.1667986569550455 1.6682804323867753 1.9335554203807137 1.979632153176627 2.6896294129467484 4.669217197179912 7.259324235721543 14.15766533696468
3301 46214 0.3618625257922289 13.245218339165863 0.0006546684817785064 0.0006546684817785064 0.0006643048163829974 0.0007168220081280447 0.0008091976205606146 0.000993646294863431 0.0010725588565836288 0.0012580870733510435 0.0013102892905703723 0.2264412483331221 0.23229442710179893 0.25393667553845145 0.2723443504466908 0.29430541794343024 0.31118006343346477 0.3242459661487924 0.33190164401033445 0.34294024018037966 0.3802539329384734 0.3973015925914706 0.44726805461621233 0.6733850755360501 0.9372599913506019 1.2250985054804704 1.6809797479135353 1.8281828681184145 2.284347123003079 3.125477743828866 5.28008169966782 6.892158734291285 13.245218339165863
3401 47614 0.023711810523576505 9.422011258401596 0.0006097912269760391 0.0006097912269760391 0.0006244222179520054 0.0006604411675409122 0.0007667342597456852 0.0008700509983007557 0.0010055659510030872 0.0011210401727330594 0.0012038363471072841 0.19992873040898942 0.20792476999828927 0.23241229426569537 0.25697724221798474 0.27330622249563086 0.2844766859724242 0.29836730672862327 0.3053111405333779 0.3305830494577064 0.35808302869993097 0.362992025185025 0.41441406264339387 0.6674583863505968 0.8654065830609482 1.205945786414576 1.5535105432100649 1.8055988643401641 2.0027747649368624 2.881539910031319 3.6234162617722205 4.999402810470965 9.422011258401596
3501 49014 0.0007263823404217029 7.305169841333441 0.0005549113033411459 0.0005549113033411459 0.0005722677845633841 0.0006108842645148906 0.0007014705920337011 0.0008089952569857355 0.0009208922161765542 0.0010646245531163857 0.0011066859251762221 0.18345748830907135 0.19056549565545436 0.2100798364881372 0.23422942913626207 0.24086823273188543 0.26082147874424816 0.2674314995018963 0.27270318867604904 0.2865077577129386 0.31968632994279356 0.3309149613870238 0.3942792648116972 0.6376840904136758 0.8060386887352284 1.1195061198248784 1.4227083204177624 1.6015835852418279 1.9009609491419786 2.30664625138942 2.7728003765407676 3.8890123469136406 7.305169841333441
3601 50414 0.002228027523290877 6.941873976387501 0.0005039477741264239 0.0005039477741264239 0.0005117445825614199 0.0005667322419893454 0.0006119734301103298 0.0007630531861535227 0.0008259995740486935 0.0009547229089250967 0.0010165456917480254 0.16579771852168346 0.17867551313521374 0.18788329686631092 0.20685020777520283 0.20757045204217098 0.23190762584228802 0.2443771098446587 0.25616881842566 0.2686083223007366 0.28419457158762146 0.3103321416774771 0.3867279550269099 0.6078331206804289 1.0603658723693745 1.276659129110896 1.3532486792297849 1.6865125654186746 1.8517084710209546 2.5539149721345846 2.8325580551212894 3.7211951860194485 6.941873976387501
3701 51814 0.01776964635199155 28.890610254405686 0.0004451071990221601 0.0004451071990221601 0.0004807999893762443 0.0005006073030009449 0.0005555615322661494 0.0006638187755751438 0.0007212859769517706 0.0008831350441602587 0.0009292370073245911 0.14951910564018067 0.16589353370356966 0.17124295847095228 0.1938511299136407 0.2013716569559176 0.21842829334506172 0.22530800981497912 0.24105596140090638 0.24372282561912537 0.2566867574647134 0.2831166947599404 0.3616982817459345 0.5410376767802231 0.9701141999771157 1.1871314983218264 1.2670346430982806 1.4643679459004928 1.6424983485519833 2.265954214715512 2.6363378810760683 3.698791500122279 28.890610254405686
3801 53214 0.005395015118606312 46.42303256130032 0.0004027714309626636 0.0004027714309626636 0.00044128298112215214 0.0004530319849748405 0.0004916081984713299 0.0006226670358136315 0.0006531770612247254 0.0008012817026638796 0.0008304960053788351 0.13668173526358476 0.14764787499115328 0.15661179237132294 0.1708104418496944 0.1845469633418267 0.19055386460072382 0.2012279171426983 0.21576498338341654 0.2185533004556797 0.23848542440254003 0.2558244822637038 0.31385680982940145 0.5133789665147723 0.9270843925983718 1.079214007083789 1.2300668380217505 1.299567298177524 1.4189467523991632 2.1483178482099854 2.1716598660600503 3.195803852533557 46.42303256130032
3901 54614 0.0002762357895007647 48.36859367730107 0.00035283411030337955 0.00035283411030337955 0.00040446914972225626 0.00042419138064670126 0.00043752998155987074 0.000537950743356001 0.0005724667549059793 0.0007410039346154298 0.0007573213853616288 0.12798756150533636 0.13308262117026926 0.14566844679791965 0.15399872924523367 0.15875366129686203 0.17293661240516997 0.18029709459637527 0.19153618928857394 0.2045812536386375 0.20976027507437875 0.2283683376158795 0.27746170462108316 0.4455631848653929 0.8235512002518869 0.9265521185565869 1.0470896972816037 1.216253171430105 1.281499497752849 1.8090121540611548 2.0932953435968047 2.7550889518504094 48.36859367730107
4001 56014 6.542439786120728e-06 44.89773875897368 0.00030678124046837964 0.00030678124046837964 0.00036290642648644173 0.00037282173739495235 0.0004055922598787509 0.0004975953522743524 0.0005185582026974738 0.0006399332487605427 0.0006631450357900967 0.11473520252080717 0.12584505030597073 0.12901844544993785 0.1333055895639249 0.14602101350585037 0.157920892649514 0.16355660939653313 0.16986964769077365 0.18390033247110385 0.19154636665779567 0.20527339429618793 0.2452856736155942 0.40768631008862205 0.7191113382343018 0.8274938190062727 0.8931495570011414 1.0729418614465076 1.08949646867432 1.5226543135384059 1.8478276638374609 2.4545176490422245 44.89773875897368
4101 57414 1.3077770997524992e-07 39.76439852245623 0.0002735686604757426 0.0002735686604757426 0.00032249984909239114 0.0003400554081138984 0.0003668866938138272 0.0004312879034975447 0.0004780027345910224 0.0005750039896998448 0.0006143190966808505 0.09918058801855537 0.10793893459249901 0.11309876982996624 0.11828606113036629 0.1272047610797948 0.13628079140793165 0.14978956055143108 0.1572961617214479 0.1695766478256344 0.1757120996685291 0.1851226999893028 0.2207373111080914 0.36777034085839466 0.6298086465781344 0.7013442300242594 0.7889609854247311 0.9305704063105211 0.9710920430379045 1.3860911094249033 1.648804128341302 2.1493807995606034 39.76439852245623
4102 57428 1.3115036139141453e-07 39.85047570553961 0.00027293807460362435 0.00027293807460362435 0.00032160539921972876 0.00033974823204230937 0.00036746507729878346 0.00043332031297075354 0.00047871056815892575 0.0005757630679760907 0.000613647567934402 0.09905631601040772 0.10723930817296345 0.11287879615707469 0.11843525794621741 0.12715306303518628 0.1365070284410177 0.1493307204955978 0.15662787114052537 0.17018781114704346 0.17560312300840178 0.18525761869127313 0.22104676186697939 0.3692362708360035 0.6291362272722973 0.7044412055859645 0.7877745343097784 0.9336759894543883 0.9670892701174234 1.3846614642573278 1.6474722812591167 2.148025984825655 39.85047570553961
