% # columns="iter, evals, sigma, 0, fitness, xbest" seed=38, Mon Jul  6 12:19:55 2020, <python>{}</python>
1 14 50 0 12930.144579682243 41.06925817094484 44.04873594021694 40.72400839207802 -51.48341362603765 -74.698932941532 -0.8164076298937069 -93.94331436532438 -39.70231030365563 9.617887853186483 70.00396739192304 -63.66073825172478 8.402303548885051 87.6932098416027 -17.69695373164263 -41.571316169049744 1.5729309680756038 -57.22681746907258 -54.85650682765814 17.856322012139632 75.29221031663067 3.868259405946344 56.98301154533696 -49.324770017746 -34.622184732410595 45.257206009780724 -6.802519493474045 40.0702797067593 -32.58890643519686 -31.701035969040664 11.421791779478529
2 28 50.0 0 13322.860653288619 31.526661237301532 58.42266980849577 98.6457784273458 34.21656172110259 -93.8650242113172 21.417127397608912 38.58329025493252 -85.80305185107694 -31.969115544647376 12.831257619522141 -14.830174594353036 -99.82704613894376 -37.13377955399708 -5.307873139127662 -4.611586015558849 15.306330652572965 -17.498737595405284 -25.52880795665064 -20.384518397842207 -26.159948924112292 60.39727393966791 -19.732251134529978 18.135968706805464 -26.192521435822478 19.790191731665917 44.6959000553355 45.49605221212968 -15.539819152640383 -9.90429903453348 -3.44613171812244
3 42 47.831672757538826 0 12062.397680877004 11.38045355486864 -10.85176968635234 94.31418527070969 33.62460686956389 -63.46982304200995 50.60164347399208 10.656934407033464 -27.57600144276592 -37.83174458937086 -58.53772318278801 -99.99646304216682 -65.51352470868599 12.278187474217422 -44.17469190069443 -23.994410258014014 -21.2962279966825 2.9752357443994946 88.02567720236328 -23.14613796952111 91.92068597236312 22.494256745245817 44.12488803886812 -57.70726932596805 -31.638991014712133 38.63595235749108 57.69485017220641 55.982283036881235 -72.97073439470444 49.99065519206288 4.7924792099659825
101 1414 0.0845981369832188 0 7847.711565233819 -17.469056780890575 -97.17042385427727 20.571792574641506 -35.234937900022175 -57.60479583192591 -79.62183685287023 25.89590627236912 -23.837541062533894 24.859926644162194 -89.04262680775234 19.86884593043501 -99.59378371792909 -82.71437341336258 -82.64296625758082 27.51325163817275 -53.609603720863966 6.54535186380984 10.183210994856013 -10.349032964469666 50.851691266207254 2.4770985707543627 -85.2453580345971 -50.382601304101236 -66.11065046637648 48.20821746708478 2.4819331982404687 76.32966825660301 24.738080305808296 72.65409503804041 34.63367083296998
201 2814 0.005321173586531175 0 7833.740537090885 -17.325642058175358 -97.06180191462555 20.697932130939165 -35.47603706746368 -57.22751015298272 -79.44693783034778 25.67377245086311 -24.23842047962474 24.954382874547232 -89.00375970634835 19.84874368511025 -99.66758756995932 -82.77044037048296 -82.50561275037963 27.768131431528886 -53.60061047871514 6.457768000740358 10.112071995683955 -10.52547627066358 50.78146144403331 2.386825745420496 -85.45780710121328 -50.44343920841877 -66.06479856599779 48.42795873619243 2.509225306647176 76.22770885572771 24.895609285535986 72.43909750918942 34.53634911525195
301 4214 0.011884326394655541 0 7827.819647995373 -17.292292957548174 -96.88433548347831 20.697276743192475 -35.548552804907814 -57.22883348897602 -79.38431436420059 25.60336507105921 -24.312558218641364 24.979160473751786 -89.02248009168349 19.73574129007883 -99.85331750574903 -82.80420469585921 -82.47866837938061 28.06617051191988 -53.551441093984685 6.43019639996608 10.155471979190896 -10.583364483085152 50.85695221693195 2.3571634402454977 -85.35076321984988 -50.389209399270136 -66.17947379999454 48.44303718520734 2.5209118663781744 76.35396244552254 24.886897433897445 72.60675542522416 34.57887698276812
401 5614 0.0037350854830169506 0 7825.071854464863 -17.295468344772583 -96.88009573430973 20.692481398830612 -35.56865518936929 -57.19434500743287 -79.4306119060774 25.620555541537133 -24.33381983759768 24.9733761229186 -89.03813989267684 19.80921936121631 -99.97977684693144 -82.80519563740867 -82.52515729450214 28.32669196325432 -53.522047856054705 6.434850577198604 10.203229034245155 -10.456056798061576 50.839309005043226 2.2932369674840594 -85.3262253521033 -50.36596494798435 -66.11692219406454 48.4323282214592 2.5211765662272136 76.40130069458283 24.831745827418377 72.63718504285202 34.58740707232484
501 7014 0.0024841737660736387 0 7824.523630744814 -17.295403163209397 -96.92420615061981 20.693887886869902 -35.5189176855481 -57.219618314043714 -79.44410842604059 25.634546984686633 -24.32999131056608 24.97611339298623 -89.01355860170277 19.81627253174665 -99.99918810475226 -82.82305798219686 -82.5040126814359 28.25962619042118 -53.579497571904206 6.471259501550899 10.206968471137762 -10.456669395854123 50.810300124754875 2.3539437698564067 -85.35270750186083 -50.374636944003996 -66.11259111726795 48.440090705609556 2.5352163166055335 76.36725386857361 24.852440519144803 72.62525704935071 34.58631382718029
601 8414 0.0015559320770353615 0 7824.294152372131 -17.297721038663894 -96.91270856524524 20.692143903428633 -35.51832238686606 -57.19777773832209 -79.43747180168616 25.648842923482004 -24.338473125173607 24.978065822059516 -89.01356731913167 19.832337695434482 -99.99997284387852 -82.83190489200356 -82.51021493261348 28.014680541559223 -53.57060731184001 6.457021457652025 10.217348988783622 -10.483188923863887 50.80396732616821 2.5340074800814247 -85.37251214209056 -50.383513557205326 -66.11854228126653 48.44349441725543 2.5295747442142393 76.38479257264112 24.856840350892355 72.64489982015044 34.58870113002244
701 9814 0.0002499902562484213 0 7824.266023335628 -17.30186513675404 -96.91933415831348 20.69232340267869 -35.52559178021942 -57.19031879755204 -79.44142004052661 25.641932539800937 -24.33650611959021 24.972681762605184 -89.01896594717107 19.818190216420398 -99.99996991389048 -82.8287813203408 -82.51957688233256 27.975806995285343 -53.569875947831605 6.453842531997518 10.214239705605982 -10.464397806550807 50.8088957397448 2.6080226087402423 -85.3611459241317 -50.38812829692688 -66.12180575987804 48.43929884368535 2.53329805719615 76.38081141133841 24.86080232216327 72.63623385421859 34.58959484711482
801 11214 0.0003473473558772122 0 7824.261523343034 -17.301139329067105 -96.91952488198716 20.691099869868626 -35.527313619263545 -57.19416185738439 -79.44514159713648 25.643152291395598 -24.340273725364305 24.97013460819295 -89.0199078050949 19.819043871382103 -99.99999772485835 -82.82843318783144 -82.52025031794165 27.97127160031555 -53.57040924690735 6.4579925383696235 10.214395113554778 -10.467561520389136 50.80990584823767 2.6377331666576107 -85.36145530713435 -50.388711136993884 -66.12133058197031 48.43777875428836 2.5308729779609336 76.38310172217429 24.862045868561708 72.6330729141118 34.59126304083971
901 12614 5.6971226306497346e-05 0 7824.259272811055 -17.30114296799514 -96.91979230269557 20.691046794315987 -35.52614423425933 -57.19537333632667 -79.4427314401032 25.642993691067975 -24.33958272306935 24.975622030618986 -89.01940184366975 19.819186890906796 -99.99999969515991 -82.82869294212003 -82.51686976504328 27.96995921758678 -53.57062424884877 6.457696414367572 10.214765715842866 -10.46976085028866 50.80768613627808 2.658760924798225 -85.36094221907176 -50.387747284135756 -66.12150385878645 48.438296761263956 2.531662498937697 76.38302020028513 24.860376530708148 72.63576708400704 34.59018910836341
1001 14014 1.7038657533330513e-05 0 7824.259128234421 -17.30150442523453 -96.92002821565487 20.691461688093625 -35.52518457762013 -57.1940327803747 -79.44214748852906 25.64374671433721 -24.339600776423637 24.976678322149116 -89.01861612384116 19.81914694523251 -99.999999940836 -82.82930430407093 -82.51660088255325 27.96807273514928 -53.57103835283794 6.4578403679912935 10.214698899663665 -10.469741560369394 50.80824592341528 2.661766727537198 -85.36121104742249 -50.38814260545202 -66.12162197459793 48.4387489466278 2.5317006849923285 76.38277568887149 24.861025480076083 72.63560709422825 34.58985535083719
1101 15414 1.730807141377895e-05 0 7824.2590650045695 -17.301550619948788 -96.91957709705501 20.691907194320574 -35.52524008038577 -57.19363035353754 -79.44220666275287 25.64386897809529 -24.339593891472617 24.976397072559912 -89.01840722190602 19.819664941225334 -99.99999999988243 -82.82947860044553 -82.51682690907712 27.968672519966425 -53.571537103740354 6.4577604338559995 10.214618722078322 -10.46915216743073 50.808283471340616 2.661961329748842 -85.36090616355905 -50.38799210199666 -66.12154178913269 48.43908147878195 2.532041131795031 76.38335439428234 24.860914723320914 72.63569287327032 34.58960265665674
1201 16814 5.226809106037931e-06 0 7824.25905113001 -17.30129053520897 -96.91912080973523 20.69209171831374 -35.525310912318616 -57.19350406893585 -79.44223724327497 25.643795667375414 -24.339618416538194 24.97625362542907 -89.01814104675083 19.81971050050733 -99.99999999979359 -82.82955050629187 -82.51684910494812 27.96893258667264 -53.57180077072075 6.4577618925355695 10.214670909080109 -10.469085617423996 50.808504392868635 2.6619607521147572 -85.36117809303566 -50.3877764021743 -66.12155547493207 48.4391933404425 2.5319764988992595 76.38351033449148 24.86080596622782 72.6354192549143 34.58960785269076
1301 18214 1.704509691657568e-06 0 7824.259049134562 -17.301281660765685 -96.9189796157245 20.692075229306223 -35.52530364471919 -57.19353540817613 -79.44223124943625 25.64382438339312 -24.33958995613244 24.976219397917312 -89.01821745777062 19.81966241140431 -99.99999999997235 -82.8295635135183 -82.5168422217136 27.968789970792177 -53.57174572880036 6.457669978963725 10.214705481073711 -10.469032879520789 50.80849300350702 2.662332904978183 -85.36123314410393 -50.38773476880164 -66.12146099269499 48.43914004924223 2.531953196709363 76.38343828878438 24.860820898173557 72.63538738629985 34.58963816241714
1401 19614 1.115924419875625e-06 0 7824.25904866151 -17.301270784676095 -96.91890802569534 20.692096589719764 -35.52528972470857 -57.19354392193 -79.4422148514623 25.64383120488708 -24.33957947196538 24.97626653078949 -89.0182358340769 19.819664192627844 -99.99999999998624 -82.8295747186735 -82.51684407051125 27.968658299270004 -53.57172896817083 6.457668650896263 10.214681617783206 -10.469014076406625 50.80850112121078 2.6624131237105577 -85.3612094553845 -50.3877408942142 -66.12139187554703 48.43917041806722 2.531943816529123 76.38343403807498 24.860799604523194 72.63538079679505 34.589628267755245
1501 21014 1.7417101476372185e-06 0 7824.259048318458 -17.301258613358808 -96.91883827439744 20.692069962649896 -35.525274625751884 -57.19359481214025 -79.44221790044672 25.643834742701006 -24.33958756446335 24.976269292604293 -89.01821918354901 19.819662232557494 -99.99999999991027 -82.82957430855593 -82.51683401313626 27.968601866892335 -53.571720485385235 6.457712770497843 10.21468140297827 -10.468984604526776 50.808490968376624 2.662395255750027 -85.36116255003276 -50.387738386730426 -66.12138999731462 48.43917989715099 2.531924202183743 76.38342340157367 24.860825169568955 72.63537920322324 34.58961891356734
1601 22414 5.906170522925043e-07 0 7824.259048226468 -17.301269012682248 -96.91881869326954 20.692081460912192 -35.52526695341443 -57.19359249001042 -79.44222293253844 25.64384811114723 -24.33959400706194 24.976269581967603 -89.01822315940521 19.819638324903515 -99.99999999997847 -82.82955434013383 -82.51682831075871 27.968607408753247 -53.571727288669436 6.457716075753373 10.214694991071813 -10.468996215987625 50.8084822906893 2.6623643017371803 -85.36115132493259 -50.38773416132821 -66.12140066345144 48.439183337783234 2.531916542189884 76.38344117365799 24.860869228422462 72.63539142627843 34.58960726489773
1701 23814 2.854999081778764e-07 0 7824.259048215447 -17.301272996721853 -96.91881800311158 20.69208317210138 -35.525268949080456 -57.193594348915155 -79.44221921267832 25.64385293161174 -24.33959406197764 24.97626540600571 -89.01822409100971 19.819638480803995 -99.99999999996822 -82.82955696491005 -82.51683426950135 27.968595883915363 -53.571716303281995 6.457717315008314 10.21469422108579 -10.468995955425637 50.8084692435683 2.6623803614209525 -85.36114780207802 -50.38773368180393 -66.12139997796143 48.43918047412204 2.53191042734672 76.38344073670933 24.86087728154803 72.63539184573911 34.58960600353321
1786 25004 2.4941616088997857e-10 0 7824.259048212755 -17.301274224862958 -96.9188166341619 20.692086588693783 -35.52527177682068 -57.19359111975237 -79.4422193475734 25.643854020587995 -24.339593796125815 24.97626543598414 -89.0182208646288 19.819638049543865 -99.99999999997642 -82.82956147400935 -82.51683255902542 27.968598053166524 -53.571714486436875 6.457716337999663 10.214694529919647 -10.46899662395424 50.80846639866266 2.6623780220635993 -85.36114524077608 -50.3877339650067 -66.12140525622942 48.43918281085429 2.531913820448475 76.38343955475916 24.860876809944784 72.63539075411525 34.589603298582965
