% # columns="iteration, evaluation, sigma, max axis length,  min axis length, all principle axes lengths  (sorted square roots of eigenvalues of C)", seed=764049, Thu Jul  2 11:15:16 2020
1 14 46.767787101078575 1.0000483345014077 1.0 1.0 1.0000016666680556 1.000003333338889 1.0000050000125 1.000006666688889 1.0000083333680556 1.00001000005 1.0000116667347225 1.0000133334222225 1.0000150001125006 1.0000166668055563 1.00001833350139 1.0000200002000015 1.0000216669013906 1.0000233336055577 1.0000250003125026 1.0000266670222253 1.000028333734726 1.0000300004500045 1.000031667168061 1.0000333338888951 1.0000350006125072 1.0000366673388972 1.000038334068065 1.0000400008000108 1.0000416675347343 1.000043334272236 1.0000450010125153 1.0000466677555726 1.0000483345014077
2 28 45.487395172044664 1.0275756877887652 0.9602349857385435 0.9602349857385435 0.9754088145251195 0.9837515140336072 0.9888098009574784 0.9929961117770174 0.9942900968738221 0.9985352160342407 1.0000057360051466 1.000008447753239 1.0000116069281262 1.0000133259829809 1.000014830386061 1.0000164278816082 1.0000182291181032 1.0000228931240778 1.0000263979974713 1.0000277724053002 1.000029855763833 1.0000318367280125 1.0000334906007429 1.0000375520876923 1.0000398563138753 1.000042054813403 1.0005608678291684 1.0021052190579876 1.0029270462615845 1.006823290905611 1.009029471258914 1.0204383797428664 1.0275756877887652
3 42 44.27555412499883 1.0412704396569816 0.9605697314159998 0.9605697314159998 0.96562399816662 0.9731040765931713 0.9775921757844597 0.981888816609852 0.9875256146879494 0.9887824959715904 0.9927442045991589 0.9950861090649514 0.9955192562503418 0.99683917238205 0.9975136728953327 0.9992449615224638 0.9996028683993889 1.0000191799913143 1.0000234501440002 1.0001105975506466 1.0002083335608833 1.0004273709477436 1.0006433151217082 1.0011709885825093 1.0017237688133511 1.002157550320898 1.005192600029497 1.0084286506505478 1.0094826541647677 1.012119416930949 1.020546486219105 1.0260516175447048 1.0412704396569816
101 1414 29.61399244032245 1.758142136464706 0.6199736273374218 0.6199736273374218 0.6501970390878926 0.6946096433919887 0.7215826865255024 0.7633346767434995 0.8029446570276576 0.8299347668007934 0.8325844340349449 0.8597099112506625 0.8808973069114169 0.9038368733372206 0.9129136309242473 0.9200243587444207 0.9254856096039016 0.9374849324506792 0.9446308432399857 0.9521085926368615 0.9601722705436997 0.9921553203593382 0.9944590840446152 1.004225539013973 1.024511409746827 1.0388136237532042 1.0658426730208308 1.1011882354109805 1.1321705608786425 1.1732595051862251 1.1969786748435698 1.3516374423020499 1.758142136464706
201 2814 15.013233734369438 1.795653297511355 0.36757188569213983 0.36757188569213983 0.439306131132424 0.4820537045934042 0.506825556860014 0.5562114292736738 0.7320695951817036 0.7639755508317781 0.7754965446619663 0.7884436585858259 0.8194545229394887 0.8261769265337826 0.8387378780576638 0.8533805913633604 0.8817991758914302 0.8986307552224293 0.9159649290511409 0.9625084244361685 0.9694330510437293 0.9950109428601199 1.0255395010473982 1.0383696641575717 1.0668380460664835 1.1115032048749411 1.1968646232259126 1.2219515464405248 1.2730794157569676 1.3651198249853866 1.3758831032376697 1.5138082585569896 1.795653297511355
301 4214 4.792655443746495 1.920297441882853 0.24001010625967745 0.24001010625967745 0.28172205630744585 0.3137764725906395 0.31948687905637074 0.3812565933701887 0.6964004222260041 0.715853071956945 0.719959127978182 0.7314083798477523 0.7654701728898865 0.799243485390372 0.8201268653895579 0.8298168502320122 0.8556441114170815 0.8871978336734703 0.924091053890025 0.9556611325213773 0.9759761541296805 0.9934094805866809 1.0290353327052022 1.088289251434544 1.1087568069456697 1.203726069078733 1.2259820444545 1.2816387286551267 1.3164911732277353 1.3769074324248904 1.520230122404286 1.786337350002471 1.920297441882853
401 5614 1.0610796904260125 2.0565180973925683 0.14985189694686252 0.14985189694686252 0.1698982945676253 0.1991730968842657 0.21878734682384007 0.2574065848854631 0.6437125516908008 0.6639491996899402 0.690638566474579 0.7082230150618674 0.7574186592773748 0.7668663322500449 0.8043312509884064 0.8334508344832446 0.8516986276118144 0.8552630857186941 0.9114112385589382 0.9207881168987057 0.9654510691324142 0.9916885385943321 1.0423447128948935 1.0803247282092643 1.1615359599532193 1.2054043544283126 1.2344045508686907 1.350475976299062 1.3866687669493099 1.4955724383153841 1.6220278842016664 2.005063557364392 2.0565180973925683
501 7014 0.43619767394721126 2.2771314003218373 0.09413996423885453 0.09413996423885453 0.11451339822535118 0.1346839855554474 0.14080907123681108 0.16723485196957788 0.6039348791740405 0.6483909140718186 0.6772889378540443 0.6978321860275627 0.7125810918483543 0.7387583077712099 0.7761073823440344 0.792791721403918 0.8060450840094291 0.869845449970488 0.9020164730000585 0.9225016736378399 0.9711311701854551 1.0301136110286842 1.0585511881509784 1.102559877846165 1.1682693092549559 1.2225335949956317 1.3776112571253427 1.4056294909769615 1.4739015871340047 1.5655444573200543 1.6937095172561818 2.158102513401029 2.2771314003218373
601 8414 0.11886380900737947 2.4470799942657733 0.0621379956615076 0.0621379956615076 0.07348308985521211 0.08700942155352644 0.09904343677453192 0.10839001991846259 0.5916679340893781 0.6303823629938582 0.6400795384372047 0.6491792416983111 0.7071250401465619 0.7319240795869926 0.7724915490183407 0.7951979645431747 0.8219029080836615 0.8666495124447021 0.9075561918386981 0.926395980802568 0.9635981928306825 1.0403614294518668 1.0545104852484186 1.0584122870947779 1.2151427758437146 1.2478037211467392 1.296435171983169 1.3741957893204468 1.5405396939898168 1.6669958877935172 1.8437797527204085 2.1594712110811676 2.4470799942657733
701 9814 0.21402042433583915 4.802467763786115 0.04249028147022424 0.04249028147022424 0.04639743423403623 0.05921995222996416 0.06421905832302327 0.07419680133458174 0.5588046649036694 0.5800071044350357 0.5824792301212391 0.6520508768267784 0.6896923974714942 0.7181886858344724 0.7442387663316953 0.776037317870048 0.7947138953199513 0.849900566917499 0.8758287761517699 0.8965599983316641 0.958754271537993 1.0355588624401935 1.075442147577645 1.1419890948296738 1.1885905103832524 1.2460614369985115 1.3681725623052683 1.4506993455428507 1.6237776488975222 1.6458915169461839 2.0903421898208903 2.3013318153272113 4.802467763786115
801 11214 0.4774753662796683 10.293194472494354 0.027444957210947724 0.027444957210947724 0.031933777723755566 0.038592857538590576 0.041051015300325316 0.047833485262853935 0.5122021673070694 0.554714064777948 0.5802547339283161 0.602816565564494 0.621607069839175 0.6968169940751193 0.7365441188427789 0.7401666561275713 0.7890603136643983 0.8502215310817848 0.8930411321038032 0.9217120917952638 0.9979692927527843 1.0163802878546855 1.0495075704471948 1.1368398586050468 1.2760544379490426 1.3338226640737965 1.39198833102867 1.5513781039103025 1.6361911854102784 1.742595754742804 2.1272859647039333 2.322026386968559 10.293194472494354
901 12614 0.5787468792278244 10.37318651792826 0.018868113499316365 0.018868113499316365 0.02027261424888944 0.026807276486390714 0.028125236603806582 0.03169229108553051 0.46500671380161035 0.5128074094608487 0.5323974482613104 0.5824677224935937 0.6222369146946602 0.657196190009194 0.6989008445724442 0.7794799382235661 0.7921107584129377 0.8281353693103148 0.8634064408798249 0.9332721556303525 0.9700456461620307 1.05592849721204 1.099774337757955 1.1523904131268223 1.3083030183141393 1.3830844886720994 1.4564820816298296 1.591805966880594 1.7464103253106527 2.0020366745533225 2.200974093575298 3.7440936830736287 10.37318651792826
1001 14014 0.9078161901622438 10.171814091103451 0.01209541714533 0.01209541714533 0.013868635973305333 0.017732241523350102 0.018713305294077224 0.021334675635757118 0.4470317623602302 0.48446511535485554 0.5056937025677672 0.560394949253493 0.5921632781876578 0.6210781633538104 0.6670513113669297 0.7172801432892463 0.8289052385989943 0.8716899218736709 0.8871579575622817 0.9296291352880361 0.95718570264146 1.009684564088616 1.1548230864576765 1.1560179646871105 1.291705173613881 1.4326479559114738 1.5039581938651938 1.6718669175013383 1.8409521817556362 2.035048719893342 2.4163204178059066 6.817947633157627 10.171814091103451
1101 15414 0.25503950683120274 9.30572582087042 0.00796027963005457 0.00796027963005457 0.008719759022521662 0.011361752241794133 0.012202498550214786 0.01441883833159387 0.42168885044541776 0.48500603493927236 0.5018170193409618 0.558319406005187 0.5671119192152128 0.5846951911425845 0.6603972025390463 0.7554649655316584 0.8090575710323952 0.8565471081421412 0.8752563256929302 0.9305294162512406 0.9679203481730047 0.9720922028284713 1.105919203326137 1.237579478181136 1.3280782643306763 1.451528557060155 1.5145187125186181 1.86768330884323 1.950993150558191 2.261015456557522 2.5461725616749433 6.47633043409137 9.30572582087042
1201 16814 0.39074523149713924 9.048292526572382 0.0052136965586393625 0.0052136965586393625 0.0059187566617578185 0.007427186023400406 0.008025493544058841 0.00946400999263099 0.3957522391817371 0.4645350753748262 0.528958005603748 0.5325139675131623 0.5764058422379713 0.6083025529945473 0.6898216865135687 0.7230306955404314 0.7780200068095103 0.8385218342509718 0.8780388208119088 0.9352989473218729 0.9850202536967847 1.0896167171617621 1.1468846009396334 1.2474971687786127 1.3354841302787885 1.4878241071787495 1.5309330906015035 1.9402565813558208 2.045826072440272 2.3838516408599304 4.102367286070665 5.955174612871559 9.048292526572382
1301 18214 0.21154043495799804 7.125699312198137 0.0036854696930481287 0.0036854696930481287 0.004164238638866879 0.005159658292343094 0.0056732391275199105 0.006432865377664665 0.3630129867937768 0.43393291471662643 0.514828740327298 0.5336790745521268 0.568270792847081 0.5974626715443724 0.6742205187747226 0.7493351799925181 0.803064658458045 0.8235501747655172 0.8637505531132349 0.8963326418015581 1.0079495628448478 1.1220556130350121 1.1546119509340915 1.2911386428529186 1.4199872740004487 1.4856471615041256 1.7064118089377371 1.9862739914079521 2.272445151488821 2.7552979681870142 4.013865621713056 4.883175905092836 7.125699312198137
1401 19614 0.2540301597053128 6.092999319149107 0.002490000710547996 0.002490000710547996 0.002992338143255727 0.003530989282192531 0.00384580085228794 0.004516951580079201 0.34847309027600903 0.4129932117948823 0.5134412740260743 0.5469866641071102 0.5715986054770472 0.6005215407875714 0.6558142590190116 0.7668325422359233 0.7795621561325093 0.8405745256939325 0.9363751724225757 0.9960646287328854 1.0265670985867588 1.1960215154501619 1.2421444550089065 1.371180759810652 1.4770775633726574 1.6627818991879804 1.7605112384494346 2.117274889190866 2.371100127167261 2.9375519182127574 3.589413911225986 4.254492313811909 6.092999319149107
1501 21014 0.2138505848471436 4.84569712677198 0.0017924344532103719 0.0017924344532103719 0.0021171347796234666 0.0025542812566365907 0.0027072809547050206 0.003376105873119265 0.3241905172937367 0.4288215969284104 0.4764490436102156 0.5359466779032712 0.6110868151620521 0.6268949238501625 0.640773248842225 0.7789157296223543 0.7894452008305108 0.839980603567909 0.9262830034508617 0.9636894294111636 1.0932234758374193 1.2049824213680564 1.2943171036547823 1.4339955605582555 1.492673162760811 1.5649192542016648 1.9968727273748585 2.027993570876897 2.491219123240448 2.8193576715484214 3.3375037218990933 4.150222823918591 4.84569712677198
1601 22414 0.3136690650992322 5.407557534846537 0.0012298070763800068 0.0012298070763800068 0.0015486159645513922 0.0018758743772785784 0.001959302728168977 0.0024809297494488985 0.3064992938447881 0.44279165861398745 0.4559804673835211 0.5741315473200158 0.605091743468613 0.644344392804978 0.7403178851539632 0.7535338682592189 0.8017519776633482 0.8674285580402196 0.8952115470666223 1.0684900931300432 1.1201247359455213 1.1714452429133178 1.3474424945660117 1.425557627970593 1.4898112563543195 1.5972249402292225 1.8319406310494817 2.0405347271416603 2.3056503179442185 2.8162417406842124 3.032999504798625 3.588016109192721 5.407557534846537
1701 23814 0.1900373728581388 7.102135518681921 0.0009567161834762711 0.0009567161834762711 0.0011635274927960949 0.0013702691661868827 0.0014461013250065115 0.0017698893283796333 0.2869221885184959 0.4420160383209581 0.452536024130407 0.5701506247982504 0.6218541084167819 0.6580802480713362 0.7187088697815257 0.7467628175842662 0.7771973051601616 0.8433327453268519 0.9093129635855607 1.008002764218294 1.0689514275809089 1.1862437153781653 1.236624067004976 1.3785156034485668 1.4414535647670517 1.5974207396848243 1.6691716291982674 1.7339141952816268 2.1367604431333516 2.588151681909296 2.835169577735625 3.515247812205431 7.102135518681921
1801 25214 0.3195543796897275 6.192724653442932 0.0007769145743469528 0.0007769145743469528 0.0008894025551486109 0.001133216112191537 0.0011605251764811796 0.0014138726459679005 0.2763408976108743 0.4194400944253072 0.4479396092613488 0.5476540591534995 0.5964370692472081 0.6726674123928272 0.678125703146684 0.724582548376553 0.7830364203671535 0.7913584538256689 0.8878261611911192 0.8946365165252356 0.9783834353005932 1.0698575015359169 1.0995804425278686 1.254712405821829 1.3962861637129036 1.4559433295908104 1.5150906927906374 1.9410547916261816 2.168311435674197 2.5464752303601754 3.0871304905893346 4.749851595057145 6.192724653442932
1901 26614 0.24037856394288767 8.608690093496753 0.0006282870757465845 0.0006282870757465845 0.0006915193927174489 0.0009034198846087018 0.0009701698751618055 0.0011026024506061622 0.2686695557500627 0.4166145853523896 0.4459534752478963 0.5066997146225077 0.5552528934927217 0.6275333547685593 0.6510022910619598 0.6988164565203162 0.7344741032949076 0.7714275704279825 0.7957127962156308 0.9156365843448178 0.9391751066348243 0.9939392934829825 1.0471982536201931 1.1667617835125235 1.2653355820442558 1.4357068588513395 1.4654147730987244 1.771042194787083 2.086416290534992 2.284939371649283 2.9216993614787623 4.654600988028592 8.608690093496753
2001 28014 0.3133084075860207 7.34062732955268 0.0004963786233508872 0.0004963786233508872 0.0005594830445512717 0.0007572975885488831 0.0008083266691008882 0.0009293086542557143 0.2947284703020659 0.3856871473304973 0.47129706090374807 0.496943367453373 0.5352742679008665 0.6059442935240881 0.6171962063275863 0.6529132765827352 0.6773411047611481 0.7068382693941673 0.7535596328175906 0.8274591533014413 0.8787846818476882 0.9058820000658615 1.0397706839356877 1.1283024646711606 1.1929844203600257 1.398808505876988 1.597237880672933 1.7038310950504494 1.9692319442064667 2.486446983842568 3.125648164105987 4.263407540777744 7.34062732955268
2101 29414 0.14098783895345826 6.662508060086054 0.0004238356016315061 0.0004238356016315061 0.00046619897768764257 0.0006274134289385728 0.0006518134120127351 0.0008106407959981532 0.2941466989872633 0.3975077485761192 0.42084871987923744 0.46533807825480117 0.4971103360934811 0.5477736745050817 0.5744850451659316 0.5919193272314007 0.6289750310014651 0.6763097166654956 0.7565106587981115 0.7836107310632253 0.7919489402530197 0.8907276391548171 0.9945106390729085 1.085946667151093 1.1064776048181373 1.3072567216960982 1.5318278428495515 1.7251422360173603 2.0552179766120395 2.335711530805908 2.8148848413981433 4.078587539930424 6.662508060086054
2201 30814 0.06657912778129388 5.623207358091329 0.00037900902306779765 0.00037900902306779765 0.0004042850415477481 0.000548661034622236 0.0005730104767437255 0.0007627607542460906 0.27437570614258017 0.3713515809199999 0.3876782102471273 0.4459399504671818 0.45293459437359 0.5240926060303783 0.5467706674722179 0.5846101466157222 0.5962859801137907 0.6504722093716685 0.6903746049888333 0.7144899705360451 0.7522664084089752 0.8726320922253751 0.9850591103112379 1.0273046950587392 1.0868281781469242 1.258899681689255 1.4691444619417942 1.5911631466093992 1.9461301654928815 2.305611000795107 2.7940035438671558 3.738071250064818 5.623207358091329
2301 32214 0.03300898210930231 4.672223979792125 0.00033654754725961255 0.00033654754725961255 0.00036757340894642864 0.0004789898249626848 0.0005439317125407572 0.0007279067870953832 0.2392233544677857 0.3237859167284918 0.38023982161557085 0.42092730761474884 0.45138766915225886 0.477102106744391 0.5224582525317615 0.5371813808744158 0.5594540448851508 0.6120791135881832 0.6687521771517003 0.7288747492519979 0.7418507081067824 0.7767009769016383 0.8893028133153223 1.020982966821858 1.117218172533712 1.2713312801650007 1.4451028862879665 1.5438620702978627 1.680852490004264 2.217970218787072 2.9062837887969266 3.706024703463773 4.672223979792125
2401 33614 0.02055343485235884 4.2811269544676005 0.0003201352305040987 0.0003201352305040987 0.00036556758252662434 0.00048259489270954407 0.0005110160900441582 0.0006384045356574688 0.21521463753417483 0.25563872048623576 0.3441456492048628 0.38551037504724134 0.3978864482777378 0.44530734630616986 0.5008316366211067 0.5114799013780994 0.5320851447420613 0.5835013709835222 0.6305381631182754 0.6836644019680714 0.7021982025202366 0.7813432562083084 0.8439948224048711 1.0124720597131953 1.1146002167249054 1.2576621098937621 1.3925501460604166 1.5019847663439432 1.7893591855955038 2.1298902300747646 2.9976816726676323 3.7206590834827673 4.2811269544676005
2501 35014 0.010045788488830204 4.023620209926254 0.00029878240496766773 0.00029878240496766773 0.000359262560822689 0.00043274168364232775 0.0004924288734878724 0.0005845035229644271 0.1306319282656735 0.2166937194654959 0.3343430839586522 0.3744556067929344 0.3850052603791195 0.43509787447983383 0.4693044344138299 0.47284506128714254 0.5297414434406985 0.5649288708427423 0.6124683127227941 0.6180931886875329 0.7137573817728682 0.7774483484533716 0.8263911915201823 1.0114826866446092 1.1379590579871817 1.2012490663170334 1.3401422773069516 1.5559594269074457 1.781492189355799 2.214592777233716 2.8891986782930807 3.5740345076890754 4.023620209926254
2601 36414 0.005879814408246502 3.79244894182257 0.0002872290121263267 0.0002872290121263267 0.00033655307136215535 0.00040935588002659844 0.0004632768110549087 0.0005847746474808121 0.06232135680193029 0.20889238446139347 0.3045852393631468 0.3433148931064584 0.39808985956116383 0.40503319660935816 0.44354122392326295 0.49420525730019077 0.5171733499441612 0.5708079037115362 0.5840652598557806 0.6414990978056724 0.7298095542530455 0.7896909082725069 0.8277507145162598 1.030842749389247 1.14353799346455 1.1983076033298135 1.313754211153674 1.5259522746150835 1.6774089920868271 2.1646369702190777 2.8708384761919064 3.5399267523856643 3.79244894182257
2701 37814 0.002164740973737942 3.6297208216300683 0.0002813378508007457 0.0002813378508007457 0.0003090020150880863 0.00039489937662408976 0.00045230060241530735 0.0005597951240535516 0.029176663273666623 0.19550635169118735 0.2962332824013861 0.3216399229791619 0.36645524070740076 0.39416325230856314 0.41881464965889253 0.4704696252374669 0.5064563429584963 0.54045661200398 0.6070625028924234 0.6316920144079208 0.7305494487022255 0.7423451256211093 0.8841319785195496 0.966182513087041 1.0735982336759966 1.2236001025877525 1.2827385072361726 1.5702304708796904 1.6736166162737829 2.0330565405145262 3.0113696041284665 3.2474571819382323 3.6297208216300683
2801 39214 0.0023572038437298308 3.8661381013100793 0.0002571783516691039 0.0002571783516691039 0.00030836750941849825 0.00036783006129638353 0.00044119395355647503 0.0004942219672104891 0.01381357628212102 0.187789599572234 0.2820522978654345 0.3123314691655435 0.3555311041670566 0.3808734336752544 0.41811577203244393 0.4423361426330797 0.4764860153643533 0.5450253459781456 0.5929053722317014 0.6433505010519496 0.702974836196421 0.7746529882471976 0.9061469119666153 1.0253608463628443 1.0410036069482873 1.1988589113352353 1.359828181764738 1.5186406491399815 1.704780773024427 2.277308657781409 2.9260329275473915 3.2211089444173884 3.8661381013100793
2901 40614 0.0012649063411855949 3.989786128719872 0.00025443002256014385 0.00025443002256014385 0.00030749482813102877 0.00037800575148003683 0.0004170403324789839 0.0004707217483404306 0.006930084889268971 0.1795114171486879 0.269822143590932 0.2841439285147207 0.3417152247060571 0.36478019511391485 0.38540473828332683 0.4337118975034801 0.45356126014601916 0.5530665808222556 0.5720808482273528 0.6366786111956145 0.6970103327696334 0.7392156138731384 0.8879991164157862 1.050992249611678 1.0722315084259249 1.253838452136458 1.3705184006100826 1.4971533781626658 1.6197954732983078 2.220051562752868 2.706953585936257 2.9965381781290223 3.989786128719872
3001 42014 0.0006020601353400764 3.624017975323254 0.00024087710403141788 0.00024087710403141788 0.0002894247699316137 0.000346937245921617 0.0003945016437356157 0.00046048684885887785 0.0036497633046235103 0.16803596478325245 0.2548265816958338 0.2807325073865819 0.3278527465204866 0.35627564433594083 0.36932719363493743 0.4212470346533548 0.4687676534666765 0.5458908810132077 0.606220446104922 0.6275408310814814 0.681232432922145 0.7615278704353811 0.879862452027018 0.9921177217094597 1.040605785697931 1.2175160886229623 1.3268678679630126 1.4941140848553456 1.6178347838570728 2.222659077515927 2.4398561100390586 2.8551728916091186 3.624017975323254
3101 43414 0.0015176596111169296 3.8139631882982186 0.00022598883453737848 0.00022598883453737848 0.0002779694775573438 0.0003600325772156921 0.00037014677802406614 0.00040279668602757066 0.002144816789525929 0.16325149684795384 0.24129618036844105 0.2703119410614674 0.3084689216442643 0.32824722906026155 0.35059386578091395 0.42325159309202937 0.47096070223983827 0.5431580258246768 0.5849669189409183 0.5970419942068198 0.6644147192703282 0.7166082812040172 0.8915054643679013 0.9927012505671529 1.037668180152014 1.1551250627125267 1.456902749567399 1.4969961116482036 1.7714868350267938 2.1682917416603664 2.507108997586773 3.0400983520281986 3.8139631882982186
3201 44814 0.0018527459861869672 3.915292414348571 0.00022132744014885647 0.00022132744014885647 0.00026625852325687735 0.00033829311682104923 0.000360301320275538 0.00038524115219687867 0.0018176036049219642 0.152344924078463 0.220409940052292 0.26243690146103665 0.3011177433032655 0.3209833173769556 0.3352336622060577 0.3918591689816746 0.4929424542425019 0.5205387894943998 0.566260465795595 0.570058121468467 0.6145259883014137 0.7642844822795632 0.8242848225556711 0.9917824760521714 1.0409487951637657 1.158453919436496 1.215758247781399 1.5249156711094716 1.6095962071555692 2.01341684322675 2.311077396652949 3.720654653317209 3.915292414348571
3301 46214 0.0025270380234984698 4.796648883502402 0.00021544981451863688 0.00021544981451863688 0.0002503356921760081 0.00032848118801091607 0.0003494703653896065 0.0003619728338615643 0.0014926581127145489 0.1525220387982851 0.222787770510612 0.24272731097246425 0.28760485975073363 0.3040750934322769 0.34723791752857786 0.3860075086462023 0.46270374512046636 0.5183341651924598 0.566619467446999 0.5924422562177877 0.6303783682247631 0.72007411402917 0.7776682169378832 0.8428642852612654 1.014662150657524 1.0905623472677313 1.1591240110095724 1.4364729747071554 1.5981590269125467 1.8670340985583986 2.1798881665818475 3.423752628738 4.796648883502402
3401 47614 0.0054713473671173405 5.158795342235492 0.00020228229021774954 0.00020228229021774954 0.0002308242876744273 0.00032390527557514423 0.0003463710170768917 0.0003655260668255 0.0011612744381038862 0.14253893488714103 0.2232997227242066 0.26166771135662636 0.26825272073177353 0.2997181756136982 0.34948839803479476 0.3906669558912226 0.42142132062748483 0.46486681739844044 0.5207611608713071 0.5680733994291665 0.5822642601528346 0.7438302868226288 0.780563333519746 0.9571958286939604 1.0501939211602442 1.1062775638952815 1.1218078476906026 1.389399936433987 1.617525632924468 1.6588104560793024 1.9968650710939952 3.0834611955421503 5.158795342235492
3501 49014 0.014857131501033929 6.31657876632689 0.00019444106412166873 0.00019444106412166873 0.00021559983124586307 0.00031361009112468985 0.0003473831405594147 0.0003696788406409958 0.0010643898347659619 0.14264622512838615 0.23672006952825972 0.25576070351241603 0.2644224809971376 0.31569804814721475 0.3293215698988226 0.375966678148376 0.3908630874765813 0.4660575193066763 0.4870643575972808 0.5692017259279802 0.62400572138078 0.7122340021784714 0.7773035991998669 0.9024959185161087 0.9842046905567404 1.0408499711224135 1.1046823688832783 1.2586487358046334 1.4079533114018308 1.4314344471106817 1.7227315077899854 2.6423734823579883 6.31657876632689
3601 50414 0.053108396694294714 8.415257332002554 0.00018125232154912347 0.00018125232154912347 0.0002095360064224788 0.00029013150144093414 0.0003349193017228259 0.0003760048162532324 0.0010612748550084628 0.1454917245987335 0.2248208602922363 0.25816864664864736 0.2863387775485659 0.30495715057259865 0.3110853692465145 0.35905580175473945 0.41970370811019114 0.4551309146084532 0.4923981547834086 0.5670752434822073 0.592269094766662 0.6812667971614748 0.7516621682199116 0.7819046757116811 0.8721784018569376 0.9448963933330187 1.0642562608599746 1.0890434974417984 1.1778016978630113 1.247850927362748 1.50653917684325 2.1362768425173653 8.415257332002554
3701 51814 0.04527732286807136 7.903710765761455 0.0001842843817597855 0.0001842843817597855 0.0002026554161196244 0.0002568324907266797 0.0003170400883899519 0.000340197080199439 0.001133651612084352 0.1407564362288566 0.220465447566741 0.24359599340688814 0.27698769948708996 0.28961701104966436 0.3125469529633136 0.34666905547030374 0.3836950256192376 0.43055735654591387 0.4822091737836458 0.5173167380211264 0.5554888515111328 0.6458299641255464 0.6875811049623631 0.7393762076099665 0.7781235092155303 0.8779277756807299 0.896910593599282 0.9959598935748529 1.0354559886663117 1.2231753495997382 1.3275100201818764 1.7885709738720357 7.903710765761455
3801 53214 0.019726395412298092 7.802305383287235 0.00018169046249739144 0.00018169046249739144 0.0001932793445614462 0.00024395133710282532 0.0003076536151803506 0.00032275942283292416 0.0011272572376316917 0.1500714240176907 0.21285758620556497 0.2299054743390753 0.2571587713647182 0.2632873971160354 0.3097806850549282 0.3477384569113016 0.3841703337930983 0.3941285246107627 0.4410337606891611 0.4710995885648893 0.5204303955455541 0.6062445943927393 0.628962656728212 0.6674995610988195 0.747047165827343 0.7781253179924644 0.8047971041151903 0.8606789914528648 0.9599429033468975 1.1426459389207908 1.278429864164692 1.7280810218024674 7.802305383287235
3901 54614 0.007944570230802878 9.09387290635099 0.00017807288179357212 0.00017807288179357212 0.0001843841038654368 0.00023762955710158245 0.0002814361482724234 0.0003048506582367527 0.0010675459959517907 0.14591730972029607 0.1976372130585711 0.21767467574854255 0.23923576276124242 0.25584978254848245 0.2650441644784257 0.3002313834366717 0.3380408965801393 0.37618521383884085 0.43473960568073533 0.4467206356566985 0.4983607761664801 0.5473801580942831 0.6081899140086965 0.6415776897588311 0.6955407785506847 0.7129405285012776 0.7369295047507171 0.8156650815141152 0.9022916756969557 1.18346111155221 1.214666230289279 1.7366646534489603 9.09387290635099
4001 56014 0.017698023033595904 10.139530987145813 0.00016575708354547793 0.00016575708354547793 0.00018412959199817086 0.0002531264933789503 0.0002796825473509112 0.0002947424778999414 0.0009623590748923381 0.13885783161037832 0.1596200390909628 0.18724887973066223 0.19849624950565573 0.2291852297405962 0.2395870423149241 0.2949634352578748 0.33638818924866404 0.38139971811817464 0.4092371658579452 0.4381654383353034 0.4833772612557741 0.5349452249618166 0.5928617950393119 0.6130653342644882 0.6513595505856642 0.7281450403538995 0.7694174886135771 0.7770991404812019 0.8914742593758024 1.091190358459697 1.2142930902028914 2.13826716427404 10.139530987145813
4101 57414 0.0173147178461901 11.621770977722667 0.0001673920686211134 0.0001673920686211134 0.00020381190562397984 0.00023336803650384654 0.00027135881169957607 0.00028244829183626243 0.000912197095201748 0.11039492343520468 0.15927132833910101 0.18094791162095125 0.18741215043720802 0.21546145732863115 0.2390358204959385 0.2702147676476512 0.3335899646168506 0.3644362593934605 0.36995985598920667 0.4066462394967703 0.4709124799098018 0.49880169149541526 0.5097070379079188 0.5793148664369694 0.5967740555023866 0.6516663244908953 0.6923291141660307 0.7524471796714467 0.7943682654749783 0.9878597871891597 1.108349558407377 2.1631657785017326 11.621770977722667
4201 58814 0.026374796347964313 12.642231535048916 0.0001552305414816056 0.0001552305414816056 0.0002029558591116597 0.00022839310272403608 0.0002590054025898049 0.0002850057630465571 0.0008560287609837736 0.09847035191385417 0.16485432863234828 0.17234987320623923 0.17902763982870923 0.21307505659218376 0.23504159552059467 0.26692544864938117 0.3102254821003027 0.3287930569485188 0.3612154388221701 0.37169522684744793 0.42603816460233274 0.4634233029410086 0.4940822505494872 0.5139055031457743 0.5770139734287026 0.6294037298604914 0.6422432031385559 0.7163956567549733 0.7753456288938002 0.9515977502201352 1.0089264225728338 2.062733205327385 12.642231535048916
4301 60214 0.023928652466839177 11.70947022444797 0.00014737919894759413 0.00014737919894759413 0.00019288653007130537 0.00020812025010633157 0.0002462136043202064 0.0002740998996762011 0.0008513862636879348 0.08963177699334415 0.1454470301979564 0.1565080229413763 0.17600910395130318 0.22157436812446532 0.2387445980619024 0.25253813359365546 0.2856221384102823 0.291789749869233 0.33278229474150645 0.3431240004798395 0.3893686340561627 0.4155486180327072 0.483217718025497 0.5208829090389447 0.5432843448862706 0.5609659526144123 0.6046854130950413 0.6627183198422527 0.7983101791396718 0.8998303108677698 1.051477761629583 1.8721711590941965 11.70947022444797
4401 61614 0.011426418843275008 10.96018400098257 0.0001383947021052721 0.0001383947021052721 0.00018239071100327735 0.00020231517967528849 0.00023326426066387626 0.00027833383142959576 0.000800032212276463 0.07123831163179516 0.12229294845010545 0.14832723933129469 0.1676412341312174 0.19400595247538135 0.23894195110918326 0.24966656134483795 0.25789478634192864 0.27605656942437423 0.29471857454427475 0.3331066028644396 0.35767707169552726 0.37261558044572063 0.44074388520786756 0.49524717905806986 0.5177619786356333 0.5468158068980923 0.6371115320426347 0.649681380184487 0.8211592904742827 0.8884253163124379 1.0468300222415228 1.86681749602473 10.96018400098257
4501 63014 0.013223615992065367 13.042190907248022 0.00012936740476898284 0.00012936740476898284 0.00017421713851684085 0.0001810410896394001 0.00023233625470398098 0.00027300414457806646 0.0007596166722704481 0.04711808014627335 0.10918029110335557 0.1496922847092446 0.15999104181011603 0.18535717001713822 0.22470603340184447 0.23568097278435796 0.2420377558242845 0.2792315882026646 0.2893521126808345 0.3290458852025488 0.3597177796978458 0.3754321518730776 0.4085140591100903 0.4919085445401249 0.4964364821726913 0.5469607889831161 0.6141323050094706 0.6302112518162858 0.7899445879027308 0.8848977638258684 1.0344655946149905 1.7816848408423545 13.042190907248022
4601 64414 0.01574575719435822 13.781073548916593 0.00011839495427601099 0.00011839495427601099 0.00016753857150762086 0.00018923274973395754 0.00022444146819384895 0.0002682711466909897 0.0006594639589625253 0.03345750137994151 0.0980561052388042 0.14178938888036194 0.15935414827913635 0.18899914837536597 0.21779892802930312 0.2334118008447626 0.24206451050226643 0.2691936459282024 0.2863412892443559 0.31798635126409064 0.34203629685912507 0.38584973143081536 0.4109583756880268 0.4387861773216609 0.47542844642139587 0.5089906756209568 0.5527735062679029 0.5814079029063343 0.8290117485260378 0.861567123098468 0.953660174726845 1.76720575551129 13.781073548916593
4701 65814 0.00604546459201088 13.006243845042205 0.00011023502227583686 0.00011023502227583686 0.00015030767882268943 0.00017804824512796685 0.00021336152970582298 0.00025513513055971005 0.0005297645507565508 0.025693419169402515 0.08941224911887068 0.13343060449198052 0.1551489383831075 0.19080415457793468 0.2074540339560111 0.21959440904510139 0.23777512620377358 0.2544635638003073 0.27293491005683973 0.31776863563355645 0.3522572778380591 0.3721261894167613 0.3815540143574883 0.40947882901024735 0.45277996232085704 0.49145609533160184 0.5254135635126674 0.5895542539720072 0.7682704731518355 0.8266417737912881 1.0068481038429364 1.6293244675380594 13.006243845042205
4801 67214 0.005288380476988006 14.8372092612694 0.00010360078546053403 0.00010360078546053403 0.00014813779424826233 0.00016853524476904492 0.00020369400632019223 0.00023621247385367697 0.00038616992277602693 0.021455278395766265 0.0861321716170748 0.1349243958069983 0.15267663082966335 0.17762441457881867 0.1903557988485414 0.2018457292278318 0.21987111042653723 0.2509727023884551 0.2718271482694082 0.30986669223268265 0.33939999036620655 0.3606795350101049 0.3708757603674718 0.3913687428597899 0.4481816336873228 0.48110439443665115 0.5345566706850486 0.6136684446193438 0.7658843352977128 0.8174392760129913 0.9803338170463723 1.5880926173470598 14.8372092612694
4901 68614 0.004060168972226709 15.751752415142516 0.00010018255680150787 0.00010018255680150787 0.0001378965962263874 0.00015553193208436 0.00019197590747549274 0.00022648514292533664 0.0002412242226433803 0.01824986559856538 0.07823023775472823 0.12596024062050978 0.15297813873660687 0.1814526238845547 0.18590808811365844 0.19108366460649107 0.21251846946304917 0.25332055370092393 0.2735973923312177 0.2891182050709363 0.340351298317325 0.3588589857315668 0.376755394486469 0.41082358820669845 0.4221745437691754 0.464778601993475 0.5296694070033603 0.5754854145690064 0.7199647362699358 0.8217313070831443 1.0013518556629166 1.5212418417156905 15.751752415142516
5001 70014 0.002760889601867979 15.728119702389884 9.439250209391342e-05 9.439250209391342e-05 0.00012905061406537485 0.00013729619808252114 0.00015766693355995725 0.00018310064312111003 0.00023282189031342972 0.017691602540159973 0.0789705360431915 0.11397591185939308 0.14576615227540915 0.1766634061036749 0.1780164403832176 0.19544187078116604 0.2261447927912678 0.23692775541120872 0.25578572266455046 0.27161299183481497 0.32583871924987146 0.34139583270580176 0.3529568740172694 0.4107033790172219 0.4282089179787442 0.48145219488270097 0.5259885851619277 0.5627856062855834 0.6774842902475882 0.8189006548890225 1.0594468962317571 1.46777994309536 15.728119702389884
5101 71414 0.0022030227985879247 15.66441675943455 7.139864947974505e-05 7.139864947974505e-05 8.465325777095377e-05 0.00013635151819483323 0.0001443154479071121 0.0001742814811154859 0.00021960656354701562 0.017315547821638026 0.07823083783465376 0.10737730384418437 0.1430019820695117 0.15287609849946 0.17256862027074338 0.18490297366316505 0.2160046046908879 0.2355082400963268 0.24862029431920996 0.25802222095638444 0.3185193833566142 0.325384705206557 0.3370659778065958 0.3974191304527877 0.4373848835102536 0.4808844379543617 0.50806852226953 0.5998374278807349 0.6743270532371788 0.7991853115188559 1.0889430174400017 1.4581906988812618 15.66441675943455
5201 72814 0.0024368140856834797 14.077295494386316 5.1062774404752035e-05 5.1062774404752035e-05 9.105397611668384e-05 0.00012204752141619533 0.0001405990242731428 0.00016395275854656484 0.00022087416389209364 0.017584266182483085 0.07280637423612757 0.10684770880370541 0.1422727623638167 0.15319892166785165 0.1672423533382312 0.17897940256244368 0.2001101568916748 0.22389532569302975 0.23303609011578058 0.2427492128931631 0.2845119528651424 0.31737318719709345 0.3482331197947557 0.3732561176318196 0.42571206270669937 0.48662929261699184 0.4977006067583206 0.6038610528535079 0.6178855252355898 0.7856628736894983 1.070704718992288 1.5368761860310465 14.077295494386316
5301 74214 0.0008198535030577817 12.05424847377857 3.2868314436666264e-05 3.2868314436666264e-05 8.256319043844445e-05 0.00011203644575997331 0.00013500336183277424 0.00015475626001927915 0.00020724559415916794 0.017257265890174654 0.06721637656724214 0.10219451044095836 0.13531752146243642 0.1423922980830824 0.1600657932465471 0.16674785625296312 0.19620903387085553 0.2219468900518658 0.22468586039213567 0.24157509658088958 0.2604400086344063 0.31665504078034334 0.34471727835793 0.36024193204701777 0.4325432345369144 0.47897991829493963 0.4931673312123288 0.5614255658653801 0.6150370968977998 0.784777516575685 1.021336465041341 1.4714186511796536 12.05424847377857
5401 75614 0.0005710302609996423 10.9610733847335 1.7823770515055167e-05 1.7823770515055167e-05 7.919664276850542e-05 0.00010790812185760444 0.00013453128167381583 0.00014569526448187278 0.000203875676736807 0.01791682253706477 0.06539420129311932 0.10155194995884102 0.1241992672846874 0.1350680118080214 0.14718590189989939 0.1590927214573998 0.18543204517325476 0.2121690434441235 0.2245876233878003 0.23922737699396837 0.2512899306707591 0.29915281432249746 0.32702595850522137 0.37662981815665114 0.4220664130509048 0.4546936024119753 0.5379435513321108 0.5543667984740752 0.6113313064579603 0.8440459154045274 1.0403915334638831 1.386092937006081 10.9610733847335
5501 77014 0.00029507106122646123 1.2036633932306826 0.8642509213815909 0.8642509213815909 0.9082930341170803 0.9206574060953735 0.9238451017986837 0.93614984137693 0.9412551074056843 0.9498246479192454 0.9514151456519458 0.9557145178399775 0.9622044766836574 0.9686302023200248 0.976186874809147 0.9780032240637387 0.9815665505536317 0.9846824315882057 0.9930365631986315 0.9943531411163712 0.9961381923899433 1.0032516773615616 1.0127302491329049 1.0152730390932072 1.0199365608886983 1.025014636455906 1.0301365073711595 1.0346311896504683 1.0400431370644359 1.0458030382042967 1.0706991268379973 1.1183527875504404 1.2036633932306826
5601 78414 0.0007026939354402376 1.6984743035315657 0.475992082419019 0.475992082419019 0.7292096681861172 0.7569564073854779 0.7739877332424006 0.7946228482074843 0.7972044664942848 0.8106948679213627 0.8412651645183897 0.8533783148129829 0.8622745234314756 0.8813645847296485 0.9022562258975548 0.9220561067718227 0.9333660136357175 0.9388012033265449 0.9532380769522274 0.9589054307659529 0.9880341636864429 0.9952946324388305 1.0186840202917617 1.034387715825812 1.067571299445569 1.0875151287501021 1.1366888896079341 1.1409954375651876 1.1840502051079373 1.2183208471051994 1.3263073256191933 1.4674960131810761 1.6984743035315657
5701 79814 0.0009629798775083625 1.9157286143195447 0.2969540417829631 0.2969540417829631 0.6355982341131658 0.6741664841636754 0.6885497209452387 0.6913709770958173 0.7216828320398062 0.7289278661942412 0.756332803166808 0.7932570096142155 0.8238527965624938 0.8331898127150562 0.8557399377577881 0.8676437135339424 0.9035802902736856 0.9112952575392701 0.9419834759876023 0.9554319333111929 0.9614141192559362 1.0245547540571354 1.0341367754053334 1.062449322248533 1.0845472891392833 1.155695333648785 1.1741521689642531 1.2001926932059213 1.240832237040095 1.3185955550821278 1.4258545234513187 1.4824849704307355 1.9157286143195447
5801 81214 0.0007985356910861284 1.9288225638309744 0.20322096868265005 0.20322096868265005 0.5672854808833875 0.5846694198089704 0.605050419334981 0.632839885631446 0.6459714079678144 0.6669801696089809 0.7284720339582342 0.7533004898093022 0.7800105473529247 0.7976072996210943 0.8202148349895024 0.8281879582812796 0.8534410242973278 0.8898426770612748 0.8932244716329465 0.9298908828685662 0.9690595600638314 0.9872234005230012 1.0010011259484604 1.0205915439036106 1.0707751500079479 1.122986368013299 1.188292412817678 1.2570861480360778 1.2762660407711424 1.4183697795477934 1.4836735352802337 1.522042038056595 1.9288225638309744
5901 82614 0.0013958562949815578 1.837400527560966 0.14234231672026626 0.14234231672026626 0.4609789841576994 0.5212804057273632 0.5371250025208476 0.5697983715719704 0.6296822273825841 0.6416340001308658 0.6878234758172791 0.6999934177120998 0.7204107664904595 0.7504756164502305 0.7639351526824837 0.8077737989109904 0.8121043336376225 0.839157835268733 0.8709174847265733 0.9246962500128584 0.9565972619359816 0.9877513811184342 1.0236050562803694 1.0471346567470126 1.081481453926828 1.1673259419581177 1.2251249907275275 1.3240752361947379 1.337656574424029 1.3964601247345474 1.6142497279469525 1.7203485528313807 1.837400527560966
6001 84014 0.0005830880103048423 1.968963171140055 0.10213024642770559 0.10213024642770559 0.4232783152581829 0.44821865463633065 0.4723343731391328 0.5257653865517733 0.5557578038935347 0.586610036122305 0.641114476353814 0.6578789668975275 0.6735854612414868 0.6778120987300429 0.7494660268001748 0.7636308059298466 0.7903026631418887 0.8284158348245351 0.8398873720199916 0.8788133907254596 0.9301683159266939 0.9536274711701627 1.0487132713548784 1.0791698693832776 1.1019415513952027 1.120584964413269 1.1896870528695203 1.2453912598790648 1.3306647906046023 1.4339017430923768 1.4982448328254105 1.7762332068107005 1.968963171140055
6101 85414 0.0004556991873306166 1.9694362374002097 0.07035771801732743 0.07035771801732743 0.3301831818183439 0.3965430582044417 0.43611630515776445 0.4742129595356225 0.5112377789737012 0.5364214382725139 0.6049327105660913 0.6261815251661021 0.6336984392569166 0.6624663093473154 0.6967593663161955 0.744008537033063 0.7591909323773435 0.823929161577855 0.846451738424883 0.8849180284903447 0.9258046183664178 0.9776013473779261 0.9981177730936294 1.0553530464435048 1.0838128307744999 1.1438976702437929 1.2172905371717282 1.2559481532075305 1.4165544334118505 1.5181407083480716 1.6020990231416008 1.8272905335546135 1.9694362374002097
6201 86814 0.0004654644170091251 2.3169768824214243 0.043355766051340616 0.043355766051340616 0.2594749578510607 0.3641191692726538 0.40677968505017736 0.43206162351761024 0.4794277080050715 0.5118392327070707 0.5415648740374693 0.5746445080499478 0.5991313337107992 0.6260199216230233 0.6691999276687935 0.688047468318172 0.7983664243739192 0.8266175637954145 0.8470271690268694 0.8659067037257203 0.8937194677673103 0.906793080573823 0.9897487395888223 1.0407306678794166 1.061178644293848 1.1827810301759198 1.2417224911737914 1.286684949389733 1.38547430750817 1.5266805475053602 1.6470394403693334 2.0093800681307794 2.3169768824214243
6301 88214 0.0006273319590091418 2.8300072899544584 0.02718197921618771 0.02718197921618771 0.23576933723191007 0.32682935763221554 0.3627443527835039 0.4111522226794495 0.43456902829215227 0.47742771000186623 0.5075587400062397 0.5663192041548638 0.5864283629329191 0.6000560982266727 0.644968421502417 0.6675063294660216 0.7028308658092607 0.7738286233817255 0.8039032861734688 0.821535807104466 0.839410824421086 0.9460387888345043 1.0055228549318884 1.0507491861877227 1.0717470544046568 1.1349959142020143 1.2338636237102265 1.2719856334590376 1.4290946439536136 1.536193898190208 1.6285464771134173 2.2466448845433806 2.8300072899544584
6401 89614 0.0014563356596995652 3.056589508925366 0.021641245360594794 0.021641245360594794 0.22498698811531065 0.2804459791357619 0.3364048753421997 0.3720876130031008 0.3876470720673511 0.4257201869778774 0.507275783159748 0.5406183328803751 0.5456824385368073 0.5983605015870496 0.6194707082701212 0.6471561368532796 0.6918285735130927 0.7090670983529112 0.747805107921381 0.8092543526342704 0.8639731392358012 0.9130500346606661 0.99568725560167 1.0405443184866294 1.0888310728390898 1.2585415672770337 1.273029768095069 1.3155288028444327 1.4421719258805517 1.5680804096900787 1.5781741653875185 2.384082984331823 3.056589508925366
6501 91014 0.0007052000569371152 3.1342881749323697 0.01966682518179651 0.01966682518179651 0.18980834334007135 0.24826900290721068 0.28221944579604635 0.32203205872327306 0.38417470471843884 0.38491967221984674 0.4877400487965385 0.49304811788039593 0.5147954009379019 0.5593491954876832 0.5713922225909309 0.6282974568396563 0.6549010079945655 0.7007170745908256 0.7133290305044786 0.7623648040819886 0.8639128459015157 0.8948183437478786 0.9603939500551263 1.0116046362645286 1.034945108174059 1.1928153661796046 1.2243072167672866 1.300478741990212 1.3677933779644884 1.5931293438519665 1.6207545753580224 2.4580059135270855 3.1342881749323697
6601 92414 0.0008197761535728336 3.0828163933582315 0.015274316667344415 0.015274316667344415 0.172842186301216 0.21799383232189737 0.226058267988659 0.2709470751789136 0.3596278618789578 0.38931208537851214 0.44804766587155487 0.475742925193052 0.49507110332545273 0.5394633629286609 0.572070543842087 0.5812611321655271 0.624644012210948 0.6386767921350662 0.6831842065257779 0.7489143654467226 0.8382343324741648 0.9260403542205438 0.965933007405247 1.0431525098267989 1.0518333715169494 1.118890568264108 1.21405751939857 1.3088577315050591 1.3342704999850175 1.5237432447131578 1.845558942966478 2.636309162476707 3.0828163933582315
6701 93814 0.0006681114968486152 3.0930237912709706 0.011610946963377115 0.011610946963377115 0.15493806635028567 0.1903538759667936 0.1956733221673398 0.2570628323940096 0.3245843783412891 0.3779850338822544 0.43547423633360166 0.45987927280354757 0.48931131773374487 0.5353689524235635 0.5594376866289058 0.5688164805335548 0.5899431654509943 0.632644657890954 0.6506389363050943 0.7156758983760273 0.7656403126000193 0.8955906200158348 0.910957157045658 1.0059414126353903 1.0604860543804078 1.0790631252305738 1.2512855592778493 1.3047820698028116 1.4064664800077178 1.5594655786405651 1.8087400941971585 2.6155791109586914 3.0930237912709706
6801 95214 0.0005360233985765248 3.1522945276659957 0.00816435266644316 0.00816435266644316 0.1516064391514164 0.1557078441362112 0.17198061804683937 0.230807228973232 0.31200722771097483 0.36140490074680554 0.40913929966017404 0.455744604566267 0.4824403353363302 0.5056480331161276 0.5127551475527071 0.5510052573777982 0.5913035784304694 0.6347505938169943 0.6732297418420844 0.7016841653983611 0.7607079456637271 0.8686698312842025 0.9050872462990405 0.9311373407275508 0.999355307306126 1.139352385530768 1.2501750652355776 1.3707236580568443 1.3955449122008932 1.5849457524888164 1.7965849768816256 2.550842093685273 3.1522945276659957
6901 96614 0.0009301676098030791 4.624603923278991 0.006287154771298964 0.006287154771298964 0.1294868573875182 0.14778454565314883 0.15614784623466527 0.20890167624921405 0.2750131343924628 0.3580311390814285 0.3868690472655948 0.4201733164930107 0.4483619062414261 0.48369100407363225 0.5217296156939649 0.5292353938859505 0.5587268800028581 0.5759508327453897 0.6300832088619983 0.697245875096179 0.7453046514907081 0.8267920400937752 0.8570135209570479 0.9562241026003669 1.064285903955146 1.1483388582356335 1.1751656774502963 1.338836713058338 1.4289371914472992 1.4833379042300894 1.7684032119802948 2.398549747360281 4.624603923278991
7001 98014 0.0009924380944675367 5.0898188163570195 0.005445621605347441 0.005445621605347441 0.11438581534410018 0.13176410967999036 0.13512413632804857 0.17430407003175194 0.25038655914290026 0.33042002084290645 0.38552304516372893 0.4012189189973372 0.4578683812091312 0.47460218882360866 0.49088584682092123 0.5194033717860196 0.5420084359114486 0.5550544129106612 0.6075151431921202 0.6621848032211769 0.737542994956181 0.7850502407083397 0.8194417220349479 0.9681158099828047 1.0872371641284766 1.1216455467283208 1.1704077966554038 1.2844574992469202 1.3712893859845876 1.5070215992619327 1.8033514750419928 2.1853617895224318 5.0898188163570195
7101 99414 0.0008952780305619228 5.303236114727053 0.004346689449430711 0.004346689449430711 0.09903971195365771 0.1122153788374624 0.12173437583014728 0.15906699621298379 0.24369831568893263 0.3146507702904506 0.38275972532222213 0.39848585745813064 0.43007949217289715 0.4427098950044698 0.4641619569927923 0.509533654314368 0.5292253680671685 0.5366235299460144 0.5960911370788311 0.67646100098434 0.7300708766732718 0.7405670958753469 0.8502227114866195 0.9329076132906963 0.9992175663107226 1.0490920833524793 1.1544219830502263 1.2462897201938072 1.3340225745250198 1.4881417212791932 1.889696102459259 2.0624618423229375 5.303236114727053
7201 100814 0.0003760461673863652 4.884634415001285 0.0032429048188888005 0.0032429048188888005 0.07231590350812153 0.09976537327192375 0.11416868595341521 0.14852833634360713 0.23244753561733064 0.2781830654083164 0.35202364201030495 0.37896115360476973 0.4229962170130995 0.4369418327912214 0.47721727988435286 0.4909402645901608 0.5245325985751668 0.5396875584801079 0.6034309091379616 0.6975334627829698 0.7105066096826085 0.7243031380027647 0.8034100192155555 0.8609087107826622 0.9819542836296039 1.0341799299284316 1.2055152617690161 1.2307089375660925 1.3092029851778666 1.4680576695701675 1.7798168730681676 1.9913864860698358 4.884634415001285
7301 102214 0.00036330650436069745 5.152753675720218 0.002291687408076905 0.002291687408076905 0.06565509055032205 0.09415552035401657 0.10603846615098117 0.13002758613939128 0.21715437032058557 0.25842174261251005 0.34512527161651263 0.3573687271163053 0.4012147547495206 0.44024254890601644 0.4725092586253386 0.48059165736789905 0.5119167498589681 0.5311660073466222 0.5891919583101679 0.6556308321102559 0.6830169240331654 0.7292934062945343 0.7903221432584961 0.8429415215044708 0.9775281829289003 1.0116784490181325 1.161951620864416 1.2046964186242968 1.4046785903180385 1.4662887538360951 1.7810034791189255 1.976154220051742 5.152753675720218
7401 103614 0.0004885230389097854 7.699444882470196 0.0016280700071764744 0.0016280700071764744 0.05858052988216111 0.08460594936943756 0.09800462745220255 0.11960657961012389 0.19140038846529675 0.23522744911340174 0.3313033795911777 0.34035915401868366 0.38891819417108525 0.4087515387510678 0.45599205811847526 0.47860235355807434 0.48177734711786635 0.5197925880102603 0.5744895984854292 0.6073721697337394 0.6823109404093273 0.7038106866400946 0.7609951646724786 0.8319056722925682 0.8861791002112636 1.0126118599653329 1.1667535904522366 1.1905194452610623 1.4112377647654726 1.5508870106399153 1.7372778562534748 2.0777585315264355 7.699444882470196
7501 105014 0.001594643117448625 8.264753643863925 0.0014131605970641844 0.0014131605970641844 0.0568488219597424 0.07044449822054735 0.08972059334585596 0.10559875238897722 0.18314531781174345 0.22941513488699455 0.3059905126361737 0.3437861641176423 0.36492926039857665 0.4078074469813868 0.4257798356720597 0.4670759449191216 0.4969867935885244 0.5379035545514699 0.5741658888518543 0.599985534015108 0.6538145580616515 0.6865830006966368 0.7693224051040283 0.8161178851339518 0.9369606068923906 1.0584282521302844 1.0714072712410383 1.1864756369290335 1.391581990324453 1.4821410234949743 1.6658295638271956 1.776991778040754 8.264753643863925
7601 106414 0.0017532650343865229 7.720458636777407 0.0011870918759939483 0.0011870918759939483 0.054828465428244245 0.06336058422091145 0.07832118133154176 0.09109656902356221 0.16926794879993629 0.24462014709738697 0.3037360518095499 0.33310965217010374 0.3560321317414886 0.36724694402734515 0.3952249362722929 0.4325628816092185 0.49580793716077814 0.5192084718865698 0.5456943919999943 0.5620453455712552 0.5939221106769653 0.6416340984819913 0.743132438851417 0.8430987185253285 0.926970645698598 0.9807057975177488 1.0887552346740164 1.195088662926859 1.299560719605514 1.3962249155944317 1.6035800710069745 1.6740990850651827 7.720458636777407
7701 107814 0.002515485322518383 6.877580518656461 0.0010843558428621737 0.0010843558428621737 0.05116556862225881 0.05563528996381667 0.06771011945764241 0.08014204716370223 0.16186283812541313 0.23205124123995524 0.2942031590084017 0.33877172610847384 0.34435118822765676 0.40623029399009286 0.4255457027413274 0.4585725625599793 0.46537176031801586 0.5026089986748942 0.5172873881180676 0.5543658356698254 0.6178286635814886 0.6544735729375383 0.72051655156405 0.7687057506325332 0.8168465684058249 0.8561544540429938 1.0177498884598821 1.0645495050531313 1.2279891575912598 1.3584778202942112 1.4333540930498576 1.5604977236923128 6.877580518656461
7801 109214 0.0013109446570255094 6.5324843376446085 0.0010296085890698367 0.0010296085890698367 0.044412463876459425 0.05093454747567166 0.05542316033179975 0.0707218290226636 0.14849011082178296 0.21925426997474975 0.2742655810518412 0.30700543497917876 0.32326888768367895 0.38475838383153077 0.4021522079867567 0.4254777173329483 0.4403772732663289 0.4737312760129905 0.5099825453784049 0.5411232242572864 0.5852469131177195 0.6685726870485564 0.679121353866154 0.7591698319049627 0.7886190238133229 0.835687094609766 0.964820217852455 1.0578597887443808 1.1987357017843345 1.2855244372641499 1.50366900908733 1.6340657404315162 6.5324843376446085
7901 110614 0.0018495173451590055 7.142953000069236 0.000858965334733789 0.000858965334733789 0.04152475038127803 0.04391245842304027 0.05371258014331442 0.06284808737773755 0.13578879836399255 0.2004406885292651 0.26722954621460093 0.3015116616031485 0.3434596576767194 0.3655258647600726 0.3792043342371673 0.41406722822142783 0.4451923609914911 0.44659730378787643 0.4926214010537386 0.5085531215170618 0.6016679243239336 0.6452553991133715 0.659569739944607 0.7192518284114631 0.7737036588813077 0.8257824492306232 0.8953830319458064 0.9628594880585308 1.180471874073026 1.2084022896143571 1.4378221814462404 1.8614057939666184 7.142953000069236
8001 112014 0.0014703489996048056 8.106911563116608 0.0007484232605649784 0.0007484232605649784 0.03085693612372288 0.04098014612488097 0.048842117825411153 0.054829090385962315 0.12520338254634292 0.1997065151880949 0.2751806792294426 0.2917508266948523 0.3049035197027776 0.3381369041782802 0.35269668538441756 0.3785755401868965 0.41965541040134957 0.4357686097070865 0.4756205284026924 0.5181350007043457 0.5998838702144733 0.6242236877782233 0.659218582637384 0.6860928161456041 0.7512052678363766 0.7825031097704515 0.8738317685134432 0.9292006222480508 1.0718959675315953 1.1707614953971068 1.3226318724421366 1.8444462976550453 8.106911563116608
8101 113414 0.0006287832843789861 8.095580769663131 0.0006072435096179331 0.0006072435096179331 0.024178914833888274 0.03550152956232392 0.044365552329916715 0.05105946707501529 0.11209226563994133 0.18686211895878543 0.26768953637077897 0.2857204848537111 0.30905288083581023 0.3247414050450374 0.34834998412437657 0.3574124975092194 0.4059313872884555 0.4176861330146009 0.4505408456127323 0.509282783590698 0.5617196189534106 0.5990922173651395 0.6132918103542365 0.6721435001154349 0.7339666612088648 0.7652875438474102 0.9170259151294442 0.9308412981410638 1.063232273814681 1.1533432389720393 1.2440079965944286 1.8119209090107906 8.095580769663131
8201 114814 0.0005156789004200606 7.424622240443388 0.0004872033465959864 0.0004872033465959864 0.021261841341055417 0.035676201126681295 0.04412511525387286 0.04660500713385497 0.10683191816131342 0.16968230252887562 0.24402277707147083 0.277509982643322 0.29695335650491517 0.30785156563727595 0.3327583839362669 0.3480653556702852 0.399248534251857 0.4196667157165584 0.44218299380363135 0.499686951060619 0.5224470934536876 0.561156455538951 0.6321812010167507 0.6388045841272868 0.7088354074285884 0.8004627267020703 0.8838147558013106 0.906156406800158 1.0367683152257205 1.106609135104526 1.2370248910235442 1.9113868259559679 7.424622240443388
8301 116214 0.00028210001270774477 7.394318391802857 0.0004372118321478852 0.0004372118321478852 0.01938433444299876 0.034779488216481726 0.0404710654943069 0.04294909096772896 0.10412054671434375 0.16880827010901847 0.23585956640704414 0.25482148287933665 0.2748129595542438 0.30011261163075703 0.3246836819571198 0.3301806180324081 0.369607337650313 0.3855685856463036 0.41568140319364555 0.4563888053662663 0.47383121237175524 0.5584594538982626 0.6073531210986486 0.6425980685668214 0.6976877477433785 0.8262767584609512 0.8470231102844035 0.9350382248046485 0.9472794856762049 1.1814930518461058 1.2355822618600143 1.9244916522836677 7.394318391802857
8401 117614 0.0002495914212532111 7.0733691674237775 0.0003819948616862122 0.0003819948616862122 0.018343662778659956 0.03204087998226135 0.03833691207014227 0.03910370866567829 0.10325018600589604 0.17067169579487715 0.2338663597562457 0.24027064219338437 0.2630218739000006 0.2740208942636867 0.29799836699849197 0.3192456448162195 0.3475951407628485 0.3627624838636752 0.3838192564712898 0.4550317726573124 0.47753564175073154 0.5329232775512688 0.5724719494509883 0.6049770573961594 0.6916501716729072 0.8042482581198429 0.8784517235379186 0.9290949095849244 0.9579603482279119 1.1770949010043374 1.2562685463990957 2.0144317273249754 7.0733691674237775
8501 119014 0.0001949653272366279 6.9058429346006545 0.00034106279480564973 0.00034106279480564973 0.01826446840418671 0.028679012686588953 0.03556667987589699 0.03896390541300612 0.10084050351978605 0.1589254164670319 0.20837841848042826 0.2281484874430151 0.2342619483543655 0.25542291072618295 0.25764121839299436 0.32150766389823354 0.342503464836337 0.3440735528639095 0.36655123450214305 0.43810875505572155 0.4774333375065845 0.5194708600418277 0.5521747530075538 0.5866662390164397 0.6944644548930982 0.7902423429298454 0.8391568177126252 0.9502690592868328 0.9876580311929142 1.1509882942991205 1.3249883497701374 1.9424036476528095 6.9058429346006545
8601 120414 0.00026493038299508294 6.4696216752069295 0.00030758758928165674 0.00030758758928165674 0.017957413812055893 0.02671837681503871 0.03379042168102283 0.03628120002345483 0.09497213214849118 0.14851979011417288 0.20048936636060424 0.21212697985281395 0.22383040184888067 0.23307681577586448 0.27930061129367584 0.3016599415263475 0.30978167165194903 0.34156719141284336 0.3793994139895889 0.43520585656300453 0.4780174957764255 0.5102208818098132 0.5358736301209706 0.5920955085924601 0.7032830097646082 0.7385391914887749 0.807570175771048 0.8734470578480372 0.9582336274010756 1.1746489388985386 1.3753112139645864 2.0032752132586813 6.4696216752069295
8701 121814 0.0003093812011174934 6.141482508363515 0.0002826436660002592 0.0002826436660002592 0.01647691643863911 0.024886965789580637 0.03392759807738674 0.035087034347885286 0.09234696555260641 0.14097964022601692 0.19001006253748964 0.20387203861096004 0.21512976821437377 0.23322002544538015 0.27113065649821877 0.287246143769531 0.29823387118561884 0.32661758680464664 0.3860471443882847 0.4155361070324061 0.4625591022857343 0.5006810049892262 0.529872140343355 0.6092029448318035 0.7047462550123674 0.7680528652736747 0.7862914828620355 0.8762855777336902 0.8983412697736954 1.077928153581572 1.349406013156996 2.1114866764553324 6.141482508363515
8801 123214 0.00028751541999276313 6.387379923263174 0.00025345194818778336 0.00025345194818778336 0.01560709957661191 0.023461205989001446 0.031137476768618402 0.03548515344482038 0.09004799802376673 0.13204231106251596 0.17123948321051743 0.1973450310935407 0.20496349978132816 0.21777305270605235 0.257264407678399 0.27199053796812517 0.2906988710216845 0.32363320761011005 0.3810483654097942 0.41044922327286626 0.4374337350616041 0.48014261193178276 0.5175453580931143 0.5931674174370223 0.6901175206272399 0.765404236666888 0.7923704843908608 0.8499796665113607 0.8695138019563098 1.0403680236162969 1.4427127409306655 1.9528921193733733 6.387379923263174
8901 124614 0.00023088468870457015 6.197366228513332 0.00023120380321526896 0.00023120380321526896 0.014304590833062372 0.020601056396675792 0.028930202837859284 0.03308304204854989 0.08757668938017617 0.1285358181709966 0.15769601598962937 0.17924416610569113 0.20143533434735764 0.20550156447232334 0.25585824964914783 0.25716490338657044 0.2678430833410153 0.3203347345641772 0.38555182101916474 0.411018575803457 0.43861771712863257 0.46217363613923246 0.5072300615486972 0.5684282542274278 0.6711142395123982 0.7363530477207194 0.7972453091936543 0.8267936744851287 0.912658882942111 1.0233202019103464 1.4291019883971077 2.009995202310932 6.197366228513332
9001 126014 0.0004804564662385956 6.627517981116224 0.0002108756194532317 0.0002108756194532317 0.013162558804852998 0.019338872562125783 0.026258013363678535 0.0357057196413743 0.08669516285846005 0.12518132908762075 0.1614495259709228 0.16667712214730784 0.1815375177068157 0.1991158768498987 0.24338729624473435 0.2557051377339054 0.27002594157542015 0.30796447658449916 0.3554919195082138 0.39065993289805584 0.4032446690040688 0.4386916271860009 0.46362601669216064 0.6076329478821897 0.6493001325736389 0.698647725561069 0.7188121836623322 0.8647014028270729 0.9009229929270139 1.0838987314963047 1.4097257109980446 2.055363377112005 6.627517981116224
9101 127414 0.00031486151886682455 6.24552734035373 0.00018704618096751163 0.00018704618096751163 0.012461749723826415 0.017873800297115928 0.02346596536876095 0.032741472430883156 0.08237077728940659 0.12350469514406724 0.15636444149185116 0.16209847762195362 0.1675935616279781 0.184524675704472 0.22341909057757936 0.24094953863156876 0.266793297433139 0.28603241845357863 0.3432551148246981 0.38187678127168506 0.390223187810499 0.4281562937381082 0.48924061519178 0.594876830304157 0.6085145050178796 0.6882619225898837 0.7117455623463576 0.8568862469566016 0.9508896281850541 1.1300178162563326 1.4085205866505146 1.895721159457535 6.24552734035373
9201 128814 0.00015019327990299555 6.567565809649647 0.00016564071908128024 0.00016564071908128024 0.011761338327054309 0.016045033871002187 0.02069129995308929 0.030267898294390937 0.08278098513630511 0.11598631252559964 0.14703609785330427 0.14930413326199393 0.16089490344237337 0.19718525002202958 0.20787716629934563 0.2368273707153195 0.25598526157052715 0.27931858757164774 0.3199834501577998 0.3415228663880926 0.4038457495287025 0.42927826157853355 0.47852823689605595 0.5411264238183675 0.5722081010578723 0.6321262480385139 0.7337347840858157 0.8081152081942417 0.9462590559752713 1.0415972659524586 1.4066059593757028 1.9121392254768272 6.567565809649647
9301 130214 0.00021078682146446549 6.793222534200842 0.00015291340623156815 0.00015291340623156815 0.010482752918589694 0.01488575968322215 0.019823229834945916 0.02940836667065542 0.08214642004142313 0.1068494787913364 0.13664898441982667 0.14586954096298865 0.1483949386827706 0.18952043366532226 0.19943544131847868 0.21159309000589896 0.2544760448468677 0.2747325474461977 0.30484957113405453 0.3532390038404772 0.39164964559965804 0.3994295034256427 0.5059901559125686 0.5300769127808664 0.5783189217732788 0.6343838461346168 0.7409144261975014 0.8158178894901267 0.9903371372290386 1.0314318564775389 1.387581836522567 1.8544306033948494 6.793222534200842
9401 131614 0.0001553168372317766 6.7927489401443975 0.0001356476753666819 0.0001356476753666819 0.010309877899213395 0.014574073495655608 0.01828246296147091 0.026668993452851876 0.07671282767354168 0.10209032883799564 0.1318959106353141 0.14073447006660325 0.14802787125578692 0.17742656422877462 0.19585381312728703 0.1979735093306026 0.24962058725378264 0.2577710744050925 0.30111446013187065 0.3370126790354518 0.3591893593940624 0.3801428725541905 0.4996325081456027 0.5218066757159399 0.5330277144989782 0.6520615011696821 0.7646184188223081 0.8406124218919568 0.9708323604350246 1.025894044576937 1.3871959267917922 1.6808094340606916 6.7927489401443975
9501 133014 0.00011940951443125975 7.095846806108311 0.00012764498414945328 0.00012764498414945328 0.00955861114015129 0.014059036694766183 0.01765124531941531 0.02407046673669464 0.06846438034967145 0.096259089009721 0.11566964013687187 0.12649990900150465 0.14835510501391547 0.17147198196194047 0.18013228554683638 0.1906751788922086 0.2303418603544786 0.2440472384280838 0.2936857781499232 0.32435325496101025 0.3485808185763385 0.3792390969798571 0.4631356010263058 0.47270481661761155 0.5390536664744079 0.6368297326245655 0.7401824599918706 0.8786895793501995 0.9435878431105245 1.0534925160824709 1.3443450002229222 1.6840937721375637 7.095846806108311
9601 134414 0.00013657272121619658 6.990842132262546 0.00012353009321112624 0.00012353009321112624 0.010086558324673024 0.013386328804992197 0.01646611527080453 0.022449789527482823 0.06487807866931161 0.0878848871844078 0.11016120472345567 0.115873126026269 0.13176925386580604 0.16520864742164734 0.18015242810724513 0.18227989015733406 0.22048464711807825 0.2442998594479607 0.2890425539702461 0.3045801763188445 0.3324936682265047 0.35947370859340416 0.4498697035390658 0.4615527427607925 0.5376552119685434 0.5918530244447741 0.7490299531156469 0.8477976986350105 0.9912793305376163 1.0876287854678754 1.3994881357818818 1.7362543331436917 6.990842132262546
9701 135814 0.00014822905754710892 7.344291505345519 0.00011563791425615992 0.00011563791425615992 0.009035067045849473 0.012386016952245855 0.015807581438359246 0.021943439651315764 0.05924094571845367 0.08332869891914353 0.10133773643287376 0.10521103210871136 0.12732937406824046 0.15576345364983252 0.17255508745794593 0.18058442829608226 0.20902920286904758 0.22638681635107416 0.2713074706439563 0.2960495672031494 0.34028855852038015 0.3475505689158127 0.43133734392189677 0.47190644211600663 0.5277151563755886 0.6056961751388852 0.7573755542992369 0.9013456183424731 0.9443807497341314 1.0624847171934104 1.3964652237740482 1.7842927470356198 7.344291505345519
9801 137214 0.0002936801548018658 7.570078569289692 0.00011083659518811022 0.00011083659518811022 0.008130760820198481 0.011775149443467945 0.015021299482461885 0.02176002349618018 0.05473690040351856 0.07564329359642441 0.08937209705099886 0.10594797533976542 0.12006159579863909 0.16157035131779035 0.16999512252069376 0.18432155148794108 0.20482492272778355 0.22374540613021854 0.2472661925017715 0.302789935875659 0.34337221946975266 0.3633171942108051 0.4378456800698659 0.4774435682060015 0.48662716108073123 0.6910458848809357 0.769756687617835 0.8135212571747573 0.9607419812107614 1.0483084032161292 1.3715465634560626 1.6762302936209956 7.570078569289692
9901 138614 0.00031448658628745847 7.459427671390549 0.00010110518478824848 0.00010110518478824848 0.0075466868089266404 0.010912020687793364 0.013735392976255388 0.0213735297279346 0.050910949434648405 0.0695106234493968 0.08284456233661874 0.1068127959252742 0.12689019027524348 0.14754443369834896 0.16147996940088635 0.17871597349841511 0.19074505657061905 0.21485793346984758 0.2282267064596439 0.30136968682090576 0.32233636686821326 0.356607071012636 0.4405680211086081 0.4612385909609945 0.5216357091854741 0.7096880843851797 0.7511186809799584 0.8366924975827595 0.9728380317166473 1.039060319204832 1.35325605228409 1.8063444437252498 7.459427671390549
10001 140014 0.0003745126061477406 8.420728683981526 9.030905762648027e-05 9.030905762648027e-05 0.006703508068218222 0.010625807160587107 0.012311806635149134 0.020488493924933467 0.051463052184343626 0.06771039134190385 0.0806956476553913 0.10011232392819021 0.11644397103110776 0.14193099956413885 0.15056785154367774 0.1717572932995962 0.19070069387151356 0.21115795241613375 0.22286645031450875 0.29202576942584807 0.31751259707559143 0.3334720980670908 0.43731820182673836 0.45970392652171177 0.5286040677340348 0.6741494383896482 0.7481510723807272 0.8081983033149788 0.9665094715590469 1.0136740308533227 1.3810262735579861 1.8453089867832957 8.420728683981526
10101 141414 0.0001525753358647066 8.164117429153109 8.522219475008218e-05 8.522219475008218e-05 0.0061268419410256065 0.009257960490521223 0.011568725771414072 0.019078421926179624 0.0464131293148424 0.06559116787442089 0.07836524385254691 0.10116632003636798 0.10711153737944328 0.1312387837372331 0.14768586505847536 0.15894296897566657 0.1790397388137053 0.20764378849995538 0.21400511793645013 0.25278636773735264 0.29551562728315056 0.30413922778719826 0.4040397825367379 0.42532844061020075 0.5443842931406455 0.6857056039343398 0.734746310330608 0.789641819613952 0.9240815742285281 1.0761100741402723 1.2586833015455272 1.8482556026849526 8.164117429153109
10201 142814 9.456397038905172e-05 8.215693762030487 7.634856601727491e-05 7.634856601727491e-05 0.005776435364881851 0.008820600760688455 0.011153493762520388 0.018338485918069955 0.04299365703112384 0.05837878836164819 0.07507400325464546 0.09142962239281098 0.09710871017634404 0.11849789342371796 0.15502901073699413 0.1610990172897287 0.16937481625814468 0.20637985333599876 0.21298406307744733 0.26105347741907003 0.28456393445522327 0.3036727648438293 0.38424931498382675 0.4037402819556586 0.5303564500857412 0.693109505230223 0.7072633238821148 0.7785464863005281 0.9048644391909194 1.0743215290744463 1.2320150207236182 1.7526971470273518 8.215693762030487
10301 144214 7.80895820760802e-05 8.248140528526449 7.24014075659212e-05 7.24014075659212e-05 0.0056960323569321255 0.008338066970475545 0.01106483942608974 0.01750661056337951 0.039206818520025756 0.05382731614326712 0.07099862462309975 0.08174071168195897 0.09174782743762658 0.10579151625854391 0.1472625090397 0.15393413786177168 0.16146925465415551 0.19829838256176868 0.2068069787889892 0.2634090026352214 0.2749171193432979 0.2953814330676982 0.386029775564303 0.40085071914712334 0.52658853049044 0.6627933171027536 0.7506155440033884 0.7805424539552119 0.8792478943250435 1.0812167630982858 1.1493839038533618 1.6701590266632806 8.248140528526449
10401 145614 9.865057942932428e-05 8.56687937034149 6.648355031604285e-05 6.648355031604285e-05 0.005573949527581339 0.007920314683387454 0.011144652924363388 0.01669454217675765 0.03887257083601501 0.05019762659956301 0.06737322395411563 0.07659902313123033 0.09368334803179192 0.1030664838634568 0.13113819549736286 0.14267845258313827 0.15391493555123054 0.18503397163035698 0.19725400411191188 0.2616345603863645 0.28387741373285613 0.2928990401489653 0.36786792844710475 0.420263542181182 0.5073882663095821 0.6548993439263876 0.7174444154701196 0.7468510555565544 0.8543381837238615 1.035444832151358 1.1628206811292245 1.6472263896761303 8.56687937034149
10501 147014 0.00012372063041958878 8.504881790553837 6.20442912317064e-05 6.20442912317064e-05 0.005603956381750012 0.007243527765771935 0.01025963085810363 0.015733858289875766 0.03510316369276371 0.04526940006081528 0.061956603024776076 0.06923445873086939 0.08918526806531298 0.10446695172496381 0.12527447830619667 0.13214785231644605 0.14968075725439817 0.1766574748822644 0.1941630074064858 0.24311841411111204 0.28015615480940664 0.29440515055400895 0.3364727761436677 0.44165869182269424 0.49235764062336335 0.6350943498114976 0.6924167831731415 0.7509363309599122 0.8580894407374003 1.0563677368796638 1.2664837695119453 1.718603869210864 8.504881790553837
10601 148414 0.00011090443410842212 7.678011176257355 5.73480733421809e-05 5.73480733421809e-05 0.005188799040210551 0.0067151883892765316 0.010120750536964896 0.014653678886846178 0.03492740997044092 0.04309141961553769 0.058681408334565595 0.06746036780634518 0.08400851754774916 0.09682134171933356 0.12102887663019284 0.13906221382716233 0.15378484614138077 0.17746643377328092 0.18736934914521838 0.2324283109184682 0.2599515676052765 0.26722206489903705 0.3382832886346264 0.4223243768377921 0.4675330395809324 0.6337132636118379 0.6897904550224849 0.713773128482211 0.8692066254280566 1.038592649017034 1.292835706138862 1.730253682524297 7.678011176257355
10701 149814 4.867330933499293e-05 7.137757854433247 5.0022543448099825e-05 5.0022543448099825e-05 0.0048354413120484715 0.006304356906221356 0.009273071689357218 0.014081933805334049 0.03388365773692229 0.04248545255599399 0.05454244816985733 0.06275214295445908 0.08095324648142815 0.08832906558247976 0.11399322348535602 0.1349658082409997 0.14909670026880767 0.16716800004272742 0.1790642303530972 0.21975887180699308 0.24402380814352626 0.268258512586836 0.32425518027243394 0.38484393509765463 0.4798726578279395 0.6263390405053186 0.6609930960644621 0.7265221155758838 0.8411761313220911 1.0351533800906592 1.3191863111951923 1.6648184415180804 7.137757854433247
10801 151214 7.128320988958705e-05 6.617817831437128 5.2593299480404617e-05 5.2593299480404617e-05 0.004748809996618379 0.006222024639134044 0.009060187324160248 0.013697423509619723 0.03137722495179632 0.038899464525584064 0.04962237423636605 0.06002094773555867 0.07530970361452542 0.08720005306304392 0.11355259828771411 0.12231512517455545 0.1433697281131304 0.15895249382716164 0.19139744558838948 0.2213770567093072 0.24067392078076655 0.2628729728572214 0.3210820418269274 0.3507068261854639 0.48516054729299274 0.5973147995348694 0.6360143573941379 0.7249215903244859 0.8868453511406397 1.0189037907092175 1.3220961420190618 1.6669807616830659 6.617817831437128
10901 152614 6.114722420805611e-05 6.806641913978997 4.794530114624914e-05 4.794530114624914e-05 0.004565934976810569 0.006108758353875673 0.00828437024085552 0.013093698698244092 0.028624031692158314 0.036661867511643846 0.044328704769609005 0.05790988177024669 0.07360121790341802 0.08366987393145243 0.10363126340740028 0.1164320971867381 0.14320448163591146 0.15523877417215218 0.20049905947544513 0.20869455382098934 0.2388705010317371 0.25267413667900895 0.3010692220200798 0.33930079173046396 0.49844408985522826 0.5726621580172244 0.6447072746658049 0.7033020087222676 0.904726393555577 0.9817139780448035 1.3595735680724268 1.6401820924100194 6.806641913978997
11001 154014 0.00017828071589690345 6.895335355213202 4.249188822408103e-05 4.249188822408103e-05 0.004273691176915698 0.005703325646843402 0.007989823941959375 0.012468861981638263 0.029783054584941415 0.03656295623593587 0.04319348384236423 0.06828836702113192 0.06952434937215317 0.08620654207429844 0.09452059999014235 0.10836548128493749 0.1309972736261983 0.1426053991443902 0.1999582239017256 0.2112322778460195 0.2295597353897408 0.2382598322374248 0.2836719226368821 0.3330432623137146 0.5148327458510542 0.5731398810761236 0.6171485560764561 0.7853376403646225 0.8921428902998406 1.042662072514768 1.2934209905092342 1.601143199016654 6.895335355213202
11101 155414 0.00023279807858725011 6.546096331930694 4.1585750219556375e-05 4.1585750219556375e-05 0.004064860017298015 0.005030747544523889 0.00807739051844789 0.012383714354383296 0.026514329002577382 0.03729766322882014 0.040910213530766286 0.06303575448848726 0.06718373397262495 0.08362304631864073 0.08825004537990207 0.10568331139478557 0.1163544218044146 0.13919349068930154 0.19348541467212407 0.2036327787575355 0.22983751322744625 0.2337761364177182 0.27089246382287335 0.35294838045533306 0.49448584412279367 0.5610684370780417 0.5914122363904054 0.7929872700646883 0.898404089556511 1.0719107984085687 1.3968414755572418 1.6397133099135992 6.546096331930694
11201 156814 0.00019883863140693974 5.892187564106731 4.2441689460382804e-05 4.2441689460382804e-05 0.0036258895740347154 0.004418434340600794 0.007660559945816468 0.012095480072671812 0.024272967218940057 0.03426607475226618 0.038509581600558764 0.05860829897056291 0.06551051530237444 0.07833103856397768 0.08577748864266548 0.10508217499132498 0.1121696337711127 0.1289679350316422 0.18542078265449707 0.18653607785029086 0.22292981993627622 0.2386837205266766 0.2886217258139938 0.352405780300513 0.4545752856331475 0.5282077945207949 0.5846853830221281 0.7855162068642796 0.8500410906766934 1.099317358958485 1.36569448341069 1.735768914761954 5.892187564106731
11301 158214 8.106866531056931e-05 5.658380752850642 3.920243208823183e-05 3.920243208823183e-05 0.003361302866629673 0.003988862081794568 0.0068468264995604645 0.011580680541801294 0.022704844962951637 0.03370957549273274 0.03993573156566775 0.05880501756058362 0.06411204262454953 0.07356894436779597 0.08275100678937247 0.0975600742101592 0.1026427684244995 0.13011647113933297 0.17594250082681584 0.1902859774568543 0.22875968969765959 0.23933186777527854 0.27341239134149187 0.3181047390094604 0.41931840583661123 0.5141688458924821 0.533442443477255 0.7658583321858073 0.8172631214625095 1.0776382968930582 1.3978510686374004 1.6603235968354997 5.658380752850642
11401 159614 9.28014686812331e-05 5.8134766315770285 3.7928862596453406e-05 3.7928862596453406e-05 0.003141872562348496 0.004234448533017014 0.006403104194292422 0.011052468907570478 0.02176907729783188 0.031800333905073704 0.03717248406960078 0.05677198263158664 0.05869805675598635 0.07391928550693176 0.08091200813379844 0.09024457104845768 0.1007815455034646 0.12976359307573973 0.16941031532567438 0.19959645655756533 0.2059147853449339 0.22230953177358187 0.27251346645463487 0.297952197342407 0.4372989067327817 0.4876993625574188 0.5440352434289233 0.729605945209935 0.7706069776757664 1.0409700142748717 1.4373713628039917 1.590812011186711 5.8134766315770285
11501 161014 6.96762673060645e-05 5.997032330637389 3.766317786902124e-05 3.766317786902124e-05 0.0028284556644620827 0.004042653085995243 0.006093186724399929 0.010104485683042261 0.019683918998845164 0.030970440467433587 0.03459030899791154 0.05310728379572893 0.05492765447151076 0.07360740702328444 0.08073149085737957 0.08571713119065814 0.09937923279269391 0.12039934057697858 0.16509750172921578 0.1814110063766594 0.19850681621571623 0.23527487587645354 0.2581089341823789 0.30751516738837453 0.4246555508026517 0.4859091020554827 0.5065921814047267 0.6890159874790087 0.7845959700867672 0.9956012536175974 1.4149168696242822 1.5024640757874066 5.997032330637389
11601 162414 4.600166371999755e-05 6.052267815166159 3.528282634414771e-05 3.528282634414771e-05 0.0025750009336679984 0.0037616886161137317 0.006080679984897814 0.009806627224918223 0.018831536198715994 0.029443655465711892 0.032403408348896864 0.046904923462590016 0.04862399219552077 0.06957427649363286 0.07558027973946356 0.082753698257903 0.09067285836210505 0.11464260325952311 0.1622480353352794 0.16580029614965627 0.1914610311737438 0.23956415408596832 0.27770922541747717 0.32020292314160775 0.412563876142006 0.4572030547331538 0.4702174785453911 0.6687239536820997 0.7680828075968952 1.0414838522140084 1.3858638353473565 1.480258865555433 6.052267815166159
11640 162960 4.791707504170481e-05 5.858022097665351 3.5138857570151564e-05 3.5138857570151564e-05 0.0024827983303083545 0.0036224896979219798 0.0060955378381461955 0.009741247107544069 0.01810914516400975 0.029415610938135613 0.03222672478519565 0.04591092700857513 0.048429594609788254 0.06790533565373247 0.07241501062205298 0.078825773823988 0.0939183973688178 0.1216553503332089 0.15807723003989912 0.16219616961254268 0.18899804469495812 0.24540971546149687 0.26910315876591445 0.30663817654823206 0.4158928994736965 0.4547119432575021 0.46736272660526607 0.6381763367667311 0.7350080786002214 1.063119685854093 1.4288607470858616 1.4926877096618956 5.858022097665351
