% # columns="iter, evals, sigma, 0, fitness, xbest" seed=42, Mon Jul  6 00:58:19 2020, <python>{}</python>
1 14 46.8895311720959 0 3995066080.5932937 -44.9207335674179 24.59599956862374 -66.01188039026667 91.5733961585538 58.972399184081745 -23.458978095904826 -85.65758302609126 67.69440847176253 -5.727068623036797 61.891743967869814 -79.72271164050649 -29.969300579829465 0.2621902296613139 2.3490805844317215 -22.503798656471513 31.143275189522484 -53.38244498201564 -7.119175958192625 6.01496203174919 25.722756243988208 35.581929949008604 -56.23407274999674 -76.70852113099139 63.88629002243824 16.61636524029628 -37.42588620726569 77.56095967822547 5.783991988426209 58.96761096082799 3.3760872441121856
2 28 44.455574409044615 0 8319107826.226157 -70.70969931995937 67.37706027687108 51.2325420941863 70.42277201522924 35.71767173385582 6.279028143829617 -27.879906443089688 44.38686025156182 19.456520290936346 -41.162407807634295 4.12033389424041 -2.9045530709430727 13.845842750562866 -32.968833849643374 12.81813551936702 20.88596701370684 32.736367882734335 -34.98612586238906 -2.8586571694507086 88.82584016754473 -44.126992105853105 41.64901195630545 31.528318013490193 84.23140122012614 -31.175927245098396 6.909400666318444 84.60409557222016 28.953470600392656 -54.79325240036914 -47.917788901140796
3 42 42.82783980609725 0 6144622029.850712 -68.9690096840624 27.40656317720707 -12.356712151921997 99.6458774514481 -0.9251181660712771 81.71736765224117 -62.100786639194666 12.508900182695616 2.3294472501298076 82.5050902878501 -41.64524709680052 -34.470854237038445 -16.139698499286027 26.86544734646042 -30.248433796088747 92.2725329736377 13.189236598458326 -99.89784087291747 66.49520761336355 -36.057151419736115 -5.002886007326861 -19.599359322003004 -55.013476864850595 97.7531426616729 46.0816774323156 -21.487208800952136 -25.99058145843187 -26.648401921296518 10.750293106267138 -55.610715436000206
101 1414 25.2259280467066 0 567562790.429534 -39.505170225140795 -18.486571953482752 78.40152276437789 -21.958416784858997 97.64461883037963 -4.973500525343876 98.05961781704953 22.396438260428 -9.84562580023669 1.072520900426042 23.38511904153021 80.43990256270824 23.842383921222513 33.41980855212273 11.731739242623574 94.94697335175516 70.75540687880283 45.44253280132648 -78.24852244931148 -3.9729104500892802 -3.0989582510979687 43.17043008873678 87.14312733585834 76.19841477084918 -74.87106201064805 -39.93941292627993 98.30691016650562 -7.781771175793653 -8.09796107421974 -29.345159340206862
201 2814 16.893612133367004 0 126102423.25125428 -64.04742298368139 2.3631353167177735 -82.5917039478622 94.97799417962648 80.85253800674795 10.785136688465514 67.76559879672908 -4.239223586494404 -76.97484546184278 -50.930697568641705 -16.169845736973542 75.00358287012341 35.337771311466845 81.08812933807599 11.084023169266183 -87.30149555294676 -13.275279371488182 -1.7258672685687664 98.0069190800754 97.6487614704731 -44.76840489338173 -21.90450590006745 76.25936380499401 99.99686280209342 -99.44664837321852 -51.088778887190585 68.48586873012405 -1.0378655488218622 3.145700265431202 5.291649346560206
301 4214 8.354742182484243 0 20131099.28923717 -52.65105784954463 -4.344919960205857 -58.46404030206338 44.92096115471915 98.56942345867435 38.42926885652045 87.30858771121768 99.45815183359298 -25.065724900502687 -42.27647116556571 -90.32703857427533 86.88596563552396 24.947016467191307 92.32425808272089 6.302055282717856 -95.43907212286823 3.8337527733544334 -43.54929450634748 -6.884427517424342 65.55278467278121 -89.86126480706875 -86.36432237346926 78.36111749428989 88.84644684226234 -56.75717268912569 -41.250848720938805 70.02327077519965 -5.102300536537321 -30.532749376102174 -21.532311370122386
401 5614 2.1183528334154897 0 692505.168995547 -64.82021309320677 -0.8183485787970426 -30.137233246439706 51.46527592065078 58.762447354388364 1.6070962445249677 84.8927865011396 63.10148078250029 -19.568146561448486 -29.151252584343013 -41.541056691621804 96.24190174108574 31.81836292170987 66.24058332304023 6.808356362842764 -73.66475127230683 29.343827370185863 -36.18498518972582 -24.353661782039097 48.48130627053465 -93.19516851558406 -49.74608999730671 65.11027413677584 96.75981197479148 -29.021682005828218 -51.85982448986163 86.91388294372811 -5.2671039215677204 -32.750449244124695 -20.002564713612685
501 7014 0.46808061357680725 0 141518.2527310484 -63.91180046979132 -1.0812617994793357 -40.3091726802015 52.60081982020043 56.06286060754857 -5.104469969938236 84.19131875609321 73.7800714717713 -18.008229143986995 -43.0396355391718 -47.11066414314223 97.70363674599362 31.3818205067747 77.14299886854971 6.195282834166871 -77.12472715412744 18.194822880109598 -31.475241725040167 -18.77980680501699 52.47466174057744 -97.47510404978158 -60.523731174316055 70.70194635486763 96.22192086279209 -32.844364021985996 -51.28881688524448 92.26987624966722 -5.240363764408589 -28.177504379338643 -10.9853002280189
601 8414 0.1966124928713659 0 116401.5230476904 -63.71988896923021 -2.344008983548406 -43.546157666087026 50.23069674143821 57.10763660910417 -4.2284028445335196 85.70562013348683 70.6118485477873 -18.155016679373716 -42.34497766616764 -46.621541857081354 97.94176222151971 31.278254884639335 77.52538004550078 6.151085998368497 -76.69470011305141 17.65680352700474 -31.109838833482723 -16.863448363163315 54.37876785103847 -96.98557364994771 -62.350721728749505 68.05217029878284 96.10664367230277 -32.8694236285784 -51.00326480386862 92.49655062283335 -5.272033694292543 -28.367779890085416 -10.220929104712354
701 9814 0.6185741739204235 0 76946.64603054867 -61.160806022410576 -6.142143659298455 -61.355453456584115 29.963776184170797 52.9004625866441 -10.212397768473409 81.72393646291948 50.91904580054177 -8.85858843151479 -35.62722036145453 -37.52331859746005 99.98378405464766 29.310315083495674 58.83897158482134 5.83685097138897 -74.51284374536603 24.893957069970384 -30.794403737308844 -28.921645278739504 67.2156227282902 -98.54884580295455 -63.01563356559879 47.97143543716884 93.9387884938867 -23.637065037349615 -48.049629312471254 90.76490784511645 -5.732478400958672 -22.491911415819004 -5.888683506317534
801 11214 0.5438449333983238 0 36474.51222647054 -53.26031312004474 -13.643404014603476 -99.99895517345054 -21.44803730212604 41.922935430341774 -25.705978293956036 80.71697291778122 -2.8245222811435724 15.931534932838161 -16.710626966163233 -22.382533506211928 83.47417834447643 23.221422138615463 17.78895230693476 4.9897947322688525 -82.97102167610899 39.52668472805317 -31.41148278379864 -51.95552424752523 98.85188365532608 -97.30206110987193 -74.93217158024058 1.9672223488920113 87.24963244884626 5.559175993006297 -38.919044937631654 96.69569525383478 -7.046102852826192 -1.66389909657957 10.22485433141037
901 12614 0.8151492067853855 0 25706.888181478727 -43.783185602318795 -25.0216660196578 -66.22773897592926 -68.61722996243427 33.35172625856901 -32.961395474307636 77.64986010665672 -62.118993751887444 39.17495425895467 6.222033610160025 5.302588745488009 62.37826456755596 15.878935405442531 -13.988379651962276 3.893365021178945 -91.51428471085173 56.55367251252267 -28.05380259310438 -68.4959664657932 87.81472221166376 -93.57694122800288 -88.20394555144108 -37.72045943486386 79.19663009592915 27.072154031979295 -27.922410785191534 99.9571779332845 -8.663756767760333 6.8656762108270755 22.942818153589627
1001 14014 1.2104423726457507 0 13963.728649145256 -22.533683398208908 -47.128097374528295 -7.528307323718845 -83.19569928155488 27.345849694206823 -30.277733506017 83.76895031074827 -60.20976248697227 68.21745938419 38.26659874674445 33.74300542098885 27.71981609088573 -0.46123874283043104 -35.537397749345445 1.4858306995091524 -94.98630571716 87.05691948673308 -14.87587559035626 -80.20374375508246 68.60965739390241 -89.55257320303414 -94.76756492513283 -80.60653418140447 61.16643665117405 56.15954098161386 -3.3446057667167226 96.42707627319163 -12.308576000371247 9.583055365997751 40.677597972417146
1101 15414 0.7329979293215788 0 5256.902903479346 -8.544200650804713 -67.99474011936388 -8.384935430420832 -88.02431718608386 39.96635952751332 -23.07889508026838 99.71074308715284 -39.265344146027445 58.9479272068464 50.30543711323074 53.33841418895341 19.59860472953426 -11.253538204997215 4.362841593504044 -0.11011016381428516 -99.29136600861237 97.2156915258219 -9.698431351880462 -66.27236060303105 86.19095834593915 -92.46454384792574 -67.03555892245737 -61.08833249602642 49.327499724820825 50.58807250679576 12.804663143359003 80.71229200564144 -14.715583083272362 -9.672504667290724 39.18486470377729
1201 16814 0.5296109485012228 0 3119.3158385270694 6.776987612747389 -85.12563974242997 -16.04410329945278 -99.13404896991455 53.3463584239941 -8.679336739690228 87.55369772188956 -28.963898485262092 48.760765728972814 64.51980978372657 49.044993973918366 21.945416586447834 -23.068608221521117 33.812069413360376 -1.8237577252444517 -96.23783835453862 96.33201668788405 6.6953163155497855 -46.366946184587306 99.81574936004833 -99.55195918719203 -53.607641661892046 -41.33707389158555 36.330281735054115 41.69557896300829 30.535681387660564 81.86166474862597 -17.342432520719232 -26.775306482255587 33.51222754135961
1301 18214 0.28621061905846495 0 2717.0079949667165 6.099103154040793 -80.38777536244385 -10.051756298811013 -97.99739092485865 52.39468929906645 -2.959354172261982 85.75505173105913 -28.155098828341096 50.037477417797305 59.814888968557824 35.58237472073324 24.21663285265774 -22.53641230972336 26.67124017473381 -1.7510813885110181 -99.61782718361974 99.0173398206822 7.757644104501788 -40.869814237004704 99.26067197945821 -98.59533064614433 -58.17661049038122 -49.05489159642222 36.91061777933675 39.39792230221708 29.740124371667754 85.42023612608386 -17.22353854102223 -25.45859649005004 38.4837459223497
1401 19614 0.6337103763413913 0 2378.232335325664 4.533204368331746 -62.355502576203406 -4.616453534642896 -94.94681304872668 61.285992949123646 25.03199306998681 76.83659892623533 -16.87680733510237 45.30358458813217 63.34909076967401 13.290950034618618 20.235252583174145 -21.330398778576978 44.753552936380714 -1.574644280185702 -82.19981302175921 99.75790234234198 18.452725401789685 -13.504448958633247 99.89505898145414 -91.21566913979662 -55.55120957537997 -53.22740840878331 38.23885717261493 23.256730986814233 27.927734247487884 90.82803574289721 -16.956610835102516 -45.568366758403016 43.63194943733666
1501 21014 0.3346605735916141 0 2279.932356006748 4.875798923572842 -60.10824442396995 0.4449339801847959 -92.09811656277165 57.086094300873846 28.483638960397798 76.50265354289095 -20.102010795085874 42.02381535206703 66.89200441565569 4.551322485004221 20.76316911198515 -21.59683891974363 40.03373170499762 -1.6122889186926317 -82.89815999103021 96.71699587535385 19.65896959484857 -9.169468142164106 96.83920534200777 -93.20365413415081 -55.907864531768496 -57.29923889557155 37.94841321038578 25.055407155353695 28.32573330532212 92.45196969967341 -17.0143617789024 -44.37839212019978 49.8940781555024
1601 22414 0.47305320918116217 0 2182.936798117932 5.248076323558765 -61.38228461184016 12.608247549316843 -90.6006948073821 56.16999863375505 28.692606171574226 62.50187465594817 -19.889249100060027 28.2331710238131 64.37962476327806 1.7473035301918003 20.653588095670216 -21.882385477033214 46.34060781873515 -1.6552943843569818 -82.27015472000814 95.09052453806055 9.528459781825543 -10.916220613793655 85.2220964000027 -97.38711837231645 -44.69309619060465 -62.4674113843938 37.63291521460954 25.659512162096323 28.755970648352996 73.55924811668473 -17.078532039170682 -49.565208452709584 55.98544846668747
1701 23814 0.2256707461456198 0 2119.301296828101 5.055982226116248 -60.37549656682745 24.562842722696278 -97.19611336621408 56.74490419098753 29.235001883597107 49.227726609009295 -21.329473885511874 14.358451099478458 59.911644186186294 -9.908991248529873 20.809019085912126 -21.733253823706537 57.1225286039149 -1.63326571382018 -81.52557305075094 95.72432709463133 -2.790203093264115 -10.610878165613343 62.32632706995906 -99.78466158636266 -23.387939406221278 -67.09255055910721 37.794990580125756 25.18057939790482 28.53459688417682 58.55328866362157 -17.045240676316965 -56.455026204791494 66.30628847569454
1801 25214 0.23308951039548784 0 2096.74637143366 4.6339687367319415 -61.217629593405775 33.37333948492102 -99.60630288366926 57.34429486195333 29.128578255577963 55.121122602813074 -19.670399143062554 17.822114255716798 58.34019952633167 -16.61700666527696 20.443150092624307 -21.408658922115624 58.29355476250166 -1.5849721322331851 -82.26561918236382 95.30624728177646 -2.7849869171101522 -10.481353037853722 53.968374067493244 -95.23046107754004 -19.56005357014959 -64.78433127521639 38.15266625653794 24.597105549775748 28.04680215810535 58.19178437832744 -16.973130673938762 -55.83010322244317 67.24652161524432
1901 26614 0.45727402444175486 0 2066.625154759221 5.049576854544894 -61.005227903414124 55.52950589707793 -98.76404457925648 57.273966085520094 29.408203968185887 53.390501545368494 -20.943011606544218 15.568940270154542 57.97895046189072 -15.373206725367908 20.202578211332906 -21.72869718269645 57.201608991515144 -1.6321018171650956 -81.98862575392093 95.91925618245936 1.2973720666021866 -10.50123788083971 39.10598712140123 -90.85092689831507 -21.4348301476536 -61.3577172888581 37.80103977013556 23.99761410515892 28.52760076108331 41.266388750627215 -17.044129675003134 -55.414358180197354 59.69176378257089
2001 28014 0.33022441415301146 0 2049.9942117801575 4.861254337465776 -60.571174261441 66.58385360282367 -98.66862884478003 56.531388331726696 28.880918937776926 55.970773916453055 -21.06304656415918 17.018443595413544 53.516402261870184 -12.029255520107768 20.26873549439756 -21.583747608413606 56.85142607154509 -1.6109098213885666 -81.91346444154867 95.28297620008645 10.198910507879571 -10.767520784115305 23.824607559642345 -92.11745047717764 -21.433277210015092 -61.785443144188065 37.96039319130023 24.92618719095055 28.30956501269372 38.18645452772219 -17.012291677467996 -55.272774112941164 54.83011046015224
2101 29414 0.4010257833329378 0 2037.9334728309632 4.838499161986847 -60.63427144011095 66.20040775794791 -96.77122722184423 56.57990775178148 28.757210665436844 62.82125567199907 -20.224715988768224 13.385354043991526 35.22778804342468 -10.554622792877211 20.211498127204464 -21.566189145269384 60.0926504990567 -1.6077090198538588 -82.4340972582693 95.47919667719817 26.06815476514669 -10.689238857184762 6.022568836443611 -93.9372372890941 -10.488918465371796 -66.77477125159584 37.97921656030161 25.300188527386823 28.283272294935628 45.95254362240129 -17.00846003386707 -59.54265059240814 53.65750082061322
2201 30814 0.3394030915942332 0 2026.56753114528 4.9004437050261425 -60.81372915291334 62.30347737606645 -97.45944003050329 56.90250560465123 28.62943079294618 59.4241930502034 -20.219495240430973 12.077500288610167 9.709366470034439 -12.620278630754058 20.524564229796425 -21.614040654255632 59.152616968882825 -1.615106600078012 -82.38279337023585 95.18262676401301 35.58578978840081 -11.009016746989971 4.383026316226022 -94.50054277459854 5.659586977754657 -65.36508518403575 37.9266881277714 24.755332534873894 28.35523108920443 41.406439815319374 -17.018734845772737 -59.52465632259518 54.227423547702756
2301 32214 0.2605851489239453 0 2020.8516181002358 4.910459028115187 -60.78487811013636 55.6938314314294 -97.24681783704852 57.07713661226755 28.85612838966412 58.49366131090417 -20.91018638583043 13.510413732488502 -9.896124362800094 -11.36821144349949 20.0586314036195 -21.62172446181988 57.76095047265105 -1.6161546518124827 -82.2564999641691 95.07931501576891 41.659571432836714 -10.623775917580218 8.710405487972281 -94.57144794437313 24.064269367636257 -65.27978764046992 37.9183129180397 24.611335437135097 28.366436014707862 32.28856057557559 -17.02030804546276 -57.8495781033819 53.30895137664959
2401 33614 0.05311687999435752 0 2018.6349093219026 5.022754654352178 -60.78049834323565 56.62234108018039 -96.1523591403256 56.84788032644649 28.850935194234893 60.219885792971894 -20.855271620976026 13.503733906058386 -4.921708602575222 -11.080224077934332 20.33488634126323 -21.70814294936421 58.29308664073946 -1.6288225866863129 -82.13944297570121 95.08521477868251 38.97893192265415 -10.712331591218884 6.6184675921282405 -95.04928883561888 26.435992096244092 -66.58572971571579 37.82309014265681 24.701209280786294 28.496299670210895 27.69829235554778 -17.039706330660387 -58.587833884673756 52.903293811544955
2501 35014 0.03154191930422428 0 2018.4983449451042 4.960723230337742 -60.80740655055982 56.977635708778884 -95.951860142821 56.803254503416 28.987051211422397 60.2879953159883 -20.824724411838446 13.297857658188832 -4.538184111877882 -10.80214184318001 20.280315072349197 -21.660381885547878 58.57968119196036 -1.6217963428774451 -82.10700240314151 95.09665930226436 39.263013698843174 -10.684913670077208 6.044116833877268 -95.31891901345622 26.429717080774196 -66.84628697307774 37.87569508083496 24.687060114563835 28.42465824131884 27.594875688708242 -17.02913657971298 -58.77381260244877 52.806391851105474
2601 36414 0.032694262083763435 0 2018.4256076655965 4.973644654107509 -60.84019971643855 57.35884410595311 -95.86861390712458 56.8510092659283 29.025391435931084 60.570730078409696 -20.875089215283396 13.128711580115635 -5.176205591089541 -11.034807246841467 20.337255844464664 -21.67038877801096 58.51090985776884 -1.6232925424449463 -82.10525167816222 95.11299889274264 39.81399830972918 -10.54998261044696 5.433614262458775 -95.30807496112611 26.869846344459802 -66.81867686187726 37.86472641600537 24.729144748933386 28.43959834835679 27.252901639632228 -17.03136157660796 -58.81697931025562 52.64084120216148
2701 37814 0.02509019867759956 0 2018.4235336973097 4.970104638951637 -60.871554431878565 57.72328455597388 -95.76868768311608 56.88788900212548 28.98288765079363 60.57022072548395 -20.81035948375697 12.98064881844536 -4.799565141513767 -10.732677120604507 20.27782088031833 -21.66769204950561 58.45424885565805 -1.6228866341143222 -82.17218967317137 95.08720426970478 39.939066686844285 -10.577470768867812 4.778170324605128 -95.40495755514969 27.07040655465528 -67.0514617691452 37.86766657830549 24.651891261993654 28.435547932513323 26.981714324151085 -17.030754945816398 -58.890947159543686 52.512866292293864
2801 39214 0.02176148970453565 0 2018.3623019751624 4.97669580461739 -60.87656719918846 57.65503366667363 -95.40403091524846 56.87028660481658 28.94852312199336 60.78291404965094 -20.87747211916846 12.900416934356059 -4.123170646157689 -10.734918538716727 20.281256275813547 -21.67278079785199 58.636041572765265 -1.6236558080072143 -82.14322565841762 95.19575584095661 39.70616403261687 -10.623843020890291 4.459327486078735 -95.3276283682226 27.149875782266008 -67.31663032228379 37.86212251621299 24.67245683368753 28.44313444084063 26.885197898811896 -17.031912868093873 -58.97161914690818 52.467066988437324
2901 40614 0.011362402166015665 0 2018.3392231542375 4.969200852796588 -60.7941390823444 57.75463533895642 -95.31286836852232 56.83524072942724 29.004631205939774 60.89405187368388 -20.865624675284693 12.697097854011844 -4.082171540774397 -10.675479360333696 20.221238956213682 -21.666982008895467 58.5737424810321 -1.6228249039028309 -82.19431228870417 95.15806878768377 39.96986656859081 -10.649952728343322 4.4038803636636885 -95.49039677000157 26.995504274216444 -67.43676629847178 37.868484656116436 24.665576395994773 28.43447235100095 26.865880930284305 -17.03062636115077 -58.96770388289278 52.258129196997686
3001 42014 0.01095088497742624 0 2018.3224256975286 4.966782947954164 -60.80122357668043 57.78249358734218 -95.22994082213873 56.83407096851284 28.946862640868517 60.87177439037666 -20.851655476985428 12.586949730278974 -4.104109271711593 -10.652059185374839 20.242138428964864 -21.665143060395767 58.676044115994586 -1.622520144418196 -82.18548899132034 95.13868262978852 39.871294470051645 -10.656596940290342 4.36049491273954 -95.40261071239217 27.106122135897635 -67.44608892261958 37.87054654829231 24.679600336788468 28.431676076674492 26.82775682479121 -17.03019763449134 -59.03268378366377 52.33650795837957
3101 43414 0.008677860497487705 0 2018.3087024078222 4.967348042389461 -60.81485531575083 57.7885138049296 -95.17715457714061 56.847936881712606 28.977272938064175 60.969691811774254 -20.84428303836941 12.43943798089552 -4.12230630065315 -10.567983438282084 20.25446985972232 -21.665576428037124 58.67345564957506 -1.6226073173803819 -82.15964941820384 95.13331710081212 39.98866400359255 -10.64406789187106 4.2750235952235585 -95.4411272038762 27.211979651029992 -67.52298283992579 37.87009411608088 24.69191091101539 28.432327614332053 26.791210243778124 -17.030289217583917 -59.10341925682175 52.26728456691549
3201 44814 0.0039963621710980965 0 2018.3012801877098 4.968441662895327 -60.8242351969069 57.76537859563587 -95.09821178323666 56.86379398911278 28.985377862361815 61.01898589605568 -20.857259899093464 12.394357721631565 -4.103210845327055 -10.546546718328159 20.248421094311595 -21.666407626206922 58.67593979578268 -1.622734682209058 -82.16325201890002 95.15627216389002 40.03028227842516 -10.633441539083265 4.227701695709186 -95.47057177936954 27.289544734265462 -67.53028066966336 37.86919477488536 24.703154628496762 28.433571168710724 26.777272945007667 -17.030467119601138 -59.09579096168656 52.23483539651255
3301 46214 0.002703473068199997 0 2018.2958592950758 4.97095119400832 -60.82339415231644 57.76568009334453 -95.09172362075438 56.85022024315131 28.986808836246183 61.02035685254455 -20.846561429516754 12.37204158041834 -4.104056770448949 -10.504591885011621 20.24862602753157 -21.668326847592464 58.686639508323736 -1.6230278799950022 -82.16066948538531 95.14588911693767 40.01386812928946 -10.64045041196053 4.22499311527082 -95.4874083866865 27.322532125451005 -67.55616172000234 37.86705592835759 24.70254387842923 28.436470588833956 26.77753721736667 -17.030893079828452 -59.112924659898994 52.22812006023534
3401 47614 0.007364027575618238 0 2018.289421326399 4.974435807430377 -60.84133132414047 57.79816413545685 -94.94060097195171 56.847484867099 28.98783845463919 61.086512298280326 -20.82265127909463 12.319320095480208 -4.100137855899021 -10.56868966399125 20.238983075137924 -21.671002044330102 58.73527309372943 -1.6234374589443035 -82.17230592637533 95.14585955934284 39.99504821238828 -10.620728580719998 4.207878682156405 -95.40587907325646 27.346578574264697 -67.57923898582881 37.86410166284654 24.723307597207256 28.44050369576752 26.763283929195012 -17.031495091523425 -59.110518623180354 52.21361757575451
3501 49014 0.06405662236425796 0 2018.1813866159468 4.982116506575933 -60.83141961875583 57.94427248399553 -93.26778123971798 56.8260359557545 28.978892063055667 61.72890653704977 -20.75876136134397 10.464257571970933 -3.974096298375656 -10.22280442526079 20.265108398991828 -21.676879622493015 59.19593583184823 -1.624297099783294 -82.2185835671627 95.21675741747458 39.959600146045105 -10.568677264144725 4.274112175402053 -95.29437690755172 27.478075480580742 -68.4370216510783 37.857535721985556 24.715454636580276 28.44939844040262 26.85078426414333 -17.032848834930753 -59.53507365721717 51.84534834630995
3601 50414 0.06968108986825795 0 2017.6781192862427 5.004312005180209 -60.92182811876589 58.323451982849015 -87.55460302375366 56.85890945888094 28.86372166905656 63.17381313027718 -20.848242206806475 4.306572520813802 -4.1354298340708056 -8.739590842264136 20.31573304189584 -21.69409209099263 60.41735587004845 -1.6268257159879362 -82.18543493846406 95.1559414393606 40.1845622135576 -10.647734786569458 4.521004618624829 -93.10512776867391 27.31679213270445 -70.73813783124957 37.83879603221979 24.734686133399855 28.475031255878786 26.994791615815473 -17.036575417227258 -60.09752852972596 48.7462142874065
3701 51814 0.12030860189231726 0 2016.9295231906704 4.953072443553743 -60.90735002343109 58.25339923625041 -82.53945593911004 56.873785715003166 28.995304051709525 63.94162633496157 -20.81925334628599 -4.5711220694609835 -4.209289874014786 -8.62394120613348 20.21859645059837 -21.65458129889235 62.30384870191526 -1.6209616754116123 -82.15605721581235 95.11634138730197 39.46023160004442 -10.616416668863224 4.56030299220572 -86.86605875280786 26.736045985840803 -71.5647484201559 37.88223343703439 24.6216369621514 28.415795026317422 26.78935249053032 -17.027829203598653 -59.91095251644086 44.393980341814455
3801 53214 0.1275871381331769 0 2016.344671026616 4.935404678545472 -60.827792715307964 57.82192845635118 -78.69304606876403 56.7674256450625 29.01582408076007 63.24579662316344 -20.91197538116782 -10.872319551953638 -4.977394894492733 -10.089604613544452 20.308438772531872 -21.640917186548236 61.71923455519422 -1.619022261470508 -82.20976829017997 95.15881463598808 39.64520593379427 -10.5023240836706 4.199602785905341 -82.1263290165005 27.040341683221413 -68.96492692748286 37.89719840282072 24.693945256526728 28.395316860650876 26.414792761013985 -17.024807277634945 -58.801994468693266 42.187634804788615
3901 54614 0.17186378840812727 0 2014.8038698514147 4.991241493772331 -60.86411447338713 57.96465979233268 -68.31647593093959 56.91095901241728 28.909668372169136 57.3721575212891 -20.741234532862876 -19.48118124333945 -3.643082914357308 -9.996280544641735 20.357633219317165 -21.68403447681711 52.27867204525418 -1.625331634184764 -82.11374331073978 95.10245978183656 39.12875526583215 -10.529306386067248 4.368333363725924 -76.44953336134256 26.8184944393347 -56.72664281260613 37.849884337784175 24.752869610556612 28.45983445429217 26.721630725130638 -17.03439745966331 -55.18231181002906 40.1818325910954
4001 56014 0.10863269339768743 0 2014.1019841772595 4.987581660306096 -60.788161605238145 58.473438875488824 -63.378578826279806 56.88928035961852 28.917477544278 55.889461466930726 -20.818523062696244 -19.778087585662462 -3.7923010113432554 -9.247275586430533 20.200874845944185 -21.681213349977302 48.617871047354214 -1.6249468827625826 -82.18378737086161 95.07772239882553 40.14262803359018 -10.60047612649808 4.745602993706399 -73.79893176060273 27.649253200619967 -51.93530035533884 37.85288708432131 24.7058601365637 28.455726445034426 27.269792878227292 -17.03383367964498 -51.43387756941601 41.62694386745014
4101 57414 0.16581302741415202 0 2013.390253302347 4.955279117071928 -60.76969968414849 58.289228377616226 -55.20830031287369 56.82297002485585 28.984665678875274 54.971757787166354 -20.889398447882485 -16.155103564886304 -3.0250163932199428 -8.88228295014332 20.307653449071182 -21.65620861002652 43.032997355801484 -1.621184852367233 -82.12150088954158 95.07580237589765 40.46768721381403 -10.614425973166504 4.657293508654931 -71.05405827888345 27.44791313852761 -44.167905020299465 37.88024932259793 24.729353131021284 28.418407153470607 27.377450203928873 -17.028234358486078 -42.705784470489135 45.0933793981587
4201 58814 0.08111569166403533 0 2013.0048240523943 4.986612887186812 -60.83415994940384 58.778396236529254 -49.92274052845693 56.82108638168283 29.02153738606455 57.692528351546656 -20.774155648694972 -11.130343920243746 -2.539248089775896 -11.238171001746736 20.33606542962849 -21.6804040715057 40.026660275488524 -1.6247798722709035 -82.12796045965405 95.111537580271 39.974841435709216 -10.458308319507012 4.704262838508157 -67.58511507193512 26.514393790902602 -38.300012667194316 37.853764660762806 24.700469709213806 28.454545795264167 27.2353438512296 -17.033588554391493 -35.19591168346497 47.71112050474571
4301 60214 0.04244825310896953 0 2012.9117043504675 4.989522673582093 -60.79367999982486 58.72880812514396 -48.707273292784805 56.85332745370937 28.962368315349778 59.01128035921252 -20.89713415754656 -9.2997009262061 -2.5373489806207488 -12.34326651199666 20.215535785066947 -21.682653023328644 39.49652181247106 -1.6251247112752178 -82.15658451691802 95.14041196622087 39.47670165156299 -10.581596376171603 4.636119929543014 -66.52553260498155 26.37100960985316 -36.773857296662584 37.851260291025994 24.678234892692007 28.458017344987645 27.06892271127606 -17.034088587586577 -33.205290747953995 48.669642990108144
4401 61614 0.031018239730444423 0 2012.8582027893544 4.994637660208669 -60.829019571470496 58.83056688486043 -47.19191887821819 56.85436879456938 29.00723425465341 60.19108744686176 -20.862948062255413 -7.43595589327407 -2.563769580743269 -13.460589001680518 20.24792381338102 -21.686572668871523 38.688408902724376 -1.6257167536169213 -82.14943976518484 95.1375517355335 39.49409282907677 -10.547924706279133 4.658009043844231 -65.38059525000585 26.065543224938267 -34.893871898342404 37.84694193593137 24.69728916660122 28.463892889406786 27.018444673578585 -17.03495400695243 -30.904017794114935 49.5481702424855
4501 63014 0.028524544850682565 0 2012.8227110155426 4.993584494228894 -60.83381514517066 58.828601734247975 -46.36281799286121 56.83582000743235 28.983441834880978 61.322470199382366 -20.839698570788613 -5.734562260840079 -2.605558320094815 -14.439357119387722 20.27218800322973 -21.68576645342083 38.233222811476224 -1.625588461840353 -82.16378812047095 95.1412076927912 39.349922610885564 -10.56128451935436 4.5466465842145 -64.64512726947484 26.029190950287955 -33.66085290340405 37.84786663083233 24.6890335044772 28.46261055444945 26.87959124474594 -17.034740769206227 -29.237127145913888 50.231695608995494
4601 64414 0.022582576852030287 0 2012.7930437357318 4.9882833378829154 -60.8434082382436 58.88006583734787 -45.34118319556495 56.84368716525385 28.974940416262655 62.50270147229011 -20.8464498801587 -4.229625813682674 -2.6748649561994 -15.325876328917559 20.295373596834594 -21.681705240381355 37.70480636508884 -1.6249867476176592 -82.14298046861963 95.1386876360643 39.27584245179655 -10.555497135572182 4.518195611202117 -63.89850987158428 25.941277226676846 -32.44467195443256 37.852330895151425 24.72364623485183 28.456517706023515 26.80297098787929 -17.033847498718945 -27.706591747399358 50.98644531666096
4701 65814 0.009626203128914445 0 2012.7858333651868 4.984984698685346 -60.82476109175437 58.84477047087464 -44.9545922949099 56.86849330746506 28.949056964624305 62.97340972524623 -20.834175332172293 -3.6322121888296977 -2.6675904342133663 -15.761414425689736 20.297486873049564 -21.679153385211087 37.54701160373847 -1.624613779271438 -82.1461414516071 95.12808201250594 39.23348871915748 -10.560722659389654 4.523981047101671 -63.53185017583681 25.856663754508645 -31.92845084376649 37.855134081837605 24.72376616082445 28.452685845669574 26.786469501007048 -17.033286260035197 -27.047711407452283 51.259240028898716
4801 67214 0.009667844111297596 0 2012.7810010695302 4.984924962995087 -60.82184700394015 58.84238479582602 -44.71174591681819 56.87711804952004 28.939838991233472 63.35564848127362 -20.837759985797533 -3.1638128376224586 -2.670477861342107 -16.06257102115694 20.304240068242137 -21.679092147439615 37.42421153534937 -1.6246084277306496 -82.15035541319729 95.1406697093204 39.219284986869766 -10.564370829371995 4.498533073153823 -63.26902266626578 25.84490355940187 -31.57825080835305 37.85519102225112 24.730746739097846 28.452595938953777 26.757975268751863 -17.033277106633182 -26.56766477982839 51.46892895008523
4901 68614 0.007143793701815768 0 2012.7789420189283 4.983847816408127 -60.82886565352197 58.829780157931296 -44.69927689514873 56.87676559672959 28.952397112357517 63.39073892398923 -20.850243220913597 -3.1303810311275697 -2.66931121063368 -16.08334828758717 20.304088888113142 -21.67825115947637 37.37831365418967 -1.6244868594927961 -82.14195075387464 95.13541883727325 39.2168679600393 -10.57076031202024 4.507612497280803 -63.21532089278742 25.826460467506763 -31.499224544509808 37.85610056018854 24.726647961427876 28.451361809578017 26.763325353336228 -17.033096521097228 -26.53263566863407 51.475611832159615
5001 70014 0.0034168447065759727 0 2012.7758449136008 4.9838923737907495 -60.82511869002343 58.83350133116881 -44.68368136301842 56.86911116729843 28.955605997080994 63.47179785237634 -20.85650772880271 -2.9983373637741693 -2.679029399282541 -16.157542270259967 20.298598043502665 -21.67829457103123 37.37295127442687 -1.6244877084102038 -82.14269519780608 95.13583612091817 39.207451452262745 -10.563713696473457 4.510246704003777 -63.189192913352315 25.82439558316588 -31.44392425862384 37.85606480535799 24.72020754947947 28.451417177240028 26.761074098602165 -17.033108628926367 -26.437023809557985 51.52334384069562
5101 71414 0.008231189059615287 0 2012.7716514554018 4.979940398946889 -60.81444137767494 58.83019389949705 -44.40499580962472 56.862741714968855 28.960606052817752 63.84258836936786 -20.866369316532968 -2.5169427228314873 -2.6852744199988194 -16.464997040143004 20.299911446010526 -21.67524780925094 37.240555196281406 -1.6240333626447052 -82.14049960629268 95.13776622907069 39.18815942686535 -10.562650804640555 4.508044945933051 -62.950223473654944 25.79957444254319 -31.070845921566498 37.85940846189709 24.710189392802135 28.446855719903308 26.748728605417767 -17.032439183674605 -25.976809235976646 51.745698022985664
5201 72814 0.0060906016364700504 0 2012.7675061210653 4.977118174642833 -60.805407113127956 58.83559687823424 -44.167920848541996 56.85316584261572 28.96704369575545 64.220719748547 -20.86993506603139 -2.017197267148134 -2.6917712510817466 -16.781671145359894 20.289162777276857 -21.673080953547654 37.10609579093827 -1.6237051013214079 -82.1470368711929 95.136908875551 39.179274606204594 -10.567657121753115 4.505971460096589 -62.7192637050031 25.7759385157604 -30.69558687860245 37.86180021252545 24.701298672081457 28.443607207175884 26.737881232255575 -17.031963578381927 -25.524458565992603 51.95904707271808
5301 74214 0.012211318412141396 0 2012.7635010168074 4.977329445951258 -60.80146566032079 58.83690887988792 -43.841618589198504 56.83921239384221 28.968761494049062 64.67708838487928 -20.87490081405062 -1.4363403401535209 -2.6821249940971654 -17.158436751349825 20.261703768086505 -21.673242704331237 36.9427256134945 -1.6237348286019888 -82.15203309990434 95.14198640476177 39.16777052612922 -10.569765415139642 4.504244925617655 -62.40183171277951 25.751742793593337 -30.23731149404903 37.86163046576735 24.689835905775777 28.44384193737187 26.729680101894303 -17.031997959666274 -24.93969178419644 52.23514643271196
5401 75614 0.013549277700313627 0 2012.757829444361 4.977578375541326 -60.8170019191914 58.84310861442843 -43.40924720882401 56.841813040778796 28.982182412433843 65.31448875499709 -20.843855483197984 -0.6676846995292465 -2.659414088319153 -17.679001261050672 20.26813693175299 -21.673430673416725 36.71894613026868 -1.6237614014800201 -82.15226894189415 95.12423854955735 39.16294793904847 -10.579868504565184 4.499824943293419 -61.94056490767497 25.72558786703314 -29.62219186903104 37.86141007814825 24.694542346388285 28.444151229507955 26.721536720742563 -17.0320401282222 -24.166204850147324 52.544918719812074
5501 77014 0.006434723025520329 0 2012.755025449397 4.983205312923057 -60.820678156035086 58.86174637450683 -43.19879854216589 56.85155165471214 28.984973857062414 65.66612450743966 -20.839004679061844 -0.22644818452158688 -2.6547980613961784 -17.9877456786962 20.264668627193345 -21.677766144245226 36.628770046309995 -1.6244113078293014 -82.15152106433325 95.13318966499224 39.15981655808382 -10.565917291647537 4.503862944126297 -61.713461032081284 25.715255374298636 -29.293350042274433 37.85664946509493 24.703501076882475 28.450652324525418 26.72036541597444 -17.03300175531894 -23.772800397464806 52.74462780835208
5601 78414 0.0030314805273315365 0 2012.7539551182904 4.985131494529198 -60.82327773315589 58.86098250753865 -43.10040735577496 56.85081159362458 28.982910110393277 65.80625717545198 -20.839586925558223 -0.025845796336398053 -2.6495000913746765 -18.120416481492356 20.266118518724824 -21.679253942492835 36.57244271378565 -1.6246303606310883 -82.15208878298922 95.13350155474372 39.15254524230456 -10.562985681920935 4.505729046584463 -61.63053703414738 25.710925054741097 -29.152286313435315 37.8550141181515 24.70617702815747 28.452876907018126 26.72032639948452 -17.033328346482413 -23.597711296746468 52.8472217141244
5701 79814 0.0038224566660297935 0 2012.7531787980802 4.982583137905583 -60.81880900250445 58.86155725313214 -43.04683899104771 56.8524650700069 28.976884345535552 65.88536543105099 -20.83215382973978 0.05910872946358836 -2.6422468278269093 -18.184091470758034 20.2666896221983 -21.67729210578187 36.54681895167127 -1.6243417634015698 -82.15834075193541 95.13268788129766 39.1513891457524 -10.569914485381503 4.506043530016484 -61.575490179536814 25.70850332084825 -29.080435273595718 37.85717502820543 24.702739260682396 28.4499279470312 26.720862893573923 -17.03289639669124 -23.509082451686254 52.87061188563371
5801 81214 0.005722526740100934 0 2012.7516850046172 4.982454491400741 -60.82333667898146 58.86671132459979 -42.90209957193861 56.85401536908386 28.97819172416584 66.1227113526048 -20.83764787467223 0.36376334332246074 -2.635600223133764 -18.382356430169608 20.26878103619663 -21.677193844059172 36.46630053213718 -1.6243263095458251 -82.15889008421544 95.13436441102219 39.14876258055997 -10.575408347000774 4.508436650108706 -61.41546630630154 25.69880339113621 -28.848113000722858 37.8572790813395 24.69694394191725 28.449777303995 26.720567008719883 -17.032872947277937 -23.227938241270493 53.00110870659395
5901 82614 0.003608153315940175 0 2012.750428377994 4.98100385200614 -60.83039507326211 58.874170958598505 -42.73953201761191 56.86471242047398 28.972360178585205 66.40752113042126 -20.83452931182066 0.714660287807817 -2.6275475493254703 -18.629123685123858 20.275445277169297 -21.676074203551387 36.38001716614232 -1.6241645613252518 -82.15986893261649 95.1396744800379 39.14448130639981 -10.570179003388034 4.508697790589849 -61.2173432447978 25.689535337861685 -28.576877146987208 37.858503035779535 24.69784675354466 28.448107264895548 26.717975347719005 -17.032624366284267 -22.90006016502352 53.15811657311011
6001 84014 0.0030735668732477586 0 2012.7501019817796 4.978926619907671 -60.83388259495314 58.87751690904568 -42.689525373082574 56.86419139308196 28.97284629664273 66.48362749462015 -20.835466892220524 0.8094012161820672 -2.6276558480696792 -18.676337189315944 20.276892351514135 -21.674478281550638 36.347754516405615 -1.6239266666157244 -82.15711950782507 95.13990212425912 39.14303197983121 -10.571059659595335 4.510652704232172 -61.175728500592015 25.687595510913923 -28.50565464057154 37.86026423382637 24.699663504485425 28.44570906313855 26.71848867432604 -17.03226992596977 -22.807088108794773 53.20219048248603
6101 85414 0.0010618073400846448 0 2012.7498812907243 4.978373825080988 -60.83406086259319 58.87685986163782 -42.67337892102381 56.86428685607122 28.97200827597868 66.50856368632967 -20.83656117472478 0.8430726014385925 -2.6258372010980793 -18.705064489999387 20.278754292153792 -21.67405442851909 36.34654590335319 -1.6238627319785186 -82.15719759306887 95.14203944012507 39.14258296026553 -10.570913765745559 4.509938035650691 -61.15899059637533 25.687480218186806 -28.489297084127987 37.86073359863255 24.698707855618093 28.445065732297504 26.71809043605714 -17.032174730436303 -22.7815227412421 53.21332576787458
6201 86814 0.0015382724646649752 0 2012.7497692154957 4.978301177641717 -60.83460394592504 58.878016747985114 -42.64691933600545 56.86330978259199 28.97310210964872 66.54312276258887 -20.83680486138516 0.8861449741880847 -2.625868995468437 -18.73229601690275 20.279542586397014 -21.67399855105893 36.327404413635776 -1.6238531700472547 -82.15679825259322 95.14152861419488 39.142582810219025 -10.570659877368342 4.510361104593869 -61.132693620261875 25.686007969567072 -28.452953945761937 37.860795374161 24.698612138906157 28.444981238841855 26.717975189061747 -17.032162898409023 -22.736731167067347 53.23380757261714
6301 88214 0.0022027882805630535 0 2012.7496849818656 4.978052329269582 -60.83379310214224 58.87908219357106 -42.6363234948069 56.86544778566333 28.972993261602824 66.5732829119166 -20.836562918072758 0.922450262391493 -2.6250295430618564 -18.75459588638003 20.279358316180975 -21.673804038200853 36.323306160904025 -1.623822357991566 -82.15842985516989 95.142160192331 39.1416442635684 -10.572628510567938 4.510870641317979 -61.1185761254267 25.685600585947554 -28.431537026917216 37.861004339633524 24.697470172292835 28.44469403252239 26.718111391237585 -17.032119542221068 -22.711570146032898 53.247666512920176
6401 89614 0.0015512602398318593 0 2012.7495676481003 4.977867729631072 -60.83497278710567 58.87942651945366 -42.62482019825825 56.86341346132142 28.971022357754947 66.6017101365388 -20.834510422264742 0.9578360211365577 -2.623795099523761 -18.779934217732574 20.27992112798725 -21.673660958721953 36.31055417720549 -1.6238012144641982 -82.1581371008968 95.14047919161982 39.14176707739341 -10.570711633469898 4.510968486107856 -61.09951762957493 25.684644982086184 -28.403160447940536 37.86116263182359 24.700277474268013 28.444477771574896 26.71815778616508 -17.032087608425684 -22.679810565551946 53.265724374788164
6501 91014 0.00094070950331646 0 2012.749478833486 4.977787530844996 -60.833403918886745 58.880239492180365 -42.61196975752705 56.86481908629681 28.968818696942975 66.61345906638925 -20.837007480115943 0.9735491458107788 -2.624078707936178 -18.791387409424573 20.279006641968863 -21.67359995553971 36.30785420181971 -1.6237909655351173 -82.15854280410042 95.13975189529174 39.14157256702477 -10.570357891461327 4.510866944401158 -61.0926111067582 25.68429541381954 -28.395249410557426 37.86122892822536 24.70012627480255 28.444385839775702 26.7177879255199 -17.032074556712846 -22.665497003166223 53.270686253553635
6601 92414 0.0007619048109892125 0 2012.7494626536397 4.977432022644955 -60.83374669090986 58.88001723095941 -42.60404297663467 56.863713270827205 28.969572303558806 66.62443327434775 -20.837778216466376 0.985457664052177 -2.6237788986484247 -18.80103227359254 20.278775260601293 -21.67332650384801 36.302395781332706 -1.6237515074310123 -82.15799195657544 95.13862432466702 39.14145664905337 -10.569962274689374 4.510708459426127 -61.08508669503803 25.68406872668652 -28.38140325866334 37.86152968187855 24.69873828210538 28.443975943640034 26.717644119086884 -17.032014308348337 -22.649730964002032 53.278533167672066
6701 93814 0.000643232529230767 0 2012.749422302522 4.9774017079954085 -60.83336330107704 58.8802606059205 -42.60098450081523 56.86332419575919 28.96917601968002 66.63386055863052 -20.83860384239992 0.9975960838149547 -2.6236050614824364 -18.809836520681387 20.277688282586297 -21.673302717766994 36.29864368063815 -1.6237473373062645 -82.15716304167671 95.13766194858783 39.141077234389726 -10.56930327898317 4.510880791522311 -61.08045394427572 25.68407450100773 -28.372161647944722 37.8615562104377 24.69919297385332 28.44393995871013 26.7177068896774 -17.032009012288036 -22.639728421751755 53.28342433234636
6801 95214 0.0010355385674920478 0 2012.7493987809446 4.9778917448729665 -60.83290283163481 58.8803244173712 -42.595574628438726 56.86443912094475 28.968143888220965 66.63802268174808 -20.83934330526037 1.0059532310991415 -2.6234579043941437 -18.811588019564937 20.277314909170627 -21.673680447251154 36.29781142802321 -1.6238020204225085 -82.15785004923885 95.13838459407833 39.141151397530436 -10.56911960692463 4.510794161909615 -61.07964518541311 25.683797171964216 -28.369292206886257 37.86114003700118 24.699510448700288 28.444506065345752 26.71759762144262 -17.032092407905594 -22.633618406008594 53.28738063413638
6901 96614 0.0006842905334195175 0 2012.749325640546 4.977975909071699 -60.833538638153414 58.88057339136454 -42.58255219484454 56.864646749835075 28.968254500721883 66.65480856629651 -20.840374691886126 1.0263288102467811 -2.6230049714953623 -18.826995472822176 20.276327258927267 -21.673743635332755 36.29308642450903 -1.6238114577689005 -82.15775605825708 95.13800999706552 39.14104318460909 -10.570040935944036 4.5110255175098075 -61.06834319832805 25.68330071807634 -28.35218335736772 37.861067319475666 24.700243307100706 28.444604084217943 26.717705034608457 -17.032106220506915 -22.613035847031682 53.29560839965902
7001 98014 0.0005669624634572366 0 2012.749287165747 4.978271323473031 -60.833679687962984 58.8806141421882 -42.578040606901595 56.86481395588819 28.96865021127266 66.66750806640957 -20.84065080078753 1.042428782159135 -2.6230269711068956 -18.836908194476194 20.276118809528015 -21.673971161515315 36.289900079898956 -1.623843897179567 -82.15794318733967 95.13862068649745 39.14100371781059 -10.570616526497844 4.510972353660492 -61.06188320020132 25.683187926552307 -28.34111825354239 37.86081663103738 24.701529043336137 28.44494644513373 26.717613513605357 -17.032156321433153 -22.602508413614345 53.30016065295419
7101 99414 0.000899926522735681 0 2012.7492231319152 4.978529447938808 -60.83365419500663 58.88076799234652 -42.568410107902764 56.864679529366626 28.96817856947476 66.68101707119817 -20.83863053580555 1.0545114245827278 -2.622786366804746 -18.8446614165085 20.275604412525126 -21.674170649351858 36.286609852035525 -1.6238732774242601 -82.15912418485475 95.1384366345992 39.14082432364498 -10.571097841807955 4.511089788338637 -61.05239947063555 25.682999403514714 -28.328356425643506 37.86059834534973 24.7021518091937 28.445244544654038 26.71765160763917 -17.032199667368253 -22.587755172436886 53.3043444205326
7201 100814 0.0019709833172190357 0 2012.7490694257485 4.979245477822921 -60.83319593221282 58.8813262765778 -42.52568138987067 56.86335804603469 28.97077870862003 66.74950512050927 -20.839130086030508 1.1310082446896956 -2.62242434923337 -18.89695903540232 20.27545559072766 -21.674724342454216 36.27303349494716 -1.623956335300334 -82.16034013372706 95.136999079741 39.140847127528616 -10.569313935801745 4.51114846868316 -61.0178713010242 25.68260398029952 -28.271378477225426 37.85999319257792 24.70372010101147 28.446070538866767 26.717601133320045 -17.032322287014953 -22.517799385605343 53.33625034891847
7301 102214 0.0011270898591400644 0 2012.7490050485717 4.9790059438087475 -60.834553635261756 58.88122098505308 -42.50930801823051 56.86264572483976 28.973439208145578 66.77967323326956 -20.83951157006001 1.1669133217618253 -2.6223180557136345 -18.924394838905386 20.276629803986424 -21.674538936103488 36.265985889138705 -1.6239304957305256 -82.15998363517426 95.13698256704606 39.14057770469684 -10.56932712685034 4.511098401932173 -60.99284767480694 25.682301894910324 -28.239167504242914 37.86019690292659 24.705226197521938 28.445792617670993 26.71745588354213 -17.03228036474061 -22.48040587325417 53.35290884008245
7401 103614 0.0018017064026477367 0 2012.7489449153002 4.978936801081154 -60.83433244278646 58.88126386561564 -42.48939709068895 56.86323717438 28.973001653750742 66.81336814178516 -20.840015745107934 1.213740295703559 -2.622165719535502 -18.954611732667985 20.277727703641148 -21.674486365403553 36.25781287385789 -1.6239221684210343 -82.16060462204739 95.1356728839574 39.14046459948017 -10.568745719989295 4.5111417010541 -60.972196797381315 25.682003914917743 -28.205438057719903 37.86025502641371 24.706302804106556 28.445713805108042 26.71741890825578 -17.03226850555412 -22.439711526240302 53.3775877554003
7501 105014 0.0028268054810324703 0 2012.7488203070243 4.978842780102735 -60.83387175059639 58.88153954321932 -42.45681853905626 56.86418023719836 28.973000572578172 66.87901183415792 -20.84257002846377 1.2891946371395022 -2.6217975281217036 -19.010430120991117 20.278914438935402 -21.674412593886156 36.2387403647094 -1.6239109152113644 -82.16023047217945 95.13355457296943 39.14040131681804 -10.56775330688825 4.5109241664854665 -60.92403176399816 25.68189094691826 -28.14170689557409 37.86033425665104 24.70563219113623 28.445603665352518 26.717203548497963 -17.032250804472817 -22.36274030193985 53.41000514243055
7601 106414 0.0006523847440390437 0 2012.7487587185947 4.978972118006052 -60.83224638399378 58.88183821903656 -42.43707754973002 56.86386678016993 28.973529103172638 66.91309486598593 -20.843213433075192 1.330538100608777 -2.621863414583572 -19.038470323896576 20.27948246011553 -21.674513836898228 36.22878755281792 -1.6239244737135237 -82.16051058660281 95.13305053590275 39.140309657881616 -10.568314007825336 4.511166448882079 -60.90270346016504 25.681494328165968 -28.112631726725112 37.86022369699185 24.70628460462821 28.445754855886317 26.717259195082733 -17.03227348005556 -22.32642833933582 53.42659450899916
7701 107814 0.000584785161251167 0 2012.7487410735423 4.979141250500891 -60.831538218572376 58.88179643404132 -42.430955146789756 56.8639755808631 28.972384095372064 66.92442331615425 -20.842946688386604 1.3431283170683344 -2.6217019968995032 -19.046593193647453 20.278116354243792 -21.67464387549699 36.22537590339229 -1.6239432568037588 -82.16149691539766 95.13243842449323 39.14022970776584 -10.56914675262064 4.511197002560806 -60.89461801067304 25.68143899722986 -28.102699811257935 37.86008048577321 24.706088939733192 28.44595027080692 26.71728649584287 -17.03230192090971 -22.313997322196286 53.43123316476246
7801 109214 0.000750399483963224 0 2012.7487229156677 4.979274848087467 -60.8309598275859 58.881857217296655 -42.41651433486845 56.864190972431274 28.97174444321419 66.9461609027222 -20.843412139638843 1.3685911754290316 -2.621755171920512 -19.062788413305583 20.278531689908306 -21.67474750959107 36.217607910461965 -1.6239584210973144 -82.16204509368652 95.13147168098253 39.140185935036826 -10.56949710398024 4.511146212617177 -60.88083039050079 25.681371900784313 -28.08490384706488 37.85996693234824 24.70629492467222 28.446105336231852 26.71719889163549 -17.032325086023896 -22.289356303920925 53.44233146718929
7901 110614 0.0006636138696105841 0 2012.7487055133433 4.979301891301542 -60.8301014644031 58.88196787439427 -42.40653257985264 56.863954544138615 28.97177098365458 66.96636833655302 -20.843586191817707 1.3915974993009002 -2.621652151561193 -19.078835404869636 20.27757050236312 -21.67476784676512 36.21222520635931 -1.6239613175267182 -82.16274835390259 95.13104934389932 39.14016023727228 -10.569854848724162 4.511181491789159 -60.866887739851876 25.68134283646191 -28.06647909528874 37.8599442496826 24.70590668401875 28.44613660355319 26.71721924895084 -17.03232954275745 -22.26711111988547 53.451748387385436
8001 112014 0.001368593294633649 0 2012.7486821549642 4.97940418386035 -60.82959272296651 58.88198137542503 -42.392655212266845 56.86381888883749 28.972395443906066 66.98926678886332 -20.84379170909969 1.4179330751379382 -2.621529172919935 -19.09661174297625 20.277430777509636 -21.674846910654814 36.205288916466515 -1.6239730326711443 -82.16312601999925 95.13124648516872 39.14019766794715 -10.570166982908006 4.511186798071748 -60.85186669560002 25.681198854893466 -28.04678028528315 37.85985750042724 24.705611931026432 28.44625531422804 26.717217385428057 -17.032347337474192 -22.242197147717746 53.463177940870395
8101 113414 0.004477466542989074 0 2012.7484680762423 4.9792844227790205 -60.83114881509198 58.88242742661297 -42.29387719820829 56.86677343196911 28.97192872793343 67.1516206564373 -20.841325133540835 1.6213992763140084 -2.6212752697244923 -19.23309029686797 20.27668873435121 -21.674754564129586 36.157956458843245 -1.6239610876267414 -82.16339416763338 95.13310343544663 39.139926347375265 -10.570828722287303 4.511316066417095 -60.753508133635336 25.68073910360914 -27.900420331844316 37.85996275160994 24.70198873998931 28.446116421025152 26.717145669312202 -17.032330511992924 -22.063699999644854 53.55352539646387
8201 114814 0.0033081653632081177 0 2012.748366732858 4.978841124595494 -60.83273524809877 58.882424750595035 -42.24598814730348 56.86488941629311 28.97218864599583 67.2283844192344 -20.843158814721818 1.72267198534459 -2.621036915438822 -19.301813571974293 20.274559145383392 -21.674410731386605 36.1269101532956 -1.6239111726050677 -82.16182832723976 95.13311066328575 39.13998205998982 -10.572425137896431 4.5112474699837435 -60.69581410638179 25.680576346923544 -27.821584020670343 37.86033863906641 24.701435648169323 28.445602174309037 26.71709760376382 -17.03225343845198 -21.96937662569539 53.593321983436994
8301 116214 0.003087845518309525 0 2012.748299209524 4.979041105139025 -60.83291942908511 58.88250857022014 -42.21014277346353 56.86472982056993 28.969258127197406 67.29076740964123 -20.841911750083995 1.7991956266458544 -2.620879643354982 -19.349604939094064 20.27569623970473 -21.674568405007946 36.11020879579391 -1.623934134516583 -82.16239208920176 95.13518787048591 39.13995246285255 -10.571924416923594 4.511351370873712 -60.65978989682603 25.680348731785955 -27.770650065801874 37.86016737573536 24.702175747208855 28.445835999243222 26.71714567194735 -17.03228740294677 -21.904206836348607 53.62692177553228
8401 117614 0.0036710713113685583 0 2012.7482077860732 4.978305172871757 -60.83419386760559 58.88267681862295 -42.139481021152505 56.86482487494435 28.96907703838113 67.40766781948795 -20.83738762885045 1.9400193640452414 -2.6209585405667895 -19.450983629597744 20.27723625078829 -21.67399973348538 36.070381473260994 -1.6238500385865309 -82.16084567858952 95.1355752563097 39.139825442561445 -10.56857705074438 4.511280243947027 -60.582370829092355 25.680192318205854 -27.65774297807343 37.86078920487586 24.70227249618209 28.444984314504296 26.716981609350654 -17.032161187388745 -21.771120564533106 53.68628521925788
8501 119014 0.0011671972954944872 0 2012.7481736182624 4.978539666227267 -60.83328352310082 58.88278050096319 -42.123566810807915 56.863859185146865 28.969259938936062 67.43843452234191 -20.837749073846652 1.9724891443291597 -2.6207828033896305 -19.47218819595477 20.275654307593044 -21.674180728991196 36.066091700364126 -1.6238758089407197 -82.16076840565987 95.13581223954954 39.139840410796666 -10.568640496764203 4.511360792017541 -60.565019679271785 25.680174503128796 -27.63665113769548 37.86058951720372 24.702732951703894 28.445256132865474 26.717066973758676 -17.03220049867022 -21.7425590537176 53.701025822215655
8601 120414 0.0019579939073542515 0 2012.7481526099018 4.9787648420674735 -60.83265020906342 58.882787222953674 -42.11016723506805 56.864661652675714 28.969126537854834 67.4619283637272 -20.83864108240013 2.0009021244071334 -2.6207858208079244 -19.49126856194161 20.275879117915935 -21.674353929876617 36.05940889047301 -1.623900920069329 -82.16076635663327 95.1352993469218 39.13985164671698 -10.569830386398024 4.51135905695196 -60.55385413059602 25.680104034174008 -27.615413708621418 37.860398908480676 24.702180385034936 28.445515858620713 26.71705059643324 -17.03223894350388 -21.716622057662647 53.71332932495497
8701 121814 0.0009014716881871782 0 2012.7481280700592 4.978974352602595 -60.8326380660728 58.88284498911425 -42.08045293832993 56.86477992418293 28.969745728357594 67.51003830689146 -20.839147013607175 2.0584562239299373 -2.6207242190643285 -19.531300251642136 20.276188359537315 -21.674514450197243 36.04490405221699 -1.623925011013334 -82.16004992631213 95.13591328872153 39.139770486969354 -10.570722585469156 4.511387901338537 -60.521558447729916 25.680048632576927 -27.57077814001468 37.86022192272637 24.702885879219124 28.44575683146473 26.71704696235693 -17.032274341024983 -21.661213661332425 53.73905293239338
8801 123214 0.0010265561276413117 0 2012.7481209679613 4.979086104504319 -60.832049249472135 58.88285047975378 -42.06367508342623 56.864582388128355 28.970632558761537 67.53952707237531 -20.83958361608731 2.0947648672457433 -2.620709115260098 -19.5553222910913 20.276340843664144 -21.674601077441462 36.03646293074834 -1.6239376143455422 -82.15961511719784 95.13595979836805 39.139763268021284 -10.570445700047031 4.511362020855842 -60.50352530168911 25.6800099472448 -27.544219521471177 37.86012694714711 24.703023378723046 28.445887087005808 26.717014844968105 -17.032293812417734 -21.628274922172608 53.75480773200124
8901 124614 0.0006980371819079671 0 2012.7481148443276 4.97917534443085 -60.83174071211627 58.8828989349913 -42.04963165897129 56.86459356757055 28.970640530224443 67.56358680264574 -20.8396541542929 2.122211372116766 -2.620685646560247 -19.57516665624925 20.276090384723688 -21.67466949557078 36.030155444190285 -1.6239477601842989 -82.16022502794723 95.13617414883423 39.13974796533222 -10.570689434167065 4.511379572871448 -60.48847975035014 25.679993849174593 -27.523736875622944 37.86005131917591 24.70317844347195 28.445990335659 26.71702054594772 -17.032308906843074 -21.60351541913164 53.76645734606106
9001 126014 0.0006180276555897394 0 2012.748112998116 4.979134909436919 -60.83174437372699 58.88290589699595 -42.04851723000024 56.86475968438974 28.970578633931638 67.56617789732204 -20.839469987910633 2.1238906994657043 -2.6206799890736647 -19.576984943027213 20.276291394077504 -21.674638213167725 36.02979192244774 -1.623943165306871 -82.16013657573319 95.13597790370854 39.13975634490809 -10.570607389383639 4.511380020494499 -60.486412726391876 25.67998840594379 -27.523126456714635 37.86008561009763 24.703313562925416 28.445943586626832 26.71702159737734 -17.032302110455912 -21.601569634431 53.76736610681027
9101 127414 0.00030686380103886967 0 2012.7481128311713 4.979126901365987 -60.8318243644147 58.882921074619475 -42.046069145098954 56.86496494364886 28.970648401448557 67.56961500377756 -20.839302112327886 2.128147652796855 -2.620680813622471 -19.57994257352911 20.2765252206012 -21.6746322464367 36.02883876319922 -1.6239423616493935 -82.16005734182127 95.13604663967666 39.13974250792802 -10.570323007385326 4.511396000759589 -60.48463115987133 25.679987980249678 -27.519523053547346 37.860092515123824 24.703365087591962 28.445934446134356 26.717030479774678 -17.032300860006536 -21.597460907069348 53.7690723448612
9201 128814 0.0003569148657241946 0 2012.7481132351786 4.979119518034906 -60.831932481086966 58.88292047974376 -42.047029264554794 56.865109443154395 28.97065083549441 67.56863833860902 -20.83931089556492 2.1273243948165543 -2.6206763740026133 -19.579290261334194 20.27644271600269 -21.674626266529067 36.02898503773187 -1.6239414577264624 -82.15976099160494 95.13611396140224 39.13973387246442 -10.570241860813525 4.511400380960964 -60.48476209976397 25.679986648584077 -27.519726425633053 37.86009880782552 24.70324298163912 28.445925765535062 26.717032889430897 -17.0322995555305 -21.597666204009187 53.76875047483472
9301 130214 0.00036449390305299146 0 2012.7481129873813 4.979128372079209 -60.83194077622858 58.882935495152935 -42.04587143494973 56.86481763331033 28.970955290896143 67.57032731976264 -20.839425426134397 2.1289461128879736 -2.620658826638561 -19.580428933153 20.27642828226547 -21.67463311694255 36.02801547097292 -1.6239424134905684 -82.15971134758308 95.13592989712205 39.13974972448463 -10.570112895830363 4.511398703147165 -60.48361707655553 25.680010099727383 -27.51835941790341 37.86009119175458 24.703457819073805 28.445936092497696 26.717041114653597 -17.032301040126836 -21.596075323280587 53.76937833215331
9401 131614 0.0003262829264681183 0 2012.748112686807 4.979129799335766 -60.83189184570173 58.88291937598081 -42.044882820261364 56.86506594582745 28.970752902953762 67.57264872211758 -20.839469401376817 2.1317235910522356 -2.620662859467444 -19.582533603882524 20.276233070228443 -21.674634163556846 36.02803272977994 -1.623942639718278 -82.15972579068772 95.13599477987601 39.13973759206972 -10.57021343713322 4.511397629160001 -60.48238578923346 25.6799873546899 -27.51713794390571 37.860089941402634 24.703232416371456 28.445937636249283 26.71703370595 -17.032301284365477 -21.594083103473935 53.77002620023026
9501 133014 0.00023562904266233314 0 2012.7481122999975 4.979148767509589 -60.83178061350225 58.88292822786292 -42.045101541764325 56.86467597874671 28.97077234649683 67.57161216230688 -20.839234468230273 2.130173959136158 -2.6206717523742213 -19.580916779021294 20.276190374168408 -21.674649043604422 36.02788912621165 -1.6239447362262882 -82.15996333537956 95.13595442771839 39.13974286336179 -10.570215211247302 4.511394771916798 -60.4825750653159 25.679999869821813 -27.517768112741805 37.86007386786778 24.703471170979853 28.445959724395916 26.717032617893636 -17.032304487011743 -21.594821390584315 53.76954641728295
9601 134414 0.00023645895846077824 0 2012.748111912194 4.979145438359566 -60.83170275477599 58.88292074307478 -42.04518321152909 56.86491562838655 28.970517454644863 67.5720863633106 -20.83941549126004 2.1306189720283726 -2.6206568077859913 -19.581935648601842 20.276150440792406 -21.67464634110913 36.028557145431336 -1.6239443668909361 -82.15994434594772 95.1359622977901 39.139742671943054 -10.57027647516847 4.511391072382793 -60.482269600748026 25.679998264077028 -27.517715746049134 37.860076703363376 24.70334879922359 28.44595568521884 26.717032236132553 -17.032303843023897 -21.594677745391294 53.76980549595268
9701 135814 0.0001512311467119395 0 2012.748111548487 4.979182263677949 -60.83173827401154 58.882921735932115 -42.043878574547534 56.86492902526587 28.970577201049366 67.57447822533899 -20.8394140796797 2.1332644654333706 -2.6206557573981684 -19.583473704987313 20.276165800651114 -21.67467467829926 36.02775131318705 -1.6239484278629734 -82.15990304660706 95.13590390358468 39.13973558910669 -10.570305849756295 4.511389564053445 -60.48100760756469 25.680000952132843 -27.515899490341553 37.86004546642516 24.703407072940486 28.445998245933065 26.717029881381308 -17.032310102860333 -21.59235667533798 53.77083956343242
9801 137214 0.00010662518559032931 0 2012.7481123900127 4.979192945047778 -60.83169028282276 58.88292201673225 -42.04368009407335 56.86489196924442 28.970615853273188 67.57421712429559 -20.83949590006918 2.1330459740723597 -2.6206495097942764 -19.583284260831846 20.27615740851624 -21.674683004651975 36.027794497064946 -1.6239496605149282 -82.15993209310477 95.13590524786414 39.13974276757659 -10.570228205238351 4.511393663421302 -60.48126353483562 25.67999540857062 -27.51607478366782 37.86003629166217 24.703331347740793 28.446010730539836 26.71703490941013 -17.03231199539101 -21.592634179696546 53.77080674360954
9901 138614 0.00021424638602994485 0 2012.7481115071737 4.979194152549184 -60.83170086373346 58.882921414451815 -42.043193873544624 56.864916918685886 28.970564872889923 67.57431594683416 -20.83950865903111 2.1329918052800565 -2.620657375915272 -19.583353531966708 20.276098958464814 -21.674683951778402 36.027805060796794 -1.6239498251440252 -82.15995572788079 95.13587145956336 39.13974232165825 -10.570292174994961 4.511391096235911 -60.481056148302144 25.67999386387328 -27.516011843185424 37.86003523291029 24.703296100492082 28.4460121048203 26.717030995058906 -17.03231216055724 -21.592381556323602 53.77068902233654
10001 140014 0.00024477447309349896 0 2012.7481118933692 4.9791733081681 -60.83167159503634 58.88292993699766 -42.04294070832975 56.864790897209346 28.97061124596658 67.57486202341474 -20.83940240134936 2.133572456988844 -2.6206599278189913 -19.58347848087837 20.276140086931974 -21.674668023285093 36.02747750528212 -1.6239474293144038 -82.15998228610933 95.13573535067898 39.13975136483323 -10.570373565978343 4.5113849703352 -60.48075271289039 25.680006245184245 -27.515926674560205 37.86005302167018 24.703501516438926 28.445987992823085 26.71702885070556 -17.03230859921424 -21.591777062152545 53.77112531537156
10101 141414 0.0001309409363046409 0 2012.7481125141505 4.979183572385214 -60.83172213557421 58.88292738879491 -42.04309653112341 56.864877164235686 28.970675794196296 67.57477860878416 -20.8393943604934 2.1334838209757834 -2.6206593415672046 -19.583402211634933 20.27627242422281 -21.67467592130296 36.027742609589126 -1.6239485772948345 -82.15988993170728 95.13574429935571 39.139751645320615 -10.570275352206124 4.5113838195955225 -60.48098603566527 25.68000539010069 -27.515978873694394 37.860044319871946 24.703540301818634 28.445999776835837 26.717028122757824 -17.03231030240502 -21.591948922018986 53.77118786943967
10201 142814 0.000126228463788532 0 2012.7481119689928 4.979162228525798 -60.83175369306403 58.88292558892792 -42.043380665724726 56.86497919598225 28.97061515345763 67.57473082476903 -20.839363339846813 2.133618113146298 -2.6206571941705477 -19.58364373102367 20.27631545390588 -21.674659319399503 36.027664344449335 -1.6239461766090701 -82.15985519857563 95.13576282602078 39.13975551421133 -10.570303868650711 4.511382382721479 -60.48076995938035 25.68000133142567 -27.515855743507018 37.860062445480025 24.703501393303284 28.4459750177031 26.717027383512487 -17.032306673974023 -21.59174027131698 53.77131216537404
10301 144214 5.5136407507031844e-05 0 2012.7481112331363 4.9791698808672 -60.83175298612636 58.88292320830025 -42.04310189861985 56.864978525710214 28.970625932342358 67.57496873838804 -20.839401841101534 2.1337445765464906 -2.620659786507275 -19.58375597754761 20.276299562017613 -21.674665254616123 36.027656344199016 -1.6239470351517333 -82.15983449664144 95.1357174430139 39.139752025554515 -10.570300775931202 4.511381114186747 -60.480717220303035 25.68000080809867 -27.515658146532132 37.860055916022446 24.703497751790998 28.445983945131616 26.717025230908774 -17.032307981164596 -21.59164386865845 53.77127989912955
10401 145614 2.702317392922332e-05 0 2012.7481120862715 4.979176441669139 -60.83175481640046 58.88292356342352 -42.043247387909105 56.86502861729265 28.970603291899437 67.57501329530245 -20.839402600664783 2.1337844934945167 -2.6206579677863715 -19.583807338012406 20.27630227315447 -21.674670272371145 36.02773497948553 -1.6239477668809528 -82.15982748500618 95.13574670455313 39.13975270425374 -10.570290651642921 4.5113808279003536 -60.480767402188434 25.680001168312003 -27.51576096476856 37.860050381763955 24.70350271598611 28.445991490101655 26.717025449930475 -17.032309101765005 -21.591712495522955 53.77132034900373
10501 147014 3.140482264751734e-05 0 2012.7481116998147 4.9791737543257 -60.831757425241534 58.88292342595371 -42.04324156624443 56.865029724172416 28.970603846812793 67.57508517454798 -20.839403460471857 2.1339205654820432 -2.6206583381784014 -19.58389310544507 20.276301355630437 -21.674668181956708 36.02766180790829 -1.623947464234429 -82.15982428273782 95.13574790250557 39.139752317677576 -10.570301126640686 4.511380712480786 -60.480695897756135 25.680000655058166 -27.515669350595772 37.860052664838946 24.703497191267772 28.445988392218652 26.717025100280864 -17.032308657955262 -21.591586820626475 53.771381404448874
10601 148414 4.296759677205365e-05 0 2012.7481125749946 4.979179445899412 -60.83176691917876 58.882923683905524 -42.043301924724574 56.86502556856597 28.970632294667126 67.57533356131566 -20.8394196000755 2.1342490366949676 -2.6206594861638735 -19.584090762761292 20.276316384216017 -21.674672544084693 36.02761311342951 -1.6239480859322697 -82.15980390113461 95.13577885479833 39.13975135236956 -10.570315622912403 4.511380290734593 -60.4806588229404 25.680000622385478 -27.515595012528138 37.86004785762293 24.70349509782921 28.44599493727741 26.717024275245507 -17.0323096331783 -21.591437832886044 53.771520982410806
10701 149814 6.593487596200524e-05 0 2012.7481133217523 4.979167696557418 -60.83174339449465 58.88292375920199 -42.043263826591556 56.864997976015 28.970605187745974 67.57482807817686 -20.839381231047554 2.1336702642759917 -2.620658954228361 -19.58363664458338 20.27628154119273 -21.67466353325215 36.02759573119849 -1.6239467478950713 -82.15982753710655 95.13570960893875 39.13975291720736 -10.570327083230126 4.511380393952123 -60.480803996516755 25.680002083772195 -27.515787154777627 37.8600577629808 24.703476924061626 28.4459814472985 26.717025136503906 -17.032307643736104 -21.591738985099113 53.77127449959184
10801 151214 0.00010476492909006602 0 2012.7481124735264 4.979148477990567 -60.831756062972744 58.88292268884988 -42.043441293775004 56.86501916103887 28.970617943575036 67.57418078110354 -20.83930141929622 2.1330450177714226 -2.620665615269388 -19.583208125029017 20.27628469366954 -21.674648683084705 36.027603129962216 -1.6239445894538482 -82.15984963054373 95.135680371639 39.13975241062198 -10.570308555798192 4.511378675630823 -60.48092178947158 25.680002237530175 -27.51587184428422 37.860074054041746 24.703513011419943 28.44595929119935 26.71702260990469 -17.03230435701606 -21.59218716555492 53.77091165328645
10901 152614 0.00015926735268007342 0 2012.7481124022547 4.979124365148628 -60.83175312262861 58.88292169235342 -42.04304383755107 56.86499629202898 28.970537096109325 67.57435670024424 -20.839237103650788 2.133359513052568 -2.6206640242246806 -19.5835109245223 20.27623265065671 -21.674630127924786 36.027510940805854 -1.6239418635682608 -82.15987520203875 95.13568534236269 39.13975050117487 -10.57027378411371 4.511381023706832 -60.480618597866254 25.679997506454754 -27.515408653093118 37.860094433635254 24.703508264983093 28.445931473502974 26.71702358531843 -17.032300239449793 -21.591815323129453 53.7710460102854
11001 154014 0.00029819698584798585 0 2012.7481144626354 4.979150384263818 -60.831802560407965 58.88292872854686 -42.04335195180897 56.864983942750136 28.970551645136794 67.57522919804669 -20.839355994959277 2.133828678886715 -2.620658870918362 -19.58405884209114 20.276401993078508 -21.674650381404938 36.027829704358936 -1.6239447805385323 -82.15972967648901 95.13580075650293 39.13974498483138 -10.570275403073992 4.511384494639003 -60.48078606374074 25.680004695554373 -27.515733207363155 37.860072447802736 24.703603903415406 28.445961491647143 26.717026920870723 -17.032304688849724 -21.591555691734214 53.77146618440892
11101 155414 0.00025237315871572065 0 2012.748112019976 4.979145347734963 -60.83186845068374 58.88292202517715 -42.04334225797834 56.86502153158206 28.970623205687133 67.57478706089645 -20.839341878208955 2.133474884208084 -2.6206750447756235 -19.583749679438 20.276429740355326 -21.67464633830616 36.027659352144354 -1.6239443373942497 -82.15980177748497 95.13576328672815 39.13973692011663 -10.57029874710409 4.511381954556981 -60.48059903998964 25.679999730550776 -27.515600202400947 37.86007671569578 24.703598613218524 28.44595561752904 26.71702000885867 -17.032303782336214 -21.591705619189582 53.77107939170568
11201 156814 0.00030063473985303044 0 2012.7481121016622 4.979105776727685 -60.83187563733722 58.88290554149226 -42.0429400471628 56.86501346873822 28.970509577880478 67.57405690604568 -20.839457845349187 2.132767601004929 -2.6206867979209676 -19.583179634242327 20.27630132699352 -21.67461584714622 36.0273125170431 -1.6239400656035947 -82.15996064593273 95.13563930685918 39.13972701371661 -10.570330169990797 4.511374699384817 -60.48055150148261 25.67999383735014 -27.51585919809372 37.860110194289575 24.703522871380535 28.445909925957185 26.71701023438044 -17.03229706901927 -21.592138656747778 53.77046263503402
11301 158214 0.0002160939723921198 0 2012.7481129863554 4.979094319231269 -60.83198458996404 58.88290317783263 -42.04297304350462 56.86508988966007 28.970497501417157 67.57519171227304 -20.83935623706995 2.134418247282923 -2.6206960629511116 -19.58423598488602 20.276343366536537 -21.67460684026372 36.02700717170032 -1.6239387843992072 -82.15990461149455 95.13574663858466 39.139725718906206 -10.570365852340387 4.511374119439239 -60.47979154225945 25.679981742329005 -27.514904252016322 37.86012004164982 24.703503376593623 28.44589654203451 26.717005526827535 -17.032295093011236 -21.590915834103583 53.7711975389694
11401 159614 0.00043760216415700504 0 2012.7481131105546 4.979139463656281 -60.831876637701896 58.88290470220912 -42.04282997157293 56.865061067234755 28.97041358922806 67.57602430590177 -20.83957028862423 2.1353041499581593 -2.620678072577306 -19.584646213917352 20.27622992668819 -21.674641787811154 36.02682457224361 -1.6239438945610636 -82.15981040653753 95.13578823612494 39.13972428561783 -10.5704318875853 4.511370666332937 -60.47985863582616 25.679992136093517 -27.514825733400357 37.86008180469838 24.70341820764991 28.44594885553645 26.717007070619076 -17.03230295445563 -21.59009344475075 53.771830988109144
11501 161014 0.0006396718465675319 0 2012.7481132004655 4.979126295188024 -60.831942708862954 58.88290239426375 -42.04166008079733 56.864954014249356 28.970489848831875 67.57776876469197 -20.83929143811301 2.1378895245873935 -2.620665973985467 -19.586106327907686 20.276238941141486 -21.674631623783984 36.02590353353557 -1.6239424039046289 -82.15981140580142 95.13584403155681 39.139722732611986 -10.570209254775534 4.511372142536686 -60.47831396759929 25.679989247604624 -27.512641779949263 37.86009319179075 24.703520427267087 28.445933524569142 26.71700958855297 -17.03230076957994 -21.587710033343996 53.77331955304871
11525 161350 0.0006390737468009389 0 2012.7481123188309 4.979159955121688 -60.831908293487174 58.88290613726729 -42.040462166530915 56.86505751077559 28.97045942584876 67.57935745901509 -20.83946673590671 2.1396558686545575 -2.62065635454249 -19.587313848011576 20.276168593625613 -21.67465753069266 36.02541405612746 -1.6239462078146403 -82.15978436485285 95.13577756499444 39.13972400410681 -10.57035350520755 4.511367088921219 -60.47760040377179 25.679999066882317 -27.51161941044711 37.860064677232344 24.70349186650202 28.445972381172727 26.717008577629286 -17.032306535253728 -21.5860052215788 53.77410676390079
