% # columns="iter, evals, sigma, 0, fitness, xbest" seed=37, Mon Jul  6 15:13:27 2020, <python>{}</python>
1 14 51.45535551172738 0 3131.8117814973166 32.493746401891556 -63.565083680290016 -97.91159612621364 -34.42780079242434 -58.52815070086631 -40.870423352488885 -32.54085517560534 -44.673842729353936 -3.045655314591559 42.46501104976711 -10.860542516509335 9.805685749008967 43.907188504858354 -93.79279851646878 -9.143272614930353 -96.19146947060334 -63.41750335480556 1.0167115654108634 -13.88240854420145 -14.50941053674989 96.70284749250601 -42.134699459624684 34.639121118258586 68.62996937660549 -13.13799694772903 12.211741201909687 6.2701344690674645 30.14200465608302 79.74533207523936 30.302642385908747
2 28 54.37684656831383 0 3021.957205294532 24.41486809901897 -46.51235064736886 -90.6772718982912 -36.889172414546124 -43.42363261160209 -16.180291480737413 17.79154814108938 52.423202886806514 57.76419875372133 96.02977008103188 6.731427190194227 -38.05005425169786 18.53495685217824 49.47974265591856 85.20040764810136 6.483108908163757 -72.9072756218927 63.69148682706119 -96.74653213605258 -43.44115260448321 -12.500997535296548 -26.86553345962296 36.73728394285032 90.05720850006283 -24.90479350922332 -76.26419450596472 31.24152468861597 -50.041659475180225 16.111769585702557 75.18115732446984
3 42 60.45400401404457 0 2990.6036137140827 57.14332357911883 -71.40854809526104 5.8996042581921415 -0.17373394915381724 50.947925785101006 14.41282791465904 47.92773040830143 -16.11743074902089 27.662680477398936 79.05254212927426 -40.52751248524372 46.41877566801294 31.714336366771153 32.02696198674461 46.8649293760226 -80.53641165216732 -99.32599266024447 72.28691183412732 15.617463398415545 -57.53995223623198 -12.812152310680645 -33.67380871682252 -18.31143044075788 73.32526708777831 -21.149007865267627 -95.4269407628111 77.09529315212069 51.48011878939383 -4.946678589425552 -25.796599205757673
101 1414 0.6336384209329521 0 2392.410452870542 66.12515661940262 -35.481287913521534 50.20283911511589 50.81248681148958 43.44168445787115 -14.305496405766945 -72.54976585181427 78.09337640334742 -85.56561252448003 9.003655159097718 76.95287128753536 69.25570723997049 64.48637020686485 -79.29740065847022 96.58394989498261 -2.5807145358441175 -99.77813843577148 37.8604771994278 -28.4363192374353 -4.012123306414452 53.83923990219242 -42.779068572209866 -18.185381105941246 46.328839233884366 2.091349621907085 -48.51203176480218 -40.98515378590642 -17.87923927629214 -36.556047225519855 16.72626401770223
201 2814 0.01800339940686724 0 2373.6156926590884 67.23396600000339 -35.10358251585818 50.06564825039763 53.12838097515376 44.28829347764426 -13.32274500021822 -69.69031061742177 77.79688715579618 -84.56046363685749 9.157376221603073 76.11141369857894 68.20458113051382 66.20424333263578 -79.09755024464224 95.58444815067027 -3.1313299015512763 -99.99999999842055 38.267387586600975 -28.67183580631459 -5.301938662292542 55.305875773005596 -43.08353053753373 -15.965366081881257 45.69546028920345 1.693994441221946 -50.57932266799716 -40.30041282606912 -18.74242660075319 -38.17971081276616 16.22758808216602
301 4214 0.00505376837021753 0 2373.57264442748 67.23496916685937 -35.0770812046927 50.720682645754636 53.13063871312889 44.24867014969309 -13.324235011859741 -68.84670798445674 77.83312219961272 -84.59216029875759 9.170585955099853 76.07075887879027 68.23532288323824 66.2150489092096 -79.1138652608391 95.56058174924584 -3.1142681310931173 -99.99999898017171 38.25313206264146 -28.663623777797426 -5.30707483574983 55.26128157287346 -43.10146071438737 -15.993183350593682 45.66712068482616 1.6798481397163698 -50.582017611873376 -40.28248971790656 -18.77620301132805 -38.161845599679864 16.234285434640658
401 5614 0.030369484157560758 0 2373.544327094138 67.2581074874079 -35.12868277192767 54.263627987622186 53.10799032169288 44.231793838317316 -13.323919610263289 -70.1277460931461 77.8207024286365 -84.58399857766499 9.168338827496171 76.02449216468584 68.23714868803398 66.23879594275888 -79.11473583648686 95.5327456890646 -3.0922714688401256 -99.99989392224776 38.276002202933135 -28.658084282797915 -5.329913212017232 55.292528826742654 -43.11349372874716 -15.961962087817653 45.6332211503491 1.697095548085997 -50.62024883131642 -40.29295052721749 -18.754053498999355 -38.15890787285345 16.214414311628666
501 7014 0.004100205222773172 0 2373.4869055876266 67.23674963497521 -35.085421780210275 63.934464596790434 53.13568549974332 44.25020927056415 -13.327459203768427 -73.84616666257497 77.82615702733366 -84.58533626561652 9.165738410954305 76.07966731651078 68.23228821404274 66.21519877913411 -79.1004036459534 95.56714870962426 -3.1038526203893473 -99.99999972412095 38.24923081980295 -28.669592232927812 -5.320688565267261 55.263383497699806 -43.10222859608902 -15.990002121314348 45.67153379671305 1.6791569301810796 -50.580298056227974 -40.28020638439068 -18.773765053635742 -38.165791175287055 16.233554546078157
601 8414 1.4992849464069232e-05 0 2373.4867562738327 67.2394247230998 -35.08721544973403 64.08083858710862 53.13104800782827 44.25044927436166 -13.323171990407928 -73.89742502097707 77.82836074203793 -84.58376706879997 9.16803711848263 76.07842805772064 68.23290075664026 66.21284359723535 -79.10211049438192 95.56657261009214 -3.1068235537408606 -99.99999999997507 38.250180263280775 -28.66656624297235 -5.31295024732259 55.262354247325106 -43.098102594451774 -15.988044375389393 45.667457012743824 1.68383240915216 -50.57804251782384 -40.28183884965016 -18.776884624441294 -38.16642137194921 16.23342893562109
687 9618 1.1665842426737355e-07 0 2373.4867562715544 67.23942810057201 -35.087227979338245 64.0799376463406 53.13106917779669 44.25045288480222 -13.323168972569164 -73.89703235968179 77.82834943931478 -84.58376004299166 9.168032802400518 76.078419326541 68.23290691812699 66.2128463501191 -79.10211216394919 95.56657267639926 -3.106825696357563 -100.0 38.250188810245625 -28.666561273966266 -5.312952187967738 55.26235701638595 -43.09810336931227 -15.988053605142454 45.66747540116839 1.683835380736042 -50.57802982609555 -40.28182681860238 -18.77686488653194 -38.16641686052569 16.23339660844885
