% # columns="iter, evals, sigma, 0, fitness, xbest" seed=43, Mon Jul  6 00:52:57 2020, <python>{}</python>
1 14 46.73974784609729 0 25007.27415397356 2.835067419655211 16.55403847413325 -13.089088307134823 -35.46342329207427 8.323014763089834 23.66632978189444 26.185470704180965 -3.776826948493063 -32.902391450377685 24.963675114872956 20.050220765864044 -45.95318834070375 47.44241196565955 37.992315412779206 -2.0934003308122042 -62.713652538071344 -60.7085107081684 21.72335165438172 -26.2730232864103 -13.705751824731804 -56.44631780393493 41.16445328222246 -94.5929006620317 -2.3835909130473976 17.76047158909609 30.598063041379643 24.113688909693014 -60.97929278169564 -20.625595991864934 -37.22845658148319
2 28 44.79244022303307 0 37065.52757372026 25.796396502684285 -41.75765319927808 89.11772979742818 58.051476439516094 -10.25220929985425 49.17778284107416 -11.71965849906451 38.78168063641162 -35.01463100148902 7.227350472352704 96.90944497784639 52.03063636227259 96.51654212339083 24.912197504091885 64.49177812692818 -54.5514974463747 -55.93234177962083 10.857553323828538 -61.98586340566577 44.56482834356446 -36.615733777167826 -72.25108934521023 -90.12091436792956 21.862633653804572 -57.970540797768294 37.61397414702839 94.04568777826094 -36.599731911972725 4.075684621040093 -81.82297304385362
3 42 44.02130853897681 0 27966.960898811703 57.61156695698168 -20.60234086052183 49.91643149130775 24.245856870561692 -93.77868593680313 52.966453082085145 -42.33571703888941 -31.215269949367286 -27.147674915592397 -10.732329708422945 67.95373489042774 23.227303322001735 81.19409890690962 24.3180466305182 -34.8831681595761 -72.49624080562734 5.460755388878582 0.10272490569558634 -54.55927907395795 34.14298815787478 -99.224293725421 -46.349963537005074 11.628343660404916 6.133076438166186 -68.98424691376323 56.22227085051025 -41.5653360316072 11.387825612597773 -58.441886839610525 -32.242871750622285
101 1414 6.605416497827007 0 1924.3313180015532 -30.638779216496545 3.8005470930370797 45.497939535779174 47.975271435434 -17.51638817393271 -2.0306557292022376 11.9212996661322 -4.604682620818181 -44.043224219581745 54.23967527478338 -15.087345272958306 -8.822097143096086 48.72649569657759 -47.5559922381834 2.331791648938532 -29.972282830393592 46.23924904912366 -21.246398631657534 -69.36572723910933 14.77126813197522 -73.70426556710069 -47.30580415721412 54.242024965082294 -30.09938470843884 22.6728618711698 77.52707593640164 32.26374566213465 32.91161541728625 -96.07045226981639 20.06476210244316
201 2814 0.4134414855704199 0 903.1824973770106 -22.951936767887677 1.285616631858752 21.7481676808249 51.65711237832933 -16.49212860308228 -12.025033963819084 17.41720294144691 -2.587873551648471 -50.40342383031101 43.862843407388404 -23.778751659158296 -19.839083909751988 53.9606104594697 -58.23918384637742 -9.146828261376735 -39.26383789153426 52.89027404477221 -15.704932148543888 -59.77902231461934 21.971148179589342 -63.2136695936018 -50.9071762839368 45.683035647453 -38.57520120159891 23.00593042153881 71.25831041866041 30.19330041547025 33.48926556850757 -75.23593459716349 17.406500532155647
301 4214 0.03147227149777868 0 900.1048768432349 -22.99780145795792 1.2613432241189655 22.29167373197044 51.93712726635397 -16.66530469271038 -12.068418398513813 17.104181176988796 -2.3935166974727053 -50.599872769028146 43.003021329225646 -22.63559372745192 -19.561384192174405 53.71564451541212 -59.27280182806314 -9.010579654989447 -38.44598296472104 52.01260972717219 -15.522794846822155 -60.24944034307313 21.606535006917372 -62.83877778981824 -50.73975038506899 45.73577465371215 -37.914693282165736 22.093595531184075 70.15044270640527 29.357747427230194 33.19346639421535 -75.01307609906829 17.87522249730508
401 5614 0.0008366121055762047 0 900.0895405975061 -23.03801619216598 1.2700745049485596 22.379326011200515 51.935110078376 -16.637971148070335 -12.146380958230168 17.023817516946917 -2.3824744117444254 -50.57927340004471 43.04503253316512 -22.665071587067896 -19.609034057781503 53.71634144660176 -59.28336840591767 -8.987950940669856 -38.466407650764616 52.00485485970586 -15.588895661249627 -60.284037775081345 21.58219761947618 -62.85997566326051 -50.729352866032244 45.719822728599816 -37.89703418693706 22.105106854517608 70.13616834088668 29.377313029965304 33.16565904208437 -75.00590322872159 17.867645652564512
501 7014 2.4990627035431837e-05 0 900.0895282560388 -23.037513365541628 1.270114679171914 22.378071414072476 51.9372677926578 -16.63811854485192 -12.14604040172253 17.025529341475252 -2.3838240970412414 -50.58020454554226 43.04543803817114 -22.6634045057878 -19.60945329089273 53.71577529362176 -59.28314009063691 -8.98913798676948 -38.4660201587956 52.00483717306804 -15.588256200792522 -60.28331615436579 21.581613320695897 -62.85947778803737 -50.729178165339185 45.71914819572088 -37.89719151021599 22.104032555331703 70.13588308171052 29.376058365933158 33.16522014935774 -75.0062389122651 17.867453240797154
601 8414 5.540430114141191e-07 0 900.0895282504185 -23.03751188182508 1.2701038416083057 22.378066900224933 51.93725487943938 -16.638127476486545 -12.146034746712786 17.025538802656623 -2.383817885918262 -50.58018239984876 43.045471594177485 -22.663413962868674 -19.609432040225325 53.71577922643361 -59.2830637306436 -8.989146906836945 -38.466020558883756 52.004849965669365 -15.588257940868772 -60.28327373648838 21.58162656261112 -62.85947779166706 -50.729186931432004 45.71913284384683 -37.89721247994397 22.104032032453954 70.13589500854815 29.376053501776482 33.16519797870729 -75.00621819031045 17.867444210395444
640 8960 1.1561965480594689e-07 0 900.0895282504166 -23.037512182075417 1.270103957199682 22.378066878133453 51.93725498501038 -16.638128224017237 -12.146034824595915 17.025538608493008 -2.3838184234953133 -50.580182511195716 43.045472181324975 -22.6634135745808 -19.60943145263034 53.71577944826335 -59.283063905977336 -8.98914624158821 -38.466020357945254 52.00485020154022 -15.588257879953254 -60.28327338083429 21.58162656260055 -62.85947812031373 -50.729187132479375 45.7191327340813 -37.897212265542485 22.104032213276938 70.13589544566565 29.376052941489565 33.16519762475312 -75.00621881341354 17.867443714365116
