% # columns="iteration, evaluation, sigma, axis ratio, bestever, best, median, worst objective function value, further objective values of best", seed=894675, Fri Jul  3 09:35:13 2020, <python>{}</python>
1 10 50 1.0000450010125153 1906.2506775259174 1.9062506775259174e+03 20730.193196986238 87719.45078361047   
2 20 57.131540589786134 1.1767268404470388 1906.2506775259174 4.0939002764653596e+03 5198.457452046629 42602.45824376525   
3 30 58.675543549590515 1.2692040701687306 1906.2506775259174 2.6193091788008592e+03 6945.052367925586 16582.787874804737   
101 1010 0.9451818832170076 5.36888563103548 406.5334283389297 4.0653342833892970e+02 406.6595405110306 406.8956502192516   
201 2010 1.5953905328103353 12.568377373800603 403.292135740956 4.0329722190124181e+02 403.43100186517097 403.63482441526423   
301 3010 1.2326043400072124 17.760420963947897 400.5610179464057 4.0056101794640568e+02 400.6049534306878 400.6752528281214   
401 4010 0.298405433830942 51.43759426613949 400.0003085708655 4.0000037981863971e+02 400.0012689809413 400.00209503341887   
501 5010 0.0015180584481340647 44.718914205000736 400.0000000008099 4.0000000000300565e+02 400.0000000040524 400.00000000986074   
582 5820 6.998913337836921e-06 56.015430255279774 400.0 4.0000000000000006e+02 400.00000000000006 400.0000000000001   
