% # columns="iteration, evaluation, sigma, axis ratio, bestever, best, median, worst objective function value, further objective values of best", seed=47, Mon Jul  6 04:04:42 2020, <python>{}</python>
1 15 48.09363127133408 1.0000490012005196 15158359991.316042 1.5158359991316042e+10 29987086004.412796 61688020514.21835   
2 30 47.62334751482195 1.0419982307465128 5409704907.752388 5.4097049077523880e+09 21253368572.94826 65604113497.74316   
3 45 48.97028969516781 1.049213699172418 5409704907.752388 6.9344530188481026e+09 16996929564.354849 39053032175.0078   
101 1515 0.11868758530998332 1.62224685530669 2506692.8127350006 2.5066928127350006e+06 2609861.429044593 2759177.2080909032   
201 3015 0.15459504156733642 3.5715341053048917 1435055.2895510674 1.4657289606233388e+06 1534654.9486580186 1702194.461917291   
301 4515 0.08599610534488616 8.525484311062758 389244.8648078473 3.8924486480784731e+05 418064.37985178287 499085.4251129739   
401 6015 0.02751320479878645 18.436217150875652 127477.17137364791 1.2807440036508720e+05 130077.77295554648 134873.0717008794   
501 7515 0.010649393243139979 41.05284211572276 101242.51530223367 1.0124251530223367e+05 101510.10785184217 102196.12376035712   
601 9015 0.014393240116942738 54.61342501440717 96081.102311287 9.6109922263631772e+04 96615.12307200597 97349.40372818988   
701 10515 0.021341457565180216 59.779847930113135 78867.84682338493 7.8867846823384927e+04 79811.46317100442 80978.8530998752   
801 12015 0.035804127478012863 67.63802498141943 49006.212380930556 4.9006212380930556e+04 50485.56915503371 53877.170376940834   
901 13515 0.030100002087370188 75.60797879424733 21220.547695844016 2.1530157006805097e+04 22104.732655507985 23481.64788572917   
1001 15015 0.016080715070059752 99.1404761254405 12838.026912434616 1.2975342863104263e+04 13135.931180513755 13407.729985310907   
1101 16515 0.015002861381087387 282.0892475169696 9378.786706812927 9.3787867068129272e+03 9583.447152314315 9782.584094831513   
1201 18015 0.0009906950735401813 515.5546471438028 8068.709713011792 8.0696892973718814e+03 8071.416758772557 8075.385731060387   
1301 19515 0.00048188309226431447 429.39670972755954 8066.212035225288 8.0662120352252878e+03 8066.786985317369 8068.589679435467   
1401 21015 0.0003270529977490206 343.0448253564503 8063.6757269338395 8.0636757269338395e+03 8064.385984449837 8065.779936146211   
1501 22515 0.0005403042494278176 277.0012443310212 8058.562542518191 8.0585625425181906e+03 8059.182756632067 8063.038829645076   
1601 24015 0.0038322369414591283 299.1182826556346 7843.251532744066 7.8432515327440660e+03 7852.511993182775 7865.337475724604   
1701 25515 0.014172714853720392 353.97045428647937 7228.285127876326 7.2282851278763264e+03 7315.0282199531775 7401.384965354477   
1801 27015 0.005515424784846858 516.43007357893 6116.700327003089 6.1184026163618782e+03 6124.702471253502 6138.506980597802   
1901 28515 0.015154689879315062 542.0707276204434 5613.812883750932 5.6138128837509321e+03 5679.265268388074 5753.04952421915   
2001 30015 0.03482601143694215 589.6615552038345 3757.5626210126366 3.7575626210126366e+03 4044.1370019143924 4288.868492480393   
2101 31515 0.00399725910209165 714.8908053759067 2389.358599495694 2.3904208401449605e+03 2394.5993172262615 2399.2002427222556   
2201 33015 0.00023618754859215692 749.5881635969732 2380.2641451035097 2.3802641451035097e+03 2380.3036422912196 2380.370575296751   
2301 34515 0.0006150358019618361 695.346400367265 2378.971071790559 2.3789878948538812e+03 2379.220244357584 2379.6407002389706   
2401 36015 9.465640529416337e-05 655.3649259276659 2378.4101241037533 2.3784108188943615e+03 2378.4227890422194 2378.4409251162315   
2501 37515 4.441232978683423e-05 584.2711191509101 2378.3536803367915 2.3783536803367915e+03 2378.3559943215655 2378.358729614833   
2601 39015 0.00015344326216422375 504.62600265829474 2378.2816065730726 2.3782845838951962e+03 2378.2907303801517 2378.314014164065   
2701 40515 0.00019084101758240173 486.15832068170795 2378.1597931212946 2.3781597931212946e+03 2378.1758126047507 2378.1840727146255   
2801 42015 0.0002820031393428858 462.5083459172274 2377.9406409280728 2.3779406409280728e+03 2377.965671375385 2377.986461670812   
2901 43515 0.0011586865184768905 464.7203581606811 2376.3148894776723 2.3763148894776723e+03 2376.5041530725666 2376.824090777931   
3001 45015 0.0010600126566164005 490.9423702700171 2371.368268845524 2.3713682688455242e+03 2371.5035687275868 2371.619222143535   
3101 46515 0.002043374928433184 497.8865810845665 2358.785210354969 2.3587852103549690e+03 2359.2063866736758 2359.694406406601   
3201 48015 0.0022453577696788544 525.377352281837 2353.937949950428 2.3539379499504280e+03 2354.506813715059 2355.1067094814566   
3301 49515 0.0005580480545606267 634.641696062283 2346.48016282866 2.3464863385260442e+03 2346.5071636750795 2346.5598330942266   
3401 51015 0.0010691028509979624 664.5869328506644 2344.0711031256233 2.3440711031256233e+03 2344.2094086341053 2344.4545599054672   
3501 52515 0.0023320517902139398 782.81860055532 2338.9993094855727 2.3389993094855727e+03 2339.2899212774373 2339.900032761701   
3601 54015 0.0007292657050343405 861.0554617500458 2337.878806231724 2.3378830996243969e+03 2337.911913211279 2337.9601177525396   
3701 55515 0.002252883342746544 964.3612953511331 2335.075203559515 2.3351842184538709e+03 2335.3551256114347 2335.615157063364   
3801 57015 0.0033425677873363023 1080.8723719247837 2323.589115895939 2.3236333499183052e+03 2324.021075599789 2324.9380593264727   
3901 58515 0.00445580671700858 1370.7692151348072 2319.5667948155733 2.3195667948155733e+03 2320.03288423005 2321.2190055636283   
4001 60015 0.0011076740539988402 1393.8436738106589 2317.9136181781832 2.3179194088953095e+03 2317.9441747521555 2317.9878778323214   
4101 61515 0.0012184876036280563 1394.8359611470212 2316.9882089953594 2.3169882089953594e+03 2317.0242914862147 2317.127454137199   
4201 63015 0.0013194705395611404 1396.5125604617078 2316.075538433658 2.3160900771610823e+03 2316.1229902071286 2316.169287135641   
4301 64515 0.002257114467938508 1383.6368142666358 2314.6359310462726 2.3146940773792257e+03 2314.752908209463 2314.9048659959717   
4401 66015 0.007404820516360322 1393.608446228199 2310.3135372166657 2.3105918985227545e+03 2311.26856440016 2312.291894647345   
4501 67515 0.0033218780159168706 1516.0013522980928 2299.234740307552 2.2992347403075519e+03 2299.493594362325 2299.671409533852   
4601 69015 0.00016525813077417897 1508.739251918376 2294.2463191248235 2.2942463191248235e+03 2294.255555687361 2294.26566714762   
4701 70515 1.5353774054902445e-06 1286.5903591830354 2294.239460427495 2.2942394897504660e+03 2294.2398406435673 2294.2402025327538   
4801 72015 9.061346735536499e-09 1089.9964972179723 2294.2389409168663 2.2942389461214743e+03 2294.238953519184 2294.2389654837543   
4901 73515 3.143823285236772e-10 940.0239238893836 2294.2389308389133 2.2942389308389133e+03 2294.2389308826787 2294.2389310609874   
5001 75015 9.462412417789675e-11 824.194191638236 2294.238930725492 2.2942389307254921e+03 2294.2389307296708 2294.2389307403596   
5101 76515 3.310202915140628e-11 766.609948553623 2294.2389307128255 2.2942389307128255e+03 2294.2389307134035 2294.2389307144417   
5201 78015 1.4737307354122028e-10 719.9612206589092 2294.2389306937907 2.2942389306950531e+03 2294.2389306975397 2294.2389307057642   
5301 79515 2.463155888647915e-10 723.1829887650547 2294.238930591051 2.2942389305910510e+03 2294.2389306109053 2294.238930663951   
5401 81015 7.819511678819611e-10 873.3787458609271 2294.238930101987 2.2942389301175508e+03 2294.2389302067686 2294.238930483307   
5501 82515 1.8291367430533847e-09 1706.0974757331512 2294.2389267928074 2.2942389267928074e+03 2294.238927383645 2294.238927903327   
5601 84015 5.196981667773517e-09 3537.816000376402 2294.2389030377985 2.2942389030377985e+03 2294.2389062636607 2294.2389103000323   
5701 85515 4.791297280254421e-07 3809.0645128325596 2294.234647399425 2.2942346835296694e+03 2294.234740305567 2294.2348307680973   
5801 87015 1.989240444974383e-10 3889.397151541459 2294.2345311909257 2.2942345311909257e+03 2294.23453119469 2294.2345311971694   
5901 88515 5.428809756117614e-10 7447.804780421311 2294.2345310646197 2.2942345310646197e+03 2294.2345310843016 2294.2345311360414   
6001 90015 2.0076737544296166e-09 15225.675919254021 2294.2345302795698 2.2942345303493657e+03 2294.234530446298 2294.2345307096502   
6101 91515 2.9694375652580376e-09 36281.937887840686 2294.2345281356625 2.2942345281356625e+03 2294.234528285502 2294.23452863711   
6201 93015 7.564641933324289e-10 63231.66793347393 2294.23452730622 2.2942345273062201e+03 2294.234527324187 2294.2345273580586   
6301 94515 6.628176727449325e-10 63188.55372999711 2294.234527167557 2.2942345271676677e+03 2294.2345271763365 2294.2345271879603   
6401 96015 2.120779343262503e-09 63309.146286491545 2294.234526551666 2.2942345265731647e+03 2294.2345266469 2294.23452685086   
6501 97515 7.279913173877908e-09 61492.82810789192 2294.234520883804 2.2942345208838042e+03 2294.2345216046588 2294.2345224360265   
6601 99015 1.0918705761004167e-08 60403.888737578156 2294.2344950352062 2.2942344950352062e+03 2294.234497943541 2294.234500128269   
6701 100515 8.543816445230536e-06 51442.0558552242 2294.230974985134 2.2942310668154687e+03 2294.2337661533406 2294.2658955756488   
6801 102015 1.93239095263832e-06 40862.88427867136 2294.23035803872 2.2942303580387202e+03 2294.2305480151977 2294.2361198436533   
6901 103515 1.9919675498917805e-09 34318.39273147229 2294.230130985586 2.2942301310101780e+03 2294.2301310562957 2294.230131224734   
7001 105015 2.239712381518633e-09 34714.58723887304 2294.2301305248243 2.2942301305339188e+03 2294.230130543129 2294.230130667661   
7101 106515 7.161389173464857e-09 35426.14685727528 2294.230125626349 2.2942301256263490e+03 2294.2301260085524 2294.230126284508   
7201 108015 1.9560644616724445e-07 34072.94397238508 2294.2300793339878 2.2942300844522606e+03 2294.230092781308 2294.230128242176   
7301 109515 3.406895371176049e-06 26922.634713815693 2294.22784943215 2.2942278494321499e+03 2294.228140298036 2294.2300504076165   
7401 111015 4.62676096601629e-06 20791.526612788923 2294.223830048069 2.2942238300480690e+03 2294.224027771446 2294.2271859606117   
7501 112515 6.181540402203745e-09 18366.34958778859 2294.2233749870975 2.2942233750398000e+03 2294.2233751693116 2294.223375311831   
7601 114015 1.1522537486926592e-08 18815.13351808989 2294.2233712494963 2.2942233713761229e+03 2294.2233718647412 2294.2233724339526   
7701 115515 2.4603425490086026e-08 19059.54999650083 2294.2233536566664 2.2942233536566664e+03 2294.2233556253896 2294.22335850653   
7801 117015 9.992731440568197e-07 24130.02650868626 2294.2231644603753 2.2942231644603753e+03 2294.2232365882282 2294.223323673967   
7901 118515 2.817618265216315e-08 23901.731070857633 2294.222925431037 2.2942229255860466e+03 2294.222926650868 2294.222928887096   
8001 120015 1.45575541506428e-07 24374.440421547904 2294.222887818978 2.2942228949549376e+03 2294.222900192056 2294.222908546027   
8101 121515 4.409454466148398e-06 22395.55230478466 2294.2201743351816 2.2942201743351816e+03 2294.2204135301754 2294.2215604746716   
8201 123015 6.1014313429720306e-06 19324.43242826364 2294.2149324049683 2.2942149324049683e+03 2294.2153490936225 2294.216899173144   
8301 124515 1.7550449627136104e-06 17074.372306008383 2294.213166617036 2.2942131666170362e+03 2294.2132209461306 2294.213328610428   
8401 126015 2.7471208266922374e-08 16967.618043604925 2294.212998566914 2.2942129988566953e+03 2294.212999483816 2294.213002074691   
8501 127515 3.0419765837173846e-08 17845.71971346503 2294.212981297572 2.2942129812994840e+03 2294.212982199916 2294.212983619047   
8601 129015 7.782200114226225e-06 22455.059550129736 2294.212219081824 2.2942122190818241e+03 2294.212864779441 2294.214883337657   
8701 130515 2.1815379789407412e-05 19482.210890149527 2294.206202255771 2.2942064346179004e+03 2294.2073332502446 2294.211413356043   
8801 132015 3.497979719704938e-05 16946.68307803524 2294.1943065272158 2.2941946759872621e+03 2294.197518332336 2294.204691356609   
8901 133515 1.7809668966592226e-05 15337.182462020271 2294.183783530317 2.2941837835303172e+03 2294.1842872386046 2294.185522218066   
9001 135015 2.5883136025204727e-05 13840.398642691884 2294.178089831608 2.2941783357949903e+03 2294.178967204104 2294.1814534297696   
9101 136515 5.164345219558539e-05 12469.456794199528 2294.1684980294235 2.2941685044502865e+03 2294.1699352405158 2294.1733834104384   
9201 138015 2.95467485445087e-05 11121.043653229424 2294.153810270562 2.2941540928444360e+03 2294.154747759899 2294.155493929626   
9301 139515 4.2312238409871825e-05 9902.389590758341 2294.1456339630818 2.2941456339630818e+03 2294.147050725419 2294.149091383031   
9401 141015 7.320061908006037e-05 9106.608395653662 2294.1335141953673 2.2941336281743702e+03 2294.135776023961 2294.1389046326713   
9501 142515 8.693673986553778e-05 8310.133021886195 2294.1071110875278 2.2941071110875278e+03 2294.108750529884 2294.1105687171666   
9601 144015 0.0001253577752014247 7509.894635008779 2294.068586675179 2.2940702995892507e+03 2294.0736716275037 2294.08321627863   
9701 145515 0.0002784565775302154 6789.040027278726 2293.987526668053 2.2939924739208045e+03 2294.0018408777387 2294.02254198903   
9801 147015 0.000292822056378308 6184.509469331223 2293.9200368822894 2.2939200368822894e+03 2293.928588603377 2293.9488503041525   
9901 148515 0.00010229832769947173 5724.074322918099 2293.885040457502 2.2938850404575019e+03 2293.8864816418886 2293.889452968623   
10001 150015 0.00015261930645220188 5249.624807716578 2293.8608326884423 2.2938608528188438e+03 2293.862496387147 2293.8641739508457   
10101 151515 0.00033259841901055783 4688.884017777205 2293.8087687948146 2.2938087687948146e+03 2293.815430359933 2293.8283250400327   
10201 153015 0.0005488048847439845 4467.553073097137 2293.6476640997703 2.2936476640997703e+03 2293.657479190486 2293.6722748325983   
10301 154515 0.000633771459960547 4084.5124340122047 2293.4456377421097 2.2934469255993399e+03 2293.4646443993925 2293.4907062291586   
10401 156015 0.0005806922517120631 3926.2592065134127 2293.129433085961 2.2931294330859610e+03 2293.140797682192 2293.1610853994625   
10501 157515 0.001114795189596592 3717.5739852076363 2292.8029543447346 2.2928029543447346e+03 2292.8283129452607 2292.884099027502   
10601 159015 0.000451543749586052 3528.9460801996993 2292.6243163180498 2.2926249199781610e+03 2292.6264737255974 2292.632744558457   
10701 160515 0.0016039522450293062 3324.9263859933208 2292.3447800731765 2.2923447800731765e+03 2292.3723490855073 2292.395124273743   
10801 162015 0.0013226380221485557 3186.331262957278 2291.9594260253834 2.2919632265844630e+03 2291.9799644306813 2292.021149430323   
10901 163515 0.00042936355011876547 2922.179274142995 2291.8932277598988 2.2918932277598988e+03 2291.8952313328905 2291.899735351626   
11001 165015 0.003240113785250573 2868.5467251078703 2291.591326883247 2.2915969715421684e+03 2291.640837795165 2291.822212825053   
11101 166515 0.004105244862008397 2801.7810257772667 2290.5294615197954 2.2905294615197954e+03 2290.6174120916126 2290.9120851170915   
11201 168015 0.000470079728570804 2758.004034787797 2290.0170108436514 2.2900175312655306e+03 2290.019835985625 2290.0243887919255   
11301 169515 0.0022398616068899824 2633.9423766479977 2289.915337600957 2.2899153376009572e+03 2289.9386475257165 2289.979683639295   
11401 171015 0.003672006578798508 2581.821032739776 2288.9761029490214 2.2889761029490214e+03 2289.0657488121687 2289.141001129267   
11501 172515 0.0006352638645812332 2629.0760673378018 2288.3797155395587 2.2883797155395587e+03 2288.384405841995 2288.387093559888   
11601 174015 3.386804534214428e-05 2512.806822304469 2288.3613865605125 2.2883616284037835e+03 2288.3618845287465 2288.3623743963526   
11701 175515 1.6118465766187198e-06 2339.2454679713114 2288.3603624146126 2.2883603719299135e+03 2288.3604560966414 2288.3605704259944   
11801 177015 2.2017746108105274e-08 2240.5096903511417 2288.3602549239413 2.2883602550796259e+03 2288.3602563631584 2288.3602599851442   
11901 178515 1.8600467309752717e-09 2181.5135994628677 2288.3602512110297 2.2883602512110297e+03 2288.360251220578 2288.3602512931834   
12001 180015 1.622297021585223e-09 1996.5407254733068 2288.3602510637297 2.2883602510637297e+03 2288.360251068834 2288.3602510753535   
12101 181515 1.152234189513685e-08 2410.103554405211 2288.3602504736914 2.2883602504736914e+03 2288.360250680962 2288.360251137851   
12201 183015 1.1386654461683542e-08 2992.2824071101854 2288.360247693408 2.2883602476934079e+03 2288.360247866533 2288.3602488613237   
12301 184515 6.713520197861985e-08 6214.915197424857 2288.3602248838583 2.2883602254822185e+03 2288.36022761339 2288.360232478202   
12401 186015 1.319021928425857e-06 7533.491563635519 2288.357257623431 2.2883572576234310e+03 2288.357282060596 2288.3573119658126   
12501 187515 7.6241962829033e-09 7846.919469898945 2288.3571840977415 2.2883571841017806e+03 2288.3571841617954 2288.3571843324075   
12601 189015 2.2723261771241225e-08 8820.49666637892 2288.3571807853136 2.2883571807929652e+03 2288.357180935139 2288.357181663606   
12701 190515 7.185298763880621e-08 11680.43047334502 2288.35716013423 2.2883571601342301e+03 2288.3571638582252 2288.35716562268   
12801 192015 0.00047438539007635573 13685.704943537272 2288.344659295702 2.2883446592957021e+03 2288.361140269553 2288.5153927874035   
12901 193515 0.00047817714715163147 10481.833177635286 2288.309156805101 2.2883095800696410e+03 2288.3242225670956 2288.4438479393175   
13001 195015 0.0013181719645927953 8043.342128687091 2288.224288385887 2.2882242883858871e+03 2288.2669759819914 2288.902657058725   
13101 196515 0.0016996020124903065 6657.585306231594 2287.988055000413 2.2879895287058334e+03 2288.0393662981046 2288.2627865040013   
13201 198015 0.002339414369200182 5179.797990671964 2287.3298624600893 2.2873298624600893e+03 2287.4049876866875 2287.5618030283495   
13301 199515 0.0027857319939986994 4305.931203537615 2286.6095268872477 2.2866095268872477e+03 2286.644505014504 2286.789598864434   
13401 201015 0.0021507134505839333 3795.1055029909644 2286.0993205135746 2.2861024360996839e+03 2286.118134375776 2286.320023121271   
13501 202515 0.0009204835992432433 3390.4803473987354 2285.926855260963 2.2859268552609628e+03 2285.931034391406 2285.9541200373396   
13601 204015 0.0017102502860305603 3243.571370192906 2285.7840844725333 2.2857840844725333e+03 2285.78934277328 2285.814551002689   
13701 205515 0.0011791150804120265 3345.0890584615754 2285.631132884825 2.2856311328848251e+03 2285.6360575378626 2285.6418482403988   
13801 207015 4.3494721702072596e-05 3110.018641964165 2285.6174615712202 2.2856175157072953e+03 2285.6178676117706 2285.6182261029408   
13901 208515 3.389542473112398e-07 2760.86806505529 2285.6166089698945 2.2856166113312256e+03 2285.616627685912 2285.616641027758   
14001 210015 7.915952091980215e-09 2581.6759530534587 2285.6165889275694 2.2856165889275694e+03 2285.616588948045 2285.616589098554   
14101 211515 1.731859441353844e-08 2687.868837628439 2285.616588479352 2.2856165885003556e+03 2285.6165886027748 2285.6165888609635   
14201 213015 5.064660791612824e-08 3998.2030127426965 2285.6165859248413 2.2856165860343972e+03 2285.6165868149274 2285.6165889013505   
14301 214515 1.0797539806387313e-07 6265.999865803069 2285.616572315189 2.2856165725113651e+03 2285.6165759851638 2285.6165838528195   
14401 216015 8.144244976347362e-07 14417.989817322074 2285.6164919103317 2.2856164919103317e+03 2285.6165137430735 2285.616543105834   
14501 217515 1.1101698506172387e-07 13951.96338919985 2285.615730927264 2.2856157309272639e+03 2285.615733863059 2285.615736930698   
14601 219015 5.815125762745938e-08 14225.501322351256 2285.6157254581335 2.2856157255893490e+03 2285.615726061714 2285.6157276627023   
14701 220515 1.2196439375124857e-07 15615.309492612228 2285.6157066083492 2.2856157066083492e+03 2285.615709033918 2285.6157125427994   
14801 222015 6.295515925229788e-05 15255.090499016682 2285.611926774328 2.2856119267743279e+03 2285.612081994004 2285.612339409393   
14901 223515 0.00041221810540871686 12150.413152212206 2285.6018800633497 2.2856018800633497e+03 2285.613423066341 2285.6309364697763   
15001 225015 0.0012003505842969491 9509.488536062798 2285.568344092584 2.2855686227386359e+03 2285.5895066595526 2285.7364261356774   
15101 226515 0.0008768101268583991 7607.766746157173 2285.51634048562 2.2855163511943092e+03 2285.521045811139 2285.570685629245   
15201 228015 0.002218613944307613 6198.482120347496 2285.342718869573 2.2853427188695732e+03 2285.370094449129 2285.575948999243   
15301 229515 0.0029175729041116686 5042.125741440465 2284.8921505364638 2.2848986563290632e+03 2284.9562709580905 2285.062716796671   
15401 231015 0.0030826465215140746 4262.7738832387695 2284.480630851269 2.2844806308512689e+03 2284.5071498983634 2284.5854214421233   
15501 232515 0.0020910126402742153 3726.6129675193647 2284.2329242520873 2.2842350825292024e+03 2284.245793835126 2284.2632931340904   
15601 234015 0.0026560929476315124 3456.8340399623894 2283.7522042462383 2.2837522042462383e+03 2283.768841071439 2283.8029371461694   
15701 235515 4.2948083674794926e-05 3246.1336473224655 2283.7010452824484 2.2837011175292814e+03 2283.701357221628 2283.701960410226   
15801 237015 9.815942803467455e-07 3193.403303895229 2283.7006105506953 2.2837006105506953e+03 2283.7006342754253 2283.7006513091696   
15901 238515 9.667050904670718e-09 3152.119304669992 2283.7005819776823 2.2837005819776823e+03 2283.700582002572 2283.700582106194   
16001 240015 1.636055800279658e-08 3115.4444004040984 2283.7005817219865 2.2837005817298054e+03 2283.70058176976 2283.7005820717904   
16101 241515 2.915588940808105e-08 4008.6710587688826 2283.700580314061 2.2837005803140610e+03 2283.7005805623007 2283.700581000224   
16201 243015 5.934785845658453e-08 7159.2840200961555 2283.7005734449717 2.2837005735353314e+03 2283.700573906338 2283.7005760284114   
16301 244515 9.152927554733616e-07 12512.478532086225 2283.700510022154 2.2837005100221540e+03 2283.7005221410386 2283.7005302449325   
16401 246015 5.706192684792091e-08 12835.20545590965 2283.700040888551 2.2837000408885510e+03 2283.70004130704 2283.7000418480743   
16501 247515 6.287772595970292e-08 14442.939075515847 2283.700037167203 2.2837000371672029e+03 2283.700037451631 2283.7000378696634   
16601 249015 2.480248645177496e-07 22604.71303215604 2283.7000248780064 2.2837000251912173e+03 2283.7000269861924 2283.7000318945793   
16701 250515 2.1722553486256927e-07 33271.158678644264 2283.699983030944 2.2836999834708809e+03 2283.699985364492 2283.699987962339   
16801 252015 8.922274954552617e-07 46443.04198911663 2283.6999331942175 2.2836999348873710e+03 2283.6999430190654 2283.6999488797733   
16901 253515 2.6207869853100015e-07 41976.35727052251 2283.6995020120266 2.2836995020120266e+03 2283.6995044615655 2283.6995065292977   
17001 255015 1.3345962438011714e-07 42881.36990549595 2283.69949790292 2.2836994979029200e+03 2283.6994983344784 2283.69949873681   
17101 256515 3.641403246200309e-07 41924.89558548115 2283.699488101967 2.2836994881116502e+03 2283.699489168571 2283.69949331964   
17201 258015 7.897143224780379e-07 43564.79422018397 2283.6994496564203 2.2836994496564203e+03 2283.699456645843 2283.699461468452   
17301 259515 1.9346808352362243e-06 41831.087712903376 2283.6992312838847 2.2836992312838847e+03 2283.6992501558057 2283.6992664498016   
17401 261015 1.520659326704466e-07 39806.88677099632 2283.6990822940247 2.2836990822940247e+03 2283.6990826202004 2283.6990829002207   
17501 262515 6.193516887972148e-07 40611.17474745713 2283.699051422343 2.2836990524939856e+03 2283.699054339807 2283.69905727271   
17601 264015 4.706000543709145e-07 43758.85220114269 2283.6990201048407 2.2836990201048407e+03 2283.699021871714 2283.6990253301906   
17701 265515 1.1979909835904201e-05 43248.92642047199 2283.6988528264246 2.2836988528264246e+03 2283.6988950970413 2283.6989251774617   
17801 267015 4.514412777519492e-07 39069.11205620219 2283.6984062429806 2.2836984067125218e+03 2283.6984074107927 2283.698409241595   
17901 268515 1.5414998238235975e-06 39086.95332440747 2283.6983717199537 2.2836983717199537e+03 2283.6983779394222 2283.6983811478067   
18001 270015 3.0259715216329384e-05 34556.62174858425 2283.6971890543355 2.2836971942673194e+03 2283.6973087746933 2283.6975155292034   
18101 271515 8.105261535650206e-05 30413.907057950928 2283.6961558591893 2.2836962548115198e+03 2283.6965737421783 2283.697873034851   
18201 273015 4.62259452112666e-05 26746.862104198062 2283.6936747233776 2.2836936747233776e+03 2283.6938172214923 2283.6942885907224   
18301 274515 0.0001658281816179379 23171.50227692125 2283.6900931763266 2.2836900931763266e+03 2283.6906670218377 2283.692390425419   
18401 276015 0.0001779773531146823 20702.521606292732 2283.6854214324503 2.2836854214324503e+03 2283.6861954406213 2283.6872216762213   
18501 277515 0.0001447290141552091 18569.67915437692 2283.6784276008875 2.2836785599228433e+03 2283.6789754101364 2283.6796199277364   
18601 279015 7.482809433740656e-05 16637.4322233455 2283.673960211253 2.2836739602112530e+03 2283.674097855964 2283.6743669824464   
18701 280515 6.608950020929661e-05 15228.033811851285 2283.670833653185 2.2836708336531851e+03 2283.670919435899 2283.6710347911267   
18801 282015 0.0001415134560659454 13862.962933955214 2283.666158886204 2.2836661588862039e+03 2283.6663408648 2283.6665512241234   
18901 283515 0.0003753481256425946 12653.43007179912 2283.650012874706 2.2836500128747061e+03 2283.6518708066283 2283.6548843916144   
19001 285015 0.0007443860605441467 11966.720541921177 2283.62836783008 2.2836283772312913e+03 2283.630227649619 2283.6371822915717   
19101 286515 0.0008527629497707234 11226.037653548306 2283.5905795467606 2.2835905795467606e+03 2283.594760267444 2283.5987396206842   
19201 288015 0.0008935237965154545 9844.91489341009 2283.55110904639 2.2835511090463901e+03 2283.553284145211 2283.5597082144213   
19301 289515 0.0003770224852720411 9073.722687105494 2283.5374814656675 2.2835376484256776e+03 2283.537798132328 2283.538392019562   
19401 291015 0.00042835707124444213 8436.909855744974 2283.5295817423525 2.2835295817423525e+03 2283.5301167133666 2283.530692931518   
19501 292515 0.0005517034445772904 8001.86401881424 2283.5142426941547 2.2835143544790244e+03 2283.5150997960372 2283.515645149913   
19601 294015 1.7772285947134242e-05 8124.863339041253 2283.512009116847 2.2835120236716652e+03 2283.512050628889 2283.512089750506   
19701 295515 2.1319678425028067e-07 8015.36422057488 2283.5119373787493 2.2835119373820421e+03 2283.511937517962 2283.511938439695   
19801 297015 8.145234139915559e-07 10303.59298616498 2283.5119316912514 2.2835119326069271e+03 2283.511934988916 2283.51193659622   
19901 298515 8.025803320899448e-05 15378.431817989023 2283.5117103805405 2.2835117387621531e+03 2283.5118195865616 2283.5118932735886   
20001 300015 0.00028545939576233133 13457.549953402198 2283.5085797915017 2.2835087046116200e+03 2283.5088549370084 2283.5090863157484   
20101 301515 0.0001572590677006839 11691.330130165115 2283.504162860905 2.2835041711312401e+03 2283.504276256145 2283.5044318033765   
20201 303015 0.0011770715036089508 10487.779208021087 2283.4939078446428 2.2834939710709136e+03 2283.4954466656272 2283.497429932412   
20301 304515 0.0011616564305377873 9254.40218182192 2283.446325399266 2.2834464075553396e+03 2283.448115515778 2283.4511173184114   
20401 306015 0.0017779254297578186 8480.747236227004 2283.3808764123733 2.2833808764123733e+03 2283.3849883426474 2283.3889825633537   
20501 307515 0.00017592293700491164 7893.026987706375 2283.3596567818504 2.2833597132109348e+03 2283.3597818225294 2283.359997844761   
20601 309015 6.786184822302463e-06 7718.367398981822 2283.358957877732 2.2833589643749101e+03 2283.3589700977977 2283.3589937624033   
20701 310515 2.5677136481274533e-07 8239.612218251379 2283.3589351045803 2.2833589351126420e+03 2283.3589352657746 2283.3589362751172   
20801 312015 4.6276622998208535e-07 8506.138587210287 2283.3589272202894 2.2833589272202894e+03 2283.358928269371 2283.358929355098   
20901 313515 6.768536647836163e-06 12460.470464523933 2283.3588659125735 2.2833588659125735e+03 2283.3588846074804 2283.3588944580792   
21001 315015 0.0004275478316132049 12284.879730690343 2283.3562285372923 2.2833562285372923e+03 2283.3566001172903 2283.3569560339106   
21101 316515 0.0006222314414348328 10725.778308352845 2283.346809501684 2.2833468095016842e+03 2283.347203392214 2283.3475034129524   
21201 318015 0.00020217478456069208 9864.994244882193 2283.342989739728 2.2833429897397282e+03 2283.343061419075 2283.3431976077286   
21301 319515 0.0009054920110457674 9034.889653153023 2283.337822772873 2.2833378227728731e+03 2283.3383910159037 2283.3393197261985   
21401 321015 0.0022569862332624206 8298.475434691534 2283.298889742731 2.2832988897427308e+03 2283.3007940738653 2283.303457330658   
21501 322515 0.0008582147807270868 7747.0083242343335 2283.25671131683 2.2832567113168302e+03 2283.2571684042628 2283.2577354281702   
21601 324015 6.1797091534166885e-06 7535.271890248628 2283.255237303983 2.2832552422682747e+03 2283.255246386995 2283.255266744619   
21701 325515 5.369286843866112e-07 7571.22752360601 2283.2552196331926 2.2832552196815618e+03 2283.255220192634 2283.2552215238356   
21801 327015 8.392101236114439e-07 7829.266122015731 2283.255212364608 2.2832552127079193e+03 2283.2552135535075 2283.25521474335   
21901 328515 0.0005570605752311811 10934.846818250395 2283.2543146343505 2.2832543146343505e+03 2283.254608026166 2283.25519899745   
22001 330015 0.0013373592458397986 9269.170000601209 2283.2455968257595 2.2832455968257595e+03 2283.2462700635906 2283.2473584873596   
22101 331515 0.0012191161827637225 8009.566904421708 2283.2308141682142 2.2832308141682142e+03 2283.2319160048055 2283.233464031983   
22201 333015 0.003450200468860905 7162.415533910441 2283.1778735001226 2.2831778735001226e+03 2283.1836631677156 2283.190042129735   
22301 334515 0.0017237990709834845 6644.822384173872 2283.089580837879 2.2830899391850721e+03 2283.0907421919674 2283.091531405133   
22401 336015 2.777099860906406e-05 6612.48357397018 2283.0880121129035 2.2830880213672735e+03 2283.088068112384 2283.088162081139   
22501 337515 2.687409998359211e-07 6657.423405168546 2283.0879672530227 2.2830879672580813e+03 2283.087967338763 2283.0879683295116   
22601 339015 3.041903249076506e-07 6716.457704266559 2283.087966253642 2.2830879662536422e+03 2283.0879663542296 2283.087966812557   
22701 340515 2.443040100512409e-06 8351.740095703468 2283.087958197113 2.2830879596384166e+03 2283.0879626098717 2283.087969169489   
22801 342015 2.0582187991672143e-05 16400.197797820572 2283.0878541107495 2.2830878541107495e+03 2283.087890891072 2283.087920125701   
22901 343515 5.115858783660862e-07 16889.47183710824 2283.087802915607 2.2830878029607270e+03 2283.0878031050224 2283.0878034032376   
23001 345015 1.279846266740672e-06 18574.436639006617 2283.087796152874 2.2830877961528740e+03 2283.0877970024612 2283.087798750267   
23101 346515 1.602807904953534e-05 23387.338596737805 2283.0877350830965 2.2830877376880326e+03 2283.087741945515 2283.0877613675693   
23201 348015 1.4954296737891394e-06 25286.26233842163 2283.0876956130774 2.2830876956130774e+03 2283.087696275535 2283.0876977631265   
23301 349515 1.7471138195054563e-06 29411.434403448806 2283.087687648256 2.2830876880015462e+03 2283.087688324397 2283.08768910303   
23401 351015 5.897613384704618e-06 29723.055502598923 2283.087653274172 2.2830876553031603e+03 2283.08765746869 2283.087662810731   
23501 352515 4.13427447336439e-06 27579.69287085674 2283.0873531630873 2.2830873531630873e+03 2283.0873562226657 2283.087358592674   
23601 354015 4.010865434012793e-06 28240.442908370824 2283.0873236688717 2.2830873236688717e+03 2283.0873250103746 2283.0873277689625   
23701 355515 0.00013345863993453517 25893.500373953153 2283.086666410843 2.2830866664108430e+03 2283.086704402191 2283.08677261897   
23801 357015 0.0005484370165841419 21126.14868302883 2283.085122934731 2.2830852166905397e+03 2283.0855422560758 2283.087780517848   
23901 358515 0.0008158243311933271 16787.28656909446 2283.0800746700966 2.2830802392403789e+03 2283.080525419732 2283.083396476558   
24001 360015 0.0011627074418606809 14863.951731162602 2283.0718808104316 2.2830718808104316e+03 2283.072566228253 2283.073469617323   
24101 361515 0.0005904583121595359 13839.508050624663 2283.0665912553586 2.2830666400454711e+03 2283.0667805072744 2283.0671608849534   
24201 363015 8.317078498218207e-05 12986.76825743868 2283.0651457942604 2.2830651457942604e+03 2283.0651657716994 2283.0651925937427   
24301 364515 2.4770266995644722e-06 13716.096135589849 2283.0650647400803 2.2830650647400803e+03 2283.065065965833 2283.065067607733   
24401 366015 6.249578974097936e-06 14788.36259684784 2283.0650478903203 2.2830650478903203e+03 2283.065050294401 2283.0650594055496   
24501 367515 9.629673024428598e-06 19900.997940621754 2283.0649951314585 2.2830649963346923e+03 2283.065000457676 2283.065006237306   
24601 369015 1.1286339111669933e-05 27434.707691878164 2283.0649476259105 2.2830649488576091e+03 2283.0649534281774 2283.064957926927   
24701 370515 9.854607640228655e-06 27428.226797408184 2283.0649062995626 2.2830649062995626e+03 2283.0649114269536 2283.064919803002   
24801 372015 0.0002582923152468776 25551.956103624718 2283.0641591179265 2.2830641973596275e+03 2283.0642532980823 2283.0644393169605   
24901 373515 0.0005847156934005568 21579.816450777555 2283.0619627844767 2.2830619627844767e+03 2283.0620956314883 2283.062593936626   
25001 375015 0.0009214407029836452 18493.021488025683 2283.0539174896016 2.2830539174896016e+03 2283.05451824777 2283.0549086497426   
25101 376515 0.0037937707302221225 16010.201367788039 2283.019217289111 2.2830192172891111e+03 2283.022696332057 2283.0328274901476   
25201 378015 0.002924165377848739 17998.36749919093 2282.9636853122174 2.2829644357775478e+03 2282.966666544979 2282.969328849865   
25301 379515 0.00044076722085303796 25357.00012320582 2282.9521088658335 2.2829521188941931e+03 2282.952267935957 2282.9524178724196   
25401 381015 4.084101376029091e-05 20202.805737188082 2282.951669999893 2.2829516729840643e+03 2282.951687368699 2282.95171625127   
25501 382515 1.545570828370729e-06 15513.243639025428 2282.9516389949526 2.2829516389949526e+03 2282.9516392541423 2282.9516406107123   
25601 384015 2.423226671250297e-06 12438.550449439685 2282.9516338151184 2.2829516338293997e+03 2282.9516342715006 2282.951636002043   
25701 385515 6.549093361809521e-06 16128.580486711433 2282.9516154718563 2.2829516154718563e+03 2282.951619574541 2282.951628508981   
25801 387015 3.4793059049894083e-06 26055.728153761385 2282.951594692956 2.2829515947766745e+03 2282.9515952321863 2282.9515962778905   
25901 388515 1.0543179695293709e-05 28459.329640265558 2282.9515751774716 2.2829515751774716e+03 2282.9515777537463 2282.951581823744   
26001 390015 5.961635116742533e-06 29725.136842968393 2282.9515493093163 2.2829515493093163e+03 2282.951550585501 2282.9515525914057   
26101 391515 6.4929372447987225e-06 29722.0084079622 2282.9515346002377 2.2829515346329295e+03 2282.9515359505426 2282.9515378244955   
26201 393015 9.662956900803385e-06 30188.970714595518 2282.9515081242007 2.2829515081818313e+03 2282.9515094445496 2282.9515133291798   
26301 394515 1.1316994318222413e-05 32562.964653612744 2282.951488902914 2.2829514894834456e+03 2282.9514912678146 2282.9514953404796   
26401 396015 8.497976313253812e-06 34735.2953875217 2282.951472271141 2.2829514723566972e+03 2282.9514732496277 2282.951474800272   
26501 397515 9.67512227576509e-06 33934.315174227784 2282.9514627931917 2.2829514627931917e+03 2282.951463824165 2282.951465803312   
26601 399015 7.38588722714751e-06 33391.08902090077 2282.9514525568948 2.2829514525904247e+03 2282.951453065418 2282.9514536740526   
26701 400515 1.3157026875683112e-05 33220.6353638215 2282.9514375360677 2.2829514375360677e+03 2282.9514388916973 2282.9514408626233   
26801 402015 9.482977633639145e-06 33314.559368657356 2282.9514210598354 2.2829514210598354e+03 2282.9514214365104 2282.951422006177   
26901 403515 2.830285695532836e-05 32360.887077972937 2282.9513948786876 2.2829513956860246e+03 2282.9513977100773 2282.951401397707   
27001 405015 2.4687186609305068e-05 32125.713900447263 2282.9513302590103 2.2829513304986699e+03 2282.9513324870527 2282.951337090144   
27101 406515 9.855817290037532e-05 31074.296375571063 2282.9511971012544 2.2829512020531183e+03 2282.9512113490973 2282.951227556471   
27201 408015 0.00012974856426142646 29327.025996094533 2282.950980887266 2.2829509808872658e+03 2282.95099846406 2282.9510130691137   
27301 409515 0.0004245472975734899 26555.33275924332 2282.9492232646394 2.2829492232646394e+03 2282.949396998186 2282.9494912247246   
27401 411015 0.0008039784625969379 23990.941334379997 2282.944367018297 2.2829443866692504e+03 2282.944725544083 2282.9452298102756   
27501 412515 0.0007871558046872951 22733.322253566013 2282.935954232815 2.2829359542328152e+03 2282.9362041775894 2282.9366631682256   
27601 414015 0.0002090633774149792 20946.58707023189 2282.934610649345 2.2829346106493449e+03 2282.9346377471875 2282.9346636650043   
27701 415515 0.0007893748919209616 18916.893518191348 2282.932567829702 2.2829325678297018e+03 2282.9327891376834 2282.933056659739   
27801 417015 0.00203523412803925 17421.021912580814 2282.924563067733 2.2829245630677328e+03 2282.926182654577 2282.928357696877   
27901 418515 0.0008946903303860448 15481.281336176366 2282.90963830793 2.2829096407483048e+03 2282.9098392037663 2282.9101197447394   
28001 420015 0.00016252167032042024 14841.669888056053 2282.90843925457 2.2829084407757286e+03 2282.9084605191283 2282.9085055289206   
28101 421515 1.1790631252010462e-05 15139.394753706292 2282.9083959609097 2.2829083959609097e+03 2282.908397668455 2282.9084052786184   
28201 423015 1.363584540759001e-05 16691.50701732648 2282.9083826899523 2.2829083831134608e+03 2282.908384572817 2282.908391607929   
28301 424515 1.0871123642930172e-05 18612.49377573242 2282.908369113664 2.2829083691136639e+03 2282.908369724495 2282.908370906962   
28401 426015 2.2170284444880975e-05 18518.399652431646 2282.908348861232 2.2829083488612318e+03 2282.9083519651726 2282.908353229068   
28501 427515 2.052865136273387e-05 18642.136085160382 2282.908322149913 2.2829083221499131e+03 2282.908323596866 2282.908325031122   
28601 429015 2.1700133795776943e-05 19210.737139897807 2282.908285864538 2.2829082860175013e+03 2282.9082872389235 2282.9082896359623   
28701 430515 0.0008068326156603315 19585.767339225717 2282.908039394169 2.2829080566670823e+03 2282.908145115065 2282.9083555009584   
28801 432015 0.0008730330988552559 18685.256448021282 2282.9061802110796 2.2829061829621810e+03 2282.9062360193857 2282.906412059686   
28901 433515 0.0006962392142068947 17462.550466719716 2282.903817656001 2.2829038176560011e+03 2282.9038733772695 2282.9040466214883   
29001 435015 0.00019686272608515713 16720.80791800952 2282.902511821836 2.2829025118218360e+03 2282.902527664554 2282.902542729603   
29101 436515 0.0016192387562806519 15926.588288452194 2282.899100070944 2.2828991217144339e+03 2282.8993194201803 2282.899734149116   
29201 438015 0.0028403037272958943 14844.680862288076 2282.8860353188097 2.2828860353188097e+03 2282.8868772672886 2282.887370028663   
29301 439515 0.004333281936907073 16525.413737957624 2282.8319703667576 2.2828319703667576e+03 2282.8342809844876 2282.8368502549642   
29401 441015 0.0015507021649182335 27142.790324654266 2282.8059707249804 2.2828059707249804e+03 2282.806291197886 2282.8068701071893   
29501 442515 0.00030594710094966187 23184.442919159053 2282.8039731809586 2.2828039731809586e+03 2282.804042248593 2282.804095187577   
29601 444015 0.0002088490179459184 18109.303446342587 2282.803646958028 2.2828036469580279e+03 2282.8036693427225 2282.803730354994   
29701 445515 4.533733452553474e-05 15345.133962658398 2282.8034744897946 2.2828034753925522e+03 2282.8034847567387 2282.803507090646   
29801 447015 7.730347543402234e-06 14713.38821192688 2282.803460367816 2.2828034605432995e+03 2282.8034611392295 2282.803466119942   
29901 448515 1.235114394273017e-05 14754.035344137634 2282.803450208191 2.2828034504933526e+03 2282.8034512616723 2282.80345785243   
30001 450015 1.6237492641642812e-05 14205.790590425724 2282.803438310981 2.2828034383109812e+03 2282.8034399296207 2282.803445434819   
30101 451515 2.6840769856608035e-05 13693.41085810405 2282.803415628347 2.2828034156283470e+03 2282.8034189261753 2282.803424465894   
30201 453015 3.886116807833598e-05 16755.225441875005 2282.803395071675 2.2828033950716749e+03 2282.803398493355 2282.803410683535   
30301 454515 1.896184100715375e-05 18703.48415121574 2282.803374560789 2.2828033745607891e+03 2282.803375339803 2282.8033780082596   
30401 456015 1.4081019591280114e-05 19695.998760554077 2282.8033611780797 2.2828033611780797e+03 2282.8033615911563 2282.8033625183825   
30501 457515 2.0562360531095593e-05 19915.173459691894 2282.8033457029533 2.2828033457536872e+03 2282.8033463458005 2282.8033482083056   
30601 459015 3.662108239372235e-05 21897.23600177169 2282.80332334082 2.2828033233408200e+03 2282.8033247322765 2282.8033272103503   
30701 460515 4.626303330117399e-05 21698.228068978573 2282.803280303694 2.2828032803036940e+03 2282.803282528274 2282.8032878297417   
30801 462015 0.00029045748156849026 21267.92435449326 2282.8030457785067 2.2828030469516775e+03 2282.8030620127593 2282.803076628048   
30901 463515 0.0012985855658579485 19842.84377860834 2282.8015637280896 2.2828015637280896e+03 2282.8017609929857 2282.8018921204834   
31001 465015 0.002289043195363643 18589.77532935557 2282.7942933075756 2.2827942933075756e+03 2282.794543689452 2282.7955440561445   
31101 466515 0.0024726174722286844 17506.488652291948 2282.7795965193854 2.2827795965193854e+03 2282.780093395135 2282.7821821364464   
31201 468015 0.0006060482575459204 16558.25953068133 2282.7740241894235 2.2827740258139629e+03 2282.7740660946542 2282.7741057616163   
31301 469515 1.4684735281166537e-05 15569.962560027136 2282.7738753095073 2.2827738754180327e+03 2282.7738761876435 2282.7738788125316   
31401 471015 1.7829590895291666e-05 14674.961377306126 2282.7738627118592 2.2827738627505041e+03 2282.7738633171757 2282.7738660897908   
31501 472515 2.9563173909906307e-05 15995.170373795252 2282.7738521207248 2.2827738521608994e+03 2282.7738531614755 2282.7738549853816   
31601 474015 3.0935165106185154e-05 17279.422276578942 2282.77383880112 2.2827738388011198e+03 2282.7738392836973 2282.7738416415236   
31701 475515 3.765041946609404e-05 22784.00033348017 2282.773823854368 2.2827738238543679e+03 2282.773825213625 2282.773827854548   
31801 477015 4.575376476918499e-05 23702.077641239466 2282.773807365216 2.2827738075024999e+03 2282.7738084327993 2282.7738107809314   
31901 478515 6.120681471534308e-05 24160.297763244384 2282.773779451039 2.2827737794510390e+03 2282.7737815477126 2282.773785481104   
32001 480015 0.0001913532533807868 25181.4610940572 2282.7737034524525 2.2827737053270930e+03 2282.773712564504 2282.77371737028   
32101 481515 0.00032174353994369575 24869.56961237167 2282.7734745286534 2.2827734745286534e+03 2282.7734982909624 2282.7735185827914   
32201 483015 0.00021551700867979116 24451.240100199742 2282.773230908022 2.2827732309080220e+03 2282.7732374802426 2282.773247550677   
32301 484515 6.297882095525256e-05 24871.263999456496 2282.773200570868 2.2827732005708681e+03 2282.773201630468 2282.7732031769474   
32401 486015 5.8677302709052974e-05 25441.262439399557 2282.7731731916283 2.2827731732983484e+03 2282.7731740740483 2282.773175585413   
32501 487515 0.0002020706221718108 25234.754091450966 2282.7731227487743 2.2827731227487743e+03 2282.773128506058 2282.7731395501787   
32601 489015 0.0010424900447497428 23682.638772584614 2282.772695800172 2.2827726958001722e+03 2282.772751703088 2282.772836997019   
32701 490515 0.001189706182937923 22608.991133443906 2282.7709708425073 2.2827709708425073e+03 2282.771009739199 2282.7710904100113   
32801 492015 9.91320453801767e-05 24011.27878298432 2282.7706395818564 2.2827706395818564e+03 2282.7706422610227 2282.7706434846186   
32901 493515 7.658791543859665e-05 24815.56101412688 2282.770597061284 2.2827705977816327e+03 2282.770598653611 2282.7706003876224   
33001 495015 2.1821393077328435e-05 24791.41490644633 2282.770588919681 2.2827705889196809e+03 2282.7705890275106 2282.7705891348796   
33101 496515 4.252332293341727e-05 25029.429914794015 2282.7705860108777 2.2827705860108777e+03 2282.770586276843 2282.770586501513   
33201 498015 0.00017995723937645373 24687.357479763552 2282.770573755883 2.2827705743452857e+03 2282.7705784926043 2282.7705804784573   
33301 499515 0.0005667534453294742 23850.64639419761 2282.770518921264 2.2827705207913632e+03 2282.7705303409475 2282.7705521467296   
33334 500010 0.0007022270899894611 23670.93914913848 2282.770360726049 2.2827703637045852e+03 2282.7703724027533 2282.770393290092   
