% # columns="iteration, evaluation, sigma, void, void,  stds==sigma*sqrt(diag(C))", seed=774619, Thu Jul  2 17:31:37 2020, <python>{}</python>
1 14 51.45535551172738 0 0 51.6522341353263 51.38781847870237 51.5723902728672 51.65054735775654 51.476775165459024 51.23564059436067 51.339039702682584 51.48714899749045 51.4342162371889 51.43086083308594 51.4228984376554 51.55176290738772 51.49127979704982 51.31941850431534 51.31502819275887 51.54184115960271 51.3964155572989 51.33098245088295 51.32421762459357 51.46736763230042 51.34505095611263 51.37096007171814 51.321319462550186 51.57366979299515 50.93040231271337 51.58932831280992 51.40946058061067 51.53371179836145 51.15844593117337 51.251222950234094
2 28 55.97778239742491 0 0 56.09553797751608 56.1210815577927 56.3208961230898 56.11466595549678 56.07073100603734 55.67634478803499 55.69209282068974 56.36408836528205 55.79752124547835 55.87125829059611 55.82502959670183 55.97815566483879 55.85878621929391 55.93389311222273 55.88969274628773 56.206418817978914 55.68373442063871 55.718484766678294 55.738919604143724 55.86259867582438 55.782482189155274 55.63235768249955 55.78725005702119 56.1431978514478 55.47152872263173 55.92078194975367 55.842037742872215 56.088987400442164 55.61709976297141 55.75487821154334
3 42 56.74444583494368 0 0 56.884742705294755 56.92684644861398 57.302206600176376 56.72683490381883 56.891133193604986 56.78983514230681 56.46242774095941 57.067422155017844 56.82651568793812 56.56257862378182 56.78664853730818 56.87985005358136 56.728724516207755 56.6399217554879 56.73872756969063 56.83854243917363 56.369911233996305 56.30747780156461 56.63522202002741 56.40580996101591 56.340947979013194 56.29623290047302 56.29550617513011 56.79802649587332 56.138861279509435 56.63917228324444 56.58488886868029 56.737088265062056 56.15507441628669 56.29179640698676
101 1414 23.9470564461499 0 0 25.36853009300228 24.954406773088888 24.089436802177634 25.958851945596532 22.57758842662311 25.196329297535957 23.087914577085773 25.770581412262935 24.5965768843287 23.14240689423103 23.945942581078796 23.14377445445209 24.568355065699333 23.029114877862998 25.433398598977103 23.085392121965242 23.492542251091926 22.39998493070935 22.872553378437885 22.18831647551948 24.540893997797806 23.702720117308814 22.208107115804637 21.622375822995203 23.365987262647977 23.556408639684214 25.459753007286253 24.99728604365513 22.50156485091639 23.035453356704696
201 2814 75.53112472043622 0 0 80.24634886844 84.6459935795986 72.97370800055161 75.91690440447124 72.69217043482564 84.51554332996233 72.7863052861432 77.1999631694709 80.98769077800137 75.57995044447317 71.24814117671407 72.96715719982615 75.70403533760982 69.73821787580219 79.80024243057798 68.54014502801424 73.36344044907082 67.88004901948725 70.21774481613319 63.28378376361797 72.70155756591873 77.73716650580134 66.950869622242 68.50164993909638 67.70951049429029 65.60287385872866 76.4637437967644 74.6576317916376 68.01594573521166 73.24898780995133
301 4214 0.09615135076657967 0 0 0.09840159531228236 0.10966811947729929 0.09602617502939784 0.09790532475097156 0.11351753839759261 0.12184081354680026 0.09440331019000438 0.07757011222639809 0.09695930637794982 0.09871782499502857 0.08911991425126478 0.09247891314240536 0.10078728381685134 0.08668330552138849 0.08189647490956606 0.09087327025198302 0.08421322835441701 0.08317108976196091 0.09152845744688287 0.06956893777816965 0.09131295602847776 0.09721289415652799 0.08555815265262 0.0951047653625862 0.08524716935278459 0.06826047427066319 0.09796691298443155 0.08051365824445625 0.08403310917225991 0.07462706286129069
401 5614 0.010850043332932865 0 0 0.008216648401084667 0.011365575461355226 0.01113675609723857 0.010645894283734823 0.016084792519337764 0.018315813026706804 0.01359504187419835 0.008054067677354775 0.01683084341952637 0.01209201671074106 0.01009810955433761 0.010232615422117506 0.010432587498944932 0.009831632412332553 0.008460822708856109 0.009671147556579425 0.008569967144329753 0.008182366844001527 0.010730264258690912 0.007939489618000471 0.010337647091001876 0.010066870533159326 0.010259158048769377 0.010239307179545892 0.009300662121172419 0.007523795059081325 0.011744714132792412 0.007907306096062274 0.0057280801009079755 0.007846564303543843
501 7014 0.0008837836150672446 0 0 0.0004895773277277861 0.0009128789646585073 0.0008711050140446427 0.000845626317584964 0.0018024920984559315 0.0018424733031208917 0.0014055017450944564 0.0006087135460669089 0.0018966625833037353 0.0009840099055641348 0.0008148675832913988 0.0008478817229812838 0.0007629980826517473 0.000780634002077827 0.0006701980771987091 0.0008082161971591387 0.0005178773553690933 0.0006857052348748006 0.0009013528109182245 0.0006385138977611518 0.0008852503416984143 0.0007721080622360852 0.000804344578511127 0.0007821857414599256 0.0009624766037715321 0.000666405044198183 0.0011595789227615623 0.0006202799031179071 0.0002745918172054517 0.0006158668941984666
601 8414 0.002273805377012313 0 0 0.0008868050095722286 0.0022312638174030973 0.0026119765369528843 0.002170733778127434 0.007413413754096975 0.006700500817358593 0.005442232651030287 0.0016149720531809398 0.008961080102091908 0.002600398926823928 0.0035180386904907074 0.0025118089112063503 0.0020252932975066266 0.0021759618913893323 0.001763295650798153 0.0021684443074802802 0.0008960484443778654 0.001956562624586478 0.0021941876989036353 0.0018497505919994285 0.0025903852531037872 0.001902853614532178 0.0023861400742556903 0.002127608922966289 0.0031303010542009886 0.0018485512421433919 0.004003054888002156 0.0015776787931266023 0.0004171737867996284 0.0016398623261053107
701 9814 3.620431860609828e-05 0 0 9.401544922727628e-06 3.424526349515202e-05 4.044730250769166e-05 4.067270329964311e-05 0.00011391781976578183 0.00010587461427292752 8.255625122882847e-05 2.45610910832785e-05 0.00013974177246041966 4.2291155052672584e-05 5.409435562896821e-05 3.842090372874854e-05 3.371265980883346e-05 3.5042233006685006e-05 2.913760010960011e-05 3.6018008191009916e-05 9.13501636860414e-06 3.170754806314771e-05 3.573100750210148e-05 2.780248264221791e-05 4.05870844222873e-05 3.057228022213458e-05 3.798842535538106e-05 3.391211596958848e-05 4.678890889681403e-05 3.1796811480893764e-05 6.230748559908638e-05 2.602269693395937e-05 4.057060872328984e-06 2.5442456955957287e-05
801 11214 0.000522544385799104 0 0 9.426359281283783e-05 0.0004986464858674678 0.0006149062313185975 0.0007475956044596465 0.0015453963103386108 0.0014575524919970715 0.0011098880887119098 0.0003565248736662298 0.0019420722639701454 0.0006058497028161439 0.0007326669742570665 0.0005200413485134742 0.0005116141236115688 0.0005480644725876641 0.00041462626570211425 0.0005668314646234193 9.412011684576433e-05 0.0004351712456098096 0.00057247983052081 0.00038346728559054304 0.000551428457163889 0.00045884591329548773 0.0005249537794166925 0.00047943844624577834 0.0006438475357672539 0.000468151645748881 0.0009418669892505858 0.000373299988227936 3.734654003927114e-05 0.0003627095327053825
901 12614 0.0011465536683639133 0 0 0.00013723553215002168 0.0011024614552669193 0.0016729701873235924 0.002452011995572358 0.0033191798504629932 0.003158359711396995 0.0028776561756564344 0.0007209754063621733 0.004909554442042103 0.001318924013323014 0.0015678722672345274 0.0011640815664790277 0.0011009544253361397 0.001182783426036512 0.0008647767806949819 0.0011724011413984656 0.00014390084143311383 0.0009371738530267999 0.0013618885212162857 0.0008046912475212618 0.0011953045226217511 0.0010073312754322649 0.00108986512074825 0.001030117519469565 0.0013591702810105731 0.0009682191709194063 0.002494741141760733 0.0007854210733214288 5.317019439407179e-05 0.0007829209955599144
1001 14014 0.00025378277516657105 0 0 2.0810804687354238e-05 0.00023125451080713695 0.000368775208411419 0.0006450926514966756 0.000779343469511819 0.0006740380947115515 0.0006084390682986575 0.00015750513878331096 0.0010671582597290541 0.0003018293523512319 0.0004244547899012536 0.00025998840053486076 0.0002313242910606146 0.0002553451747599742 0.00019645353550131454 0.0002542047751568279 2.102025403071654e-05 0.0002057275487072379 0.0003040379115291101 0.00018272948725381555 0.0002543722521807111 0.0002145850293492229 0.00025275081247253656 0.00022119601721805465 0.00031638131894428983 0.00021217820877451597 0.0005175221273046326 0.0001634781131063668 7.569752324570397e-06 0.00017469075903688388
1101 15414 8.102533073623381e-05 0 0 4.459634217638038e-06 7.527468070530825e-05 0.00012050514341156787 0.00019672546869435684 0.00027742880713209724 0.00022373694389241677 0.00019441153970837802 5.326326644330069e-05 0.00033720099153678173 9.521594582449292e-05 0.00016371420465799557 7.910832955755589e-05 8.414506442761262e-05 8.834068790248884e-05 6.19836122058042e-05 8.118013682439602e-05 4.399121447560765e-06 7.850389655178518e-05 0.0001267437199197278 5.7803352364657494e-05 8.400413629546256e-05 6.381834669009532e-05 8.82800631492876e-05 7.675276348724876e-05 0.00010671212227203392 7.685308927639445e-05 0.00015928090199660052 5.406259023949282e-05 1.5550360242288888e-06 5.532848785292448e-05
1201 16814 8.442848674358508e-05 0 0 3.1124936909825125e-06 9.416780282274622e-05 0.00012631683902745004 0.0002365817465842596 0.00028962135589240707 0.0002250900224680909 0.00020900643977066465 5.4467001108174044e-05 0.0003698974617665797 0.00010564985301398347 0.00018300863583507894 8.950866378139611e-05 8.763215750655361e-05 8.917167610325437e-05 6.313345321876501e-05 8.301596975207524e-05 2.978975295512127e-06 0.0001095619188058666 0.00015086461481099008 5.97742366111229e-05 8.85086545223248e-05 6.800496240176696e-05 9.920859729751379e-05 8.073878140323235e-05 0.00011009792178664948 8.183416369742924e-05 0.00016226065798483747 6.0838067653120806e-05 1.0874076037795677e-06 6.409266368934328e-05
1301 18214 0.000168125654140435 0 0 3.977828477218425e-06 0.0001762169250028659 0.0002435603523531098 0.0005533237075682695 0.0007621409807293569 0.0005925528776339729 0.0004150002183697222 0.00014327392476730992 0.0007184693662642341 0.0002686847557273927 0.0004376607875572816 0.00018847243576971994 0.00017034170230112677 0.00017420193104832535 0.00014988258953967172 0.00017537774861442113 3.825716933775961e-06 0.00020816467147492088 0.0002874463299258676 0.00012253693071893627 0.00018166595737601336 0.00014596092517817576 0.0001991327621728497 0.00016032274198400423 0.00022095974325249325 0.0001522254038521375 0.00032018904656426733 0.00012484728065314567 1.3657215975639658e-06 0.00012999000014284146
1401 19614 0.0005359138084195852 0 0 8.49218869944012e-06 0.0006260726345088256 0.000760063110386343 0.0017746631552531113 0.002512634877259472 0.00198210875805735 0.001339060749513279 0.0005136330007234582 0.002265917015303393 0.0009853718832060175 0.0014542472999375868 0.0006383221666720309 0.000533860135736172 0.0005107696343984666 0.0004875851680480157 0.0005337501670378858 7.671937314647874e-06 0.0006715025685841046 0.0009861700938150143 0.00038538969673040685 0.0006347277232152209 0.000432022261196031 0.0007345829867539094 0.0005427060914292874 0.0007260235221377496 0.0004610239058355727 0.001051187273663819 0.000392396318063448 2.8482436675911767e-06 0.00040782162577708336
1501 21014 0.000512361922770614 0 0 5.675862629110154e-06 0.0005598863124609193 0.0006745865614670658 0.0015509705331093829 0.0019857936950474255 0.0015923874946979753 0.0011456711926976582 0.0004349323831245659 0.0019340489389007964 0.001043959659128347 0.0012082376551908942 0.0006082922747276832 0.00047934490290784065 0.0004752605676192193 0.00046291289398372077 0.0004517794049192279 5.3476921238882995e-06 0.0005829249692832142 0.0008395275063670147 0.0003388626408620258 0.0007340495598965945 0.0003825244589282489 0.0007401394339139174 0.0004611553413961294 0.0006840089056348638 0.00040814677165895 0.001132806870392768 0.0003367741863240988 1.9464064890101943e-06 0.0003462656974551778
1601 22414 0.00016359199068407404 0 0 1.2352012827034272e-06 0.00016558053825958306 0.00019543426547566042 0.00045925751455442134 0.000564030606163886 0.00046310753913276847 0.00034800372610412886 0.00013159145698506423 0.0005997252669354171 0.00038153936569326925 0.00041508839536435316 0.00019685444273213716 0.00014632356642507724 0.00020297400606300158 0.00013606855807447572 0.00013325482239270902 1.0803945639696208e-06 0.00017240923431922404 0.0002544481363891103 0.00010314097912926004 0.000302162309931808 0.00011421427254431309 0.00030733345762093325 0.00014494861761412908 0.00024683372283633686 0.00011482736226109425 0.0003640115903205098 0.0001063561171702907 4.232442517884997e-07 0.00010619682559856655
1701 23814 0.0003116758777359261 0 0 1.5983015067726636e-06 0.000306131002905472 0.0003613917168033388 0.0009423546403180867 0.0009957707076110461 0.000834176590523977 0.000631683123187773 0.00024824956183415047 0.0011420415006412033 0.000792049699873772 0.0009290084932138724 0.0004249739638293001 0.00028960170437708976 0.00047159109565330466 0.0002560475713804153 0.00028291195532376953 1.363398846635032e-06 0.00031034240397472305 0.00048136121644294324 0.0001922542845619709 0.0007232081291163608 0.0002055621001244359 0.0006817510252321812 0.0002595750034797234 0.00047925441667122 0.0002088566353373041 0.0007160372954762818 0.00019676621459547149 5.383070441102913e-07 0.00019729599915661134
1801 25214 0.0003518049090858165 0 0 1.254052929598941e-06 0.00030611183844958436 0.0003737533566378853 0.0010236300518244859 0.0010406852707595742 0.0009068706302058124 0.0006338774058716263 0.00026061365252209103 0.0011123457958954045 0.0009187559415262981 0.0010878446118686889 0.0004770241413810582 0.00028747572780756506 0.00047737961271198737 0.0002631969597322374 0.0003006261645469468 1.0890076803807745e-06 0.00031726548085135066 0.0004787713509672661 0.00020368089088962176 0.0007716639672593722 0.00022624508392327995 0.0007039235263427079 0.00027374349136416774 0.00051424000427661 0.00022232274322032288 0.0007621848722929452 0.00020081899896100738 4.3158342401815354e-07 0.0002045703981223854
1901 26614 0.0003152006391589615 0 0 7.858778274158902e-07 0.0002544771251563619 0.00034736193567193015 0.0008821705001099869 0.0008187701494985402 0.0007113076657278008 0.000545744373444212 0.00020995487114285996 0.0009670058999010568 0.0007883227018237768 0.0010894696301716248 0.0004439851112446803 0.00023281952078035576 0.0004094252590167554 0.0002223324580869947 0.00024227614851891796 7.115769319184726e-07 0.00024478507476112353 0.00040977067652639074 0.0001763582967081005 0.0006799766039544736 0.00019748142506385282 0.0005951309380573128 0.00023246641567702307 0.00045062646269111495 0.00018037019367019878 0.0006496138384468598 0.00017232656217882028 2.886412417127573e-07 0.0001806323382533124
2001 28014 0.000579478342373324 0 0 1.1794881656715839e-06 0.00043234588228209807 0.0006353081690106903 0.0014632991846180166 0.0012587453308881159 0.0010884587535601004 0.0009149717017083359 0.00033130968621349104 0.001599461235661031 0.0013267240180994822 0.0025715932695585877 0.0007401389311895746 0.0003682062707388984 0.0007597866039728477 0.00034937931492757824 0.0003804715834096339 1.0495411610954523e-06 0.0003795350220635114 0.0006471236358595208 0.0002860747460780976 0.0011018038417822456 0.00032454254632926583 0.0009367915288462125 0.00036192215316118836 0.0007381382302746313 0.0003006743535181678 0.0011244191897829777 0.00028071436788802863 4.326066567070023e-07 0.00028243694662797675
2101 29414 2.0792951577516792e-05 0 0 2.9644023658618983e-08 1.4287891229999658e-05 2.5161467434491086e-05 4.788738697089793e-05 4.4479086443056576e-05 3.9009500427817856e-05 3.3905264189452854e-05 1.0867599809872641e-05 5.618898856357658e-05 4.599566395055423e-05 0.00013439276540486 2.88846512236017e-05 1.2592846392150284e-05 3.678775410010977e-05 1.175419176051052e-05 1.3366682872094563e-05 2.4425334861819118e-08 1.2705343908892466e-05 2.2337875610327063e-05 9.994188653965206e-06 3.707530224381321e-05 1.1298193918789576e-05 3.202118733030305e-05 1.2405492838322568e-05 2.545112749942503e-05 1.0235359890834508e-05 3.8725263480763174e-05 8.916247879162306e-06 1.0405042697805083e-08 9.487112532681044e-06
2201 30814 1.5273960562596885e-05 0 0 1.4541672386048837e-08 1.1026811716114015e-05 1.899584793260325e-05 3.527253055426821e-05 3.201398504194676e-05 2.760048820222997e-05 2.4214806110315274e-05 7.703558386647024e-06 3.896315189004023e-05 3.5356278600475865e-05 0.00010490236593403876 2.0609814015496128e-05 9.409110613622155e-06 2.744623366297972e-05 8.348993806763342e-06 9.283552082939514e-06 1.2093850433798361e-08 9.165556787466194e-06 1.5598803572107793e-05 7.065091640961144e-06 2.6353417576844966e-05 8.301798778386904e-06 2.5386200137433587e-05 9.100537228699773e-06 1.9939512193903793e-05 7.528889375597658e-06 2.799014375088102e-05 6.556461962764492e-06 5.1657799655439594e-09 6.640151080394589e-06
2301 32214 4.037816869546783e-05 0 0 2.5914716987089352e-08 2.559358612518661e-05 5.0941152712397014e-05 9.357021505811913e-05 8.747531298093906e-05 7.191159256369956e-05 6.641876373691103e-05 1.9739998520722187e-05 0.00010081070819306526 9.945838584907984e-05 0.0002732859096603708 5.6326642846046654e-05 2.3434619310511978e-05 7.197629452924151e-05 2.0826256829462445e-05 2.37891343929726e-05 2.180229328256613e-08 2.352724316355915e-05 4.116751176785351e-05 1.760479822616297e-05 7.050134882711417e-05 2.2347294150244602e-05 7.431222749495557e-05 2.260824777831967e-05 5.664738970253068e-05 1.875045664429424e-05 7.391780713774679e-05 1.7289272407834462e-05 9.365277948123738e-09 1.6685645941774987e-05
2401 33614 4.829326933914864e-06 0 0 1.9740906056987975e-09 2.9894212646757707e-06 6.1124696244213475e-06 1.1846423572990057e-05 1.306271171541252e-05 8.130148963455588e-06 8.224806116944519e-06 2.252554174329285e-06 1.2155970085782033e-05 1.2299014705109577e-05 3.210140968836744e-05 6.8545278530517295e-06 2.747691958597604e-06 8.788215801927814e-06 2.485083144410788e-06 2.8284408956979536e-06 1.6845943492922105e-09 2.684009297625207e-06 5.012937954155135e-06 2.0822499526122164e-06 8.402588477662798e-06 2.562470939520793e-06 8.834715796527491e-06 2.610096649267801e-06 6.489190009956156e-06 2.1805908876948436e-06 1.0759572759376165e-05 2.063956652109933e-06 7.366869251030952e-10 2.175223329318755e-06
2501 35014 3.7433798390229494e-06 0 0 9.988181374874216e-10 2.2885295967485548e-06 4.723152630340074e-06 9.764249229623554e-06 1.358359431880621e-05 5.665598239044346e-06 6.233162887910977e-06 1.9085371415818964e-06 9.215659026472463e-06 8.747966602313598e-06 2.4335638093661385e-05 6.555527360132739e-06 2.098225270800472e-06 7.2273623960461065e-06 1.9797377897408053e-06 1.989378289572145e-06 8.24165834212227e-10 2.0700684911000727e-06 4.204455949206489e-06 1.561209393591615e-06 6.620510844589032e-06 1.8597224608651375e-06 8.086746271449734e-06 2.362062595715994e-06 5.32787676725228e-06 1.8385893395184069e-06 9.288462012693092e-06 1.8593400938777834e-06 3.7214708278915544e-10 1.783146247032372e-06
2601 36414 6.318455025182613e-07 0 0 1.0977588150382961e-10 3.904882625633997e-07 8.228242360486608e-07 1.704955499020503e-06 2.3800559256275557e-06 8.809745423543548e-07 1.1439260417957221e-06 3.3580640548671167e-07 1.7114687637233466e-06 1.5009812691514612e-06 4.235882835266267e-06 1.067694479892408e-06 3.40699397033479e-07 1.2379394530784536e-06 3.730013576379347e-07 3.221405635188081e-07 9.151714628506962e-11 3.5837294822934126e-07 6.922841749565323e-07 2.976404988705341e-07 1.1431882176631337e-06 2.9280790226244003e-07 1.3236757315105267e-06 3.837250610372977e-07 8.836397551804253e-07 2.9149011983861374e-07 1.587850084547675e-06 3.179863898513098e-07 3.93359309732333e-11 3.2058326272546064e-07
2701 37814 7.485911381721689e-07 0 0 8.469191048795625e-11 4.517832613489948e-07 9.575766093114762e-07 2.0283328273321367e-06 2.7649194085208174e-06 1.0636251002915022e-06 1.4787170451845719e-06 4.0399340126318283e-07 2.2669891037067643e-06 1.8302241067498421e-06 4.571654073453555e-06 1.6178789291970975e-06 3.993681792752795e-07 1.8628734330556935e-06 5.173966922123903e-07 4.0402592859947184e-07 7.303472358611844e-11 4.6469002676039355e-07 1.0337161068092484e-06 3.937540933685635e-07 1.4930522668171164e-06 3.386106818481082e-07 1.6621437920276082e-06 4.478730095258769e-07 1.0413751893720476e-06 3.4107386877327747e-07 1.944539654082036e-06 3.656798997809935e-07 3.032465433291938e-11 4.27788829629227e-07
2801 39214 1.7542173620498847e-06 0 0 1.2970479727992777e-10 1.0731845054570854e-06 2.3751702692430995e-06 4.726695313763424e-06 6.61725816260118e-06 2.687187998273245e-06 4.06810947999006e-06 9.75951431939988e-07 5.9826766825849265e-06 4.954011588813663e-06 1.173711805721493e-05 4.014428603005243e-06 1.0482812778275477e-06 4.647892205716056e-06 1.224761185484265e-06 1.2454780871036654e-06 1.1305523877360765e-10 1.0658496409142472e-06 2.390162684368895e-06 9.76908697127867e-07 3.5985573125651542e-06 9.213813991120896e-07 3.9988173787186565e-06 1.208363915249048e-06 2.5099717580873528e-06 8.825695098637901e-07 4.76645820573687e-06 9.274185734500855e-07 4.882341916403216e-11 1.0888205812141986e-06
2901 40614 3.1326011597658236e-06 0 0 1.4876333953672403e-10 1.888848895888667e-06 4.24932754600652e-06 8.370209803211972e-06 1.1386531847486832e-05 7.034753161784474e-06 7.079200226328537e-06 1.60750381935282e-06 1.0295629914065491e-05 8.277217821018859e-06 2.3061581186564852e-05 6.957627141421505e-06 1.8620515052566392e-06 7.972726884756202e-06 2.0775257662736896e-06 2.137748957675012e-06 1.3193935011091002e-10 1.791352159479497e-06 4.110123143525058e-06 1.7009864101708069e-06 6.501669499664816e-06 1.5168989162012312e-06 7.1285012963064e-06 2.047756822110419e-06 4.3924451786914235e-06 1.575568612547908e-06 8.437598761882895e-06 1.5432709375658187e-06 5.797976353254085e-11 1.9123253743997087e-06
3001 42014 2.3876916951246283e-06 0 0 7.760596750998552e-11 1.3575902767848785e-06 3.0767856010011165e-06 6.290830063640016e-06 8.08394362341254e-06 5.5359902476757585e-06 5.220371358305831e-06 1.1490760100622704e-06 7.538725076481257e-06 6.419033927532912e-06 1.7333261914325313e-05 5.017089946561694e-06 1.4131277595078463e-06 6.109084948616107e-06 1.5066184661012924e-06 1.5966332285518796e-06 6.624758238335559e-11 1.2622780903084105e-06 2.9729121349833147e-06 1.2393092562213323e-06 4.422924974317766e-06 1.1906207173016093e-06 5.040438980569997e-06 1.4659060972914435e-06 3.285985489784997e-06 1.194682234827592e-06 5.975042304287885e-06 1.1510612233265462e-06 3.050520351142753e-11 1.4049490235676746e-06
3101 43414 1.2409767396427376e-06 0 0 2.5848025189548363e-11 6.947899855920238e-07 1.4739816637102696e-06 3.186373159788037e-06 4.1789832456656335e-06 3.260640891314201e-06 2.403773606967792e-06 5.929881107906351e-07 3.566049430406701e-06 3.2959295939594725e-06 8.868381979204528e-06 2.4565916583619727e-06 7.148942273545465e-07 2.984363646194552e-06 7.433718997148318e-07 7.86829406965414e-07 2.3109480883851973e-11 6.472054195781053e-07 1.4659185600073586e-06 6.104694978238456e-07 2.2790303634596833e-06 6.041820301426084e-07 2.549017406738305e-06 7.353265072076166e-07 1.6181702617477635e-06 6.214769765648796e-07 2.941072844323444e-06 5.773599126942746e-07 1.0826258235987268e-11 6.658877194629055e-07
3201 44814 5.061430089371069e-07 0 0 7.199844824292132e-12 2.903238484262709e-07 5.771003133422571e-07 1.3058122484524238e-06 1.7286961090800262e-06 1.3302611013125514e-06 1.023658087314039e-06 2.248832166339855e-07 1.5010873982647056e-06 1.3837805923658182e-06 3.5762446919864776e-06 9.901638733956514e-07 2.9509428039479924e-07 1.1997098401958828e-06 3.272730912176888e-07 3.5688993259575134e-07 6.3688972283728335e-12 2.5083678505249855e-07 5.659197695489155e-07 2.523024037543038e-07 9.127144965580453e-07 2.5011539139238757e-07 9.92587168971051e-07 3.032153101039953e-07 6.392699322818046e-07 2.9550073606007056e-07 1.1377810962101743e-06 2.39613480147439e-07 2.8098670896008614e-12 3.040237140948031e-07
3301 46214 2.6922287664778515e-07 0 0 2.5706338323022464e-12 1.4677376298518238e-07 3.160536896428086e-07 7.268560927497425e-07 9.788115193731678e-07 6.754661337583796e-07 5.200625635168071e-07 1.231461179609006e-07 7.646353151410235e-07 7.148235090083038e-07 1.913244968925717e-06 5.330139759116016e-07 1.5402242570691327e-07 6.253841600275589e-07 1.887902680722717e-07 1.8939434963916778e-07 2.1994104476377132e-12 1.424230286747286e-07 3.003180423078464e-07 1.2955040287708588e-07 4.857052327203471e-07 1.3688937754855462e-07 6.555843029367648e-07 1.55320441305997e-07 3.528328849010589e-07 1.5319461953719844e-07 6.045591982328968e-07 1.258318068814685e-07 9.499435808033745e-13 1.7249721040170313e-07
3347 46858 4.56053723837657e-08 0 0 3.6247766895819153e-13 2.5248393571227424e-08 5.222869978981795e-08 1.2517857453311282e-07 1.704698237348928e-07 1.1585410359397783e-07 9.052570534779054e-08 2.065653880875347e-08 1.2654102976362095e-07 1.294398589296222e-07 3.2241605519966635e-07 8.866070957335445e-08 2.7135534085255675e-08 1.0132261510084817e-07 3.160670874632479e-08 3.0424749874793465e-08 3.063600836546479e-13 2.550006970165413e-08 5.418913053415304e-08 2.118970612208809e-08 8.338296217819035e-08 2.2829433051770403e-08 1.0916348186448027e-07 2.55564513646607e-08 6.026319180118429e-08 2.6296655806715373e-08 1.0413925212238707e-07 2.1308986403768352e-08 1.3086185650994443e-13 2.9529766077852425e-08
