% # columns="iteration, evaluation, sigma, void, void,  stds==sigma*sqrt(diag(C))", seed=823357, Thu Jul  2 14:39:11 2020, <python>{}</python>
1 6 50 0 0 50.99405140986526 54.72918045694569
2 12 37.040911034085894 0 0 34.58918611251909 37.306542305449874
3 18 40.52921229850936 0 0 32.217703736012204 37.42488598394319
101 606 0.9970287412570846 0 0 0.00015693411270295595 0.00014616420384447887
140 840 0.08496077678520828 0 0 1.9679996916942762e-07 2.9225674746472955e-07
101 606 0.054820151961360496 0 0 9.89952610874017e-06 1.1982707064618035e-05
129 774 0.04971109964917466 0 0 7.060047065631326e-07 1.003645331452203e-06
101 606 0.15600836432246704 0 0 2.021056799258845e-05 2.1035830059774297e-05
134 804 0.0758515539089269 0 0 4.931637781061693e-07 4.825330075660609e-07
