% # columns="iteration, evaluation, sigma, axis ratio, bestever, best, median, worst objective function value, further objective values of best", seed=38, Mon Jul  6 12:24:32 2020, <python>{}</python>
1 15 50 1.0000490012005196 18657.82597554385 1.8657825975543848e+04 21233.917707525794 24183.504544744374   
2 30 48.49257825337428 1.0396870247191672 18393.920713678126 1.8393920713678126e+04 21038.185515637102 22728.121886764446   
3 45 45.566184004725926 1.0472610719684168 17983.300224366718 1.7983300224366718e+04 21129.128320282125 22318.416288713037   
101 1515 0.1700662292858324 1.472273747267012 8655.289401471386 8.6962969961063791e+03 8825.298798265183 8868.468489049535   
201 3015 0.0009981226632861586 3.401825034942796 8542.0614737307 8.5420614737307005e+03 8542.41628939302 8722.848112540967   
301 4515 0.0048431268424382334 8.540197029150601 8530.319798482225 8.5303197984822255e+03 8531.425774388204 8712.326612120307   
401 6015 8.544340155961698e-05 17.431763716393075 8522.789966780278 8.5227899667802776e+03 8522.802774783204 8703.381747764448   
501 7515 0.0002910136349531669 29.1715280642519 8521.756900043008 8.5217569000430085e+03 8521.809960886352 8702.383999187849   
601 9015 0.002842372830541403 50.006666618451185 8517.731645149772 8.5177316451497718e+03 8698.313978021723 8698.632290265024   
701 10515 0.00015561766636610762 60.49435242121941 8516.721025587918 8.5167210573312223e+03 8516.73068767027 8697.320024516348   
801 12015 0.0009984662784752693 70.73891066084472 8515.010368235467 8.5150103682354675e+03 8515.05838518464 8695.655432510186   
901 13515 0.0001610207578326807 89.00027711322399 8514.212480315518 8.5142124803155184e+03 8514.221179414295 8694.8082950666   
1001 15015 0.0009373576009819559 128.0801430508048 8513.688911892585 8.5136889118925847e+03 8513.766601896496 8694.351235543152   
1101 16515 7.457610113602227e-05 150.41121315195403 8513.024272794315 8.5130245150781811e+03 8513.026853791389 8693.613988135417   
1201 18015 0.0004812955267220347 184.80480400058133 8512.823017381828 8.5128230173818283e+03 8512.836952314996 8693.420939396567   
1301 19515 0.00016227681150237508 222.07150396892678 8512.59600661876 8.5125960066187599e+03 8512.599692523894 8693.186757420077   
1401 21015 0.0001304145322164545 273.4508242449017 8512.508289507987 8.5125082895079868e+03 8512.512097951816 8512.514985351709   
1501 22515 0.00017010811315024498 319.5544677192387 8512.38852500817 8.5123885250081694e+03 8512.391179092947 8692.97937669603   
1601 24015 0.00013220369407142046 386.6992900217313 8512.360883742986 8.5123608837429856e+03 8512.363831132394 8692.952351724525   
1701 25515 8.778964919689676e-05 445.09841916738395 8512.308883162632 8.5123089688534856e+03 8512.309697392286 8692.89861092758   
1801 27015 2.7792059415060394e-05 551.1481355184643 8512.303072613886 8.5123030726138859e+03 8512.303180571282 8692.89216878267   
1901 28515 0.0002478534197161959 668.4894234087036 8512.261858912823 8.5122618589128233e+03 8512.264637988697 8692.852687933797   
2001 30015 1.7460549507472557e-05 818.5295213551565 8512.252246033202 8.5122522460332020e+03 8512.252349287568 8692.841453663874   
2101 31515 7.902623733036513e-05 1040.4309656292676 8512.24574614794 8.5122457461479407e+03 8512.246154317769 8692.83526443282   
2201 33015 0.0001245320783986397 1203.8125048878212 8512.221936674396 8.5122219366743957e+03 8512.222398831424 8692.811213754647   
2301 34515 0.00012548364998241828 1472.3019598905992 8512.215197405263 8.5122151974052631e+03 8512.21554376568 8692.804708421934   
2401 36015 0.00015444754839295794 1746.3874591251126 8512.200180980832 8.5122001809808316e+03 8512.200791186342 8692.789787671463   
2501 37515 0.0001563467448778281 2023.447846226016 8512.186831709583 8.5121869488704178e+03 8512.187327197482 8692.776396302002   
2601 39015 0.00011805196695819681 2435.065473139559 8512.17899650972 8.5121789965097196e+03 8512.179207282636 8692.76837793374   
2701 40515 0.00017234837874949388 2931.595268757788 8512.175262822104 8.5121753109983874e+03 8512.175466044575 8692.764864716639   
2801 42015 0.00010955227980811943 3742.0883380322625 8512.170440854605 8.5121704408546047e+03 8512.170589433446 8692.759684092956   
2901 43515 0.00010549217508811293 4616.788637213771 8512.167066569322 8.5121670665693218e+03 8512.167166523841 8512.167253194024   
3001 45015 6.47325378265873e-05 6201.134144837515 8512.16572514599 8.5121657251459892e+03 8512.165767924236 8692.754915818037   
3101 46515 2.484105321153493e-05 7487.538828595238 8512.164809715143 8.5121648100471193e+03 8512.164822877761 8692.753973961551   
3201 48015 2.6180506544561237e-05 9185.014465475959 8512.164335401127 8.5121643354011267e+03 8512.164356946603 8692.753507953983   
3301 49515 1.5264466046467282e-05 11414.878360730658 8512.164146540852 8.5121641488841469e+03 8512.16415113654 8692.75330803219   
3401 51015 2.063145698136033e-05 13891.025606854171 8512.164000954403 8.5121640009544026e+03 8512.164005813525 8692.75315736912   
3501 52515 6.71055704269228e-06 17001.653901375226 8512.163889202904 8.5121638892029041e+03 8512.163890326508 8692.753048390014   
3601 54015 4.6921994810538695e-06 20967.052677563934 8512.163865785436 8.5121638657854364e+03 8512.16386637907 8692.753024919451   
3701 55515 7.740371958006063e-06 27206.042082323715 8512.16382131536 8.5121638213153601e+03 8512.163822582746 8692.752980419864   
3801 57015 2.4256353298596845e-06 33679.77739054399 8512.163810079739 8.5121638100797391e+03 8512.163810479815 8692.752969017207   
3901 58515 2.906590724135274e-06 41707.84643313556 8512.163799570983 8.5121637996258887e+03 8512.163799806427 8692.752958263909   
4001 60015 2.0551039880616666e-06 49782.762209886925 8512.163794167041 8.5121637941670415e+03 8512.163794453221 8692.75295293447   
4101 61515 2.8559184993483126e-06 63747.526269444905 8512.163789106164 8.5121637891061637e+03 8512.163789355753 8692.752947764206   
4201 63015 4.164907056614756e-07 77295.72473900701 8512.163787212825 8.5121637872128249e+03 8512.163787223652 8692.75294575611   
4301 64515 1.7774784416289558e-06 97107.02530658965 8512.16378571522 8.5121637857312217e+03 8692.752944263093 8692.752944355963   
4401 66015 2.570182118997953e-06 114228.50755995933 8512.163783126132 8.5121637831261323e+03 8512.163783250506 8692.752941820165   
4501 67515 1.193238386035306e-06 139501.0681829932 8512.163782302483 8.5121637823024830e+03 8512.163782349151 8692.752940852713   
4601 69015 2.6224564121248723e-06 172306.92874656053 8512.163781030404 8.5121637810305783e+03 8512.163781074674 8692.752939592223   
4701 70515 2.5803807773896225e-07 211105.01851594695 8512.163780775585 8.5121637807755851e+03 8512.163780784003 8692.75293931805   
4801 72015 8.783841947814723e-07 255002.37536721682 8512.163780145847 8.5121637801458473e+03 8512.163780157363 8692.752938682459   
4901 73515 2.9664999484467987e-07 321054.68418201274 8512.163780052771 8.5121637800531807e+03 8512.16378005449 8692.752938586138   
5001 75015 6.083944284588465e-07 400706.4437683249 8512.163779944534 8.5121637799445343e+03 8692.752938478292 8692.752938480333   
5101 76515 1.182668457633127e-07 518033.983512201 8512.1637798955 8.5121637798954998e+03 8512.163779896458 8692.752938427557   
5201 78015 1.8089491090235224e-07 666610.9461255823 8512.163779862614 8.5121637798626143e+03 8512.163779863431 8692.75293839512   
5301 79515 2.51460081784004e-07 819525.0216354587 8512.163779814224 8.5121637798142237e+03 8512.163779814993 8512.16377981542   
5386 80790 2.150896166529432e-09 1.3123163259392765 8512.16377981039 8.5121637798141528e+03 8512.16377989715 8692.752938341773   
