% # columns="iter, evals, sigma, 0, fitness, xbest" seed=42, Mon Jul  6 00:51:21 2020, <python>{}</python>
1 14 45.81799207268242 0 14274271.857232852 -0.6123386423457311 -44.86279334555151 3.790240543800406 -33.85825486645669 48.75631171188217 -7.3529303492712 -41.27527259028772 -16.06947955881758 20.646848003252657 -28.186650436784305 -41.11170496769444 12.184583956587144 12.248573524456932 -25.34770796294606 -23.552464832017435 11.602786933929323 -72.40614787973215 -70.37518265408875 -35.92328874511884 -10.672695548933632 15.545896467812645 73.77039276604057 42.88455356490409 -7.997233052896046 -0.9508484283109054 -50.1285568782466 -0.9256969122832482 -14.433581442558049 16.136681044449105 -41.36354636737643
2 28 42.568739026212 0 4082470163.395001 44.09397628371279 46.309754872820605 37.87313689177008 -6.141880773656657 13.37860503953369 -76.94406855994573 99.92369509247354 -1.9948403718261325 57.058451272773894 -4.3060425165039025 -45.781731430917915 90.58751927135584 54.20411502046032 -65.64435385283636 8.482883872736554 49.766017946089924 -2.4401077991948057 -47.3265687937957 -41.91058705336586 42.185089434725754 46.032125141724144 36.69354253454359 -3.520542226772175 -14.109630634416327 16.02614410807903 47.7728827957043 57.37719618182013 -53.196599792730645 40.26860158546531 8.449528576376826
3 42 39.97138650667773 0 71469111470.28673 16.92953516268331 -74.121968183356 -6.424266045657335 -46.45093189265148 38.81349703040404 -32.5879850601111 25.16295340263239 -12.104499306149382 4.792325293018905 -43.4769052949929 -99.71704047398697 87.65415286463644 -10.8536367563235 22.790309881122667 39.57587308032553 2.646514451420927 -33.50681444994872 -35.512503387076535 74.45536870330368 20.060540434273385 -6.258998732455446 5.5475952102909325 -2.4177901645031126 7.7719827129691605 37.81765768727789 -31.72965276831607 -57.288151980565054 -6.72109338920264 -2.1822223623945547 29.008270083844653
101 1414 40.665886180398545 0 64088646889.32324 99.9946433549766 -46.52476555280839 -12.971980708058204 -55.491865803852846 -69.2540794486813 62.61530729348111 -48.05022837386681 89.12804692706695 -97.75449320339365 -96.66481233090018 23.17140538113408 -27.57034164627973 -99.57562449715132 -9.627712584047885 -91.39892801377718 88.61461312949703 30.757230684404448 18.12585244373645 15.500321348154927 -22.238352957955982 90.0007219451452 90.18969329929865 -36.92394211662041 -52.189277323520656 -55.03479538888261 -13.571162932591136 51.993454915948234 -12.243543807356083 -88.02428813037048 11.580374404795947
201 2814 26.97723853334542 0 74271225.24487191 -12.218092745197595 80.8440838782861 36.75322060577312 -26.379138604614695 -78.07542232502317 -0.5048274622695099 -52.956922659086615 65.49993339982537 -97.47688177223014 -87.88450892030964 90.6724098778025 -0.8141485184233375 -51.80056899966959 82.31539199929486 -12.421115903238729 61.382556387316185 3.0064773209549855 -68.91898508674275 -99.88524695745649 -24.487817660588917 24.988138478463725 -67.90613087187617 52.89973195246972 52.519724104481924 -36.50867171515972 -37.50957340454451 3.1481343971512388 72.51632532258897 50.60059018597292 -69.23791156318364
301 4214 26.22568135968831 0 2237364.291350941 90.21513428650644 65.09668969535647 -74.28702233291821 22.082966381365537 -88.85987437155354 32.45257507536085 -6.266280568238159 -29.94175324270367 -97.75510434425924 -32.21556034085112 29.357434417383416 26.305876567579674 73.89488319724344 89.51868625239874 -76.18630680463275 26.800015100877083 -23.734469499058747 -28.724883399455067 -96.68214373787576 67.51208685309413 -26.536128578103302 -88.16380167776953 70.45526834051564 59.477123263217294 -91.62393865122729 62.393476264675314 78.76189671126716 -13.445599764054533 58.01406538516068 -92.943980590811
401 5614 12.54406659075604 0 112558119.17981172 83.88797640835463 69.88662049333226 22.838097614228616 -71.84785997286 -80.88707197854112 -77.55263868913418 -11.85585389106015 -81.20863006285086 -76.94915232907155 -90.44292183348777 67.7728179507584 11.52716956987669 23.087799479269364 48.15829460486543 -88.52780649012014 24.96534266967052 80.14168829957308 -24.50274682528446 -48.3244244775764 93.16724395601713 -90.34492178644007 -77.48395780174229 70.83635418329752 0.8067596145499465 7.6682644191420195 -50.26159462936232 99.99879293013282 -52.088176458207 60.315499679685374 -24.648750320410898
501 7014 12.061962202216073 0 522862.78167831694 52.725589309027605 85.5429898174077 79.91809260195657 -64.8066894056534 -60.05058511474745 -60.258433401463556 -16.680616748141432 -97.12135298434512 -86.14224514382875 -98.32182315831366 8.193034102080716 56.4372693411043 12.496740791780496 53.902886582528765 -99.7310522443362 -0.3593545149359869 60.62697137175482 46.39307695942486 -17.395180659629887 52.785344517559 -86.41159784020158 -6.822491962956747 66.314609521868 7.370829013598069 63.71102954927366 -49.35664351761716 45.07913168968588 -27.326571534922135 40.51953510329447 -33.690833175955845
601 8414 7.853561072586584 0 190173.10311325552 -17.036607698046645 54.503977242915 77.01650595449473 -39.50562872965472 -60.38073761544211 37.02472542536602 -38.87164155000471 -81.88441320564883 -78.93224179186848 -97.57658384415627 5.810767548434608 32.061470603113435 17.799498370213456 94.96130788175266 -80.67266533549991 63.856278042341444 89.21185108954214 53.232981246955575 -49.56727784890006 12.6028423893207 -87.66189249205621 -12.406152898642574 56.43898829748683 8.655616805959795 68.26027970707011 -91.36757188414867 26.86720022642072 -19.374367178428216 21.785121254499575 -47.68023195182093
701 9814 6.718580368957595 0 183292.0075287127 12.808425923406972 10.04693503637753 88.34763761970339 -28.138472537615797 -49.09823080173357 11.426248988162772 -58.75911537766575 -76.24230206276215 -62.67972727528519 -73.68357036945173 69.56062216959697 12.896967419438141 9.162342135640529 52.72594392756281 -88.5307502419665 99.63791986424289 86.39048185421419 78.0640228607431 -81.15468161965595 -10.207427322456851 -14.653174593615404 6.5272520787500525 61.3497402587619 17.324646888050523 50.22349328313064 -85.69029945658042 47.58557167508121 -29.671095968286444 -6.4920371060347355 -62.298515549705996
801 11214 4.818584360671689 0 120776.26607284644 10.446598372017647 -6.698647824379565 99.74426710596896 -17.746872598695887 -53.28810160545951 39.54658255993467 -69.73508838384362 -86.2031581601415 -47.443742938574815 -86.96284807141411 56.81145744327155 -1.6241456058077404 -11.161307013756044 58.59027174054438 -11.710258522903969 70.31160000404101 67.9330491686201 84.04699346636501 -63.21574541824157 -2.0634354662947203 -11.495782708750198 17.47991368162974 58.627733755527004 40.142115685360835 14.842308715181503 -87.24040183775807 15.223090137368814 -36.087107132613866 23.826447506524342 -70.08334938621286
901 12614 7.942443969125165 0 51271.57237792847 3.2891126916936826 -20.388143495660614 16.273570496174216 -17.642241650846103 -70.97782780906618 42.43946269803211 -21.206324582822646 -42.72599713954477 -49.154961620240755 -52.0510799686283 37.34904455335524 15.826238670633046 0.4325996703814212 99.18729040906516 52.590300585410596 54.98900816983763 41.87765817700313 97.28029295584659 -38.88714961970754 -11.679468544007875 41.59223060611481 47.31896831457118 14.88728464850257 -3.0744709446144896 -17.05672345768008 -48.45549849956339 7.869444438436517 -33.13512857978052 -2.329434865880269 -62.52691237347912
1001 14014 6.9476458964455 0 13524.954014263654 -32.19612980806683 0.8733025998740569 10.848281630628207 -31.720644450073138 -38.129242018114816 11.075335094164155 2.4779758582457987 -22.498013036135802 -81.06543930926145 -61.06499786983213 10.257748837473347 15.339181551834145 -16.856906504695843 41.11879276575212 49.57835768517591 18.356768234174496 46.19305644546935 96.35420148580998 -6.419197288500499 -59.2031050676955 -18.344836876047566 60.16650619069304 5.766088375256707 18.36217426881683 -40.2897225047565 -30.778764215542054 -53.64552555689144 -30.875375237219217 53.55867801889275 -83.47265022630195
1101 15414 3.006842309258383 0 692.0597032119459 -53.344308361215795 1.7856994334878555 35.80046657064429 10.34781962156623 -45.65012506501824 8.700546513326337 5.488513956085285 -5.719452070376235 -63.11398032526708 -44.01817107786679 -21.926011425348737 12.159601727139687 -9.97626231636238 54.086200052280844 59.458578050573664 39.43538092179346 32.978196028678894 73.5461933005819 20.96551887195966 -72.50654350068442 -6.113184906927756 34.052213818142434 29.252242165724017 8.723372024055237 -33.4223298170362 -30.69623487371709 -65.36889131890425 -59.31225159833136 65.33772755598217 -67.88532480508204
1201 16814 0.332296572365264 0 303.9463195504946 -56.286850282625586 4.047441911251274 35.38954958311763 8.826455008941963 -47.456697776439654 7.321972460662572 6.623156343543343 -2.211791198064674 -60.837498403080104 -46.47108457885841 -21.25044778262779 12.71793909255669 -13.132893642098338 46.33991277495642 61.00873374886032 34.31108881937401 32.32566097203636 77.85515645128484 21.95850687811054 -73.60624611457905 -5.804255784164695 33.06631387312899 36.42750336120928 11.107721638218834 -36.90407456024596 -32.86480087069273 -59.987116876435124 -53.95607326277132 63.90654335086319 -66.54075923311606
1301 18214 0.02053074626973971 0 300.0073315802567 -55.92900261898441 4.555888429908714 35.2938097850481 8.296335259017155 -47.425890289694536 7.284951015176214 6.403004200335829 -2.4914071050158384 -61.06084949683009 -47.14705676999757 -21.076188106920522 12.470096037178592 -13.254409249029436 46.0752039534259 61.01937069110353 34.84662537810679 32.65243821500192 77.82298350444185 22.207514800654053 -74.10065662349143 -6.16969626211511 33.094069668914756 36.77604039021339 11.392460450234069 -37.039984366204635 -32.99954604216359 -60.29021311044173 -53.87339816331311 63.53426626965508 -66.12059138356778
1401 19614 0.000852551183368304 0 300.00001768349176 -55.93906250586752 4.5423946546242036 35.29969825580616 8.27936436616281 -47.43704724399408 7.302178581262321 6.3882244995724875 -2.4980922531150327 -61.05345657586378 -47.13429307639861 -21.076711963314857 12.479291525625086 -13.238681255310127 46.10864088888633 61.01499412354886 34.824309371337975 32.648395898592184 77.81816982388483 22.195792953753823 -74.08481630018446 -6.17573828320775 33.083577906467724 36.78646408402912 11.41137356400779 -37.034204823933436 -32.98891980821119 -60.283673015318215 -53.88730260687805 63.54186696642225 -66.10790785305582
1501 21014 2.2795176063475988e-05 0 300.0000000063039 -55.938311336122275 4.543057779883901 35.30006974404256 8.279439585383557 -47.43694093570742 7.302096532848062 6.387674581170501 -2.4978380972438288 -61.05354000265248 -47.13399194965914 -21.07618246285564 12.479724871698153 -13.239359305793982 46.1082107693029 61.014749373109694 34.825515685722785 32.64817017181997 77.81651641655228 22.19586386866007 -74.08376775213242 -6.176372372649666 33.08363917162467 36.785364508206285 11.412084516806004 -37.03414538280498 -32.989840477059914 -60.28283193807599 -53.88806798350474 63.54103596569165 -66.10821339603865
1601 22414 5.218043670303281e-07 0 300.0000000000032 -55.938326573149375 4.543065975034326 35.30007019547435 8.279440830629994 -47.43694292570198 7.302099502159917 6.387665807089121 -2.497831256780273 -61.05355689419767 -47.13399661161436 -21.076189040801694 12.479726285500021 -13.239358662150664 46.1082296680508 61.014745341337594 34.82552799734229 32.64817110333806 77.81651647560605 22.19586573132554 -74.08378520648267 -6.176409428580996 33.083643105531394 36.78535177226284 11.412087953077645 -37.034151588147154 -32.98984278254929 -60.282851664372316 -53.88805031536578 63.54101779712651 -66.10819420331958
1657 23198 6.853553381420027e-08 0 300.0000000000001 -55.93832665168801 4.543065440292246 35.300070150402576 8.27944078547685 -47.43694279226952 7.302099545682454 6.387665993382569 -2.497831433935829 -61.05355715616491 -47.13399635868002 -21.076189729242177 12.479726349981973 -13.239358087976711 46.108229609072 61.014745378403546 34.82552793829843 32.64817138871945 77.81651678620906 22.195865797264418 -74.08378516598697 -6.176409567096073 33.08364291152901 36.78535207213373 11.412088090962584 -37.03415188379276 -32.98984256386436 -60.28285172703906 -53.88805010845814 63.54101807434211 -66.10819442822
