% # columns="iteration, evaluation, sigma, axis ratio, bestever, best, median, worst objective function value, further objective values of best", seed=38, Mon Jul  6 12:21:52 2020, <python>{}</python>
1 15 47.39288565714014 1.0000490012005196 260105931.32600787 2.6010593132600787e+08 105087999594122.1 5.831811407066938e+16   
2 30 45.615921262231076 1.0489362777366775 260105931.32600787 3.7978695168607235e+09 135180090091793.11 7.708942595568219e+16   
3 45 44.223196328475666 1.0561166392407646 260105931.32600787 1.0477193570548719e+12 188820423403414.94 6653950474689214.0   
101 1515 54.31569030717437 1.6304282768322786 443142.1158740921 1.7456165822052876e+10 198994257213101.72 2.277370411179039e+16   
201 3015 39.25886127084437 1.9231256627433997 341871.38483584014 8.6703227619299335e+09 49335053975573.414 4208033077926934.5   
301 4515 25.992488644258206 2.070298663856664 341871.38483584014 2.2187596468346417e+07 825207994408.3683 266525555907839.84   
401 6015 26.592456925629197 2.3211264448031863 341871.38483584014 7.1722960033414811e+06 11776191080408.684 3959385942568454.0   
501 7515 18.248250430171687 2.638445727541386 341871.38483584014 1.0379540231273663e+10 936964110510.2551 41527167869059.44   
601 9015 8.787782937626764 3.3021092842559243 341871.38483584014 1.3219544049871659e+09 50523316435.80183 1483701508057.8655   
701 10515 6.4117409415350295 4.044721554508936 341871.38483584014 5.8820339079571061e+05 1452043932.5098782 804929421912.7662   
801 12015 5.4529362623871425 4.990882863516679 341871.38483584014 5.2909702962714061e+05 20735156343.43184 454067658352.2886   
901 13515 5.382431043228187 6.02870465292062 341871.38483584014 1.0714516082725502e+06 1097705536.9157147 214023584494.2127   
1001 15015 3.8412219898965283 7.20242418106834 341871.38483584014 8.1369213314410427e+05 28373300.243069135 16248315213.21928   
1101 16515 2.0914563589738258 8.5633534644791 341871.38483584014 4.2068326050091157e+05 3809551.853280898 4130907147.5628843   
1201 18015 1.9116148656451388 10.659709132035855 341871.38483584014 4.1348731343377603e+05 711298.3979902142 178957243.2338688   
1301 19515 2.5959127017258594 13.449239015530253 341871.38483584014 3.7147076094564010e+05 66817977.14172987 1374379652.5659668   
1401 21015 2.242804639883129 15.447846134023445 341871.38483584014 3.5923789869818278e+05 471027.2362457308 41408638.41222782   
1501 22515 1.6979033920056115 19.083460579091224 327581.8123621772 3.3265867806426651e+05 377441.0995145683 10010361.430915259   
1601 24015 2.2900917819922086 23.342361349427485 268942.5338018036 2.6894253380180360e+05 357391.95846591366 42739019.905048944   
1701 25515 3.083729481121549 30.864581116551694 193096.9730305739 2.0131509728965169e+05 1328945.8846427398 54410086.206237815   
1801 27015 3.7191633375000794 46.83735620086481 138295.71861520447 1.3829571861520447e+05 464208.8963080128 14724121.157978682   
1901 28515 3.655782860921011 60.61986602020449 83954.26236522205 9.0411609546651453e+04 126294.4844895773 3007883.9205556745   
2001 30015 4.920668434789821 79.19679525612928 53973.11528524995 5.8444281856755500e+04 248278.09701061598 4770966.51196195   
2101 31515 5.843081081489538 108.00766168548563 26384.33476104587 2.6986720271974948e+04 65074.930051863616 740718.7225438263   
2201 33015 3.4360922350748617 142.2126378020622 7401.343762655815 7.4013437626558152e+03 9518.985082545574 399963.82898173446   
2301 34515 1.7997152846806392 179.2939179357524 1449.7029063501982 1.4671327516549240e+03 1659.1749589846208 2501.8504421965818   
2401 36015 0.6838479223975388 195.34007302003678 352.6564134815271 3.5567873933114561e+02 380.084812134388 435.0073822824727   
2501 37515 0.11037874607163843 193.74631946446524 301.17111522174645 3.0117111522174645e+02 301.64162022575044 302.0942184449712   
2601 39015 0.015132974654487015 183.69185355328273 300.02908816939396 3.0002908816939396e+02 300.03630064192146 300.0421698123318   
2701 40515 0.002208026725354141 179.37197942602188 300.0003813716591 3.0000041978618003e+02 300.0005805483978 300.0006701017457   
2801 42015 0.00027103491739412 177.1977073633511 300.0000038005331 3.0000000380053308e+02 300.00000730118376 300.0000112739481   
2901 43515 3.885309383307129e-05 177.1686797118391 300.00000008304414 3.0000000010509098e+02 300.000000134369 300.00000020291907   
3001 45015 3.4994241355181363e-06 171.02956226400988 300.0000000007297 3.0000000000077597e+02 300.00000000099857 300.0000000012434   
3101 46515 3.54933382316722e-07 170.48143099005654 300.00000000000495 3.0000000000000568e+02 300.00000000000733 300.00000000000995   
3201 48015 3.487052690500255e-08 161.57849481905347 300.0000000000001 3.0000000000000011e+02 300.0000000000001 300.00000000000017   
3204 48060 3.309796364759693e-08 161.7335753713131 300.0000000000001 3.0000000000000011e+02 300.0000000000001 300.00000000000017   
