% # columns="iteration, evaluation, void, void, void, xmean", seed=45, Mon Jul  6 00:53:03 2020, <python>{}</python> # scaling_of_variables: 1, typical_x: 0
1 14 0 0 0 2.2666107354978444 -24.944066310377345 6.539275845681402 -4.701914400130134 23.59723745058383 -18.436715455493356 10.650003362475324 9.566529957474486 -4.340827361947026 26.072960197811504 13.504397323050322 -7.192749188118537 -34.28002772897399 30.312471147797016 34.98218730493624 24.31669890298991 -29.412843999569255 48.61710014771919 25.992566249337944 16.020602435330815 -9.080235462773354 -3.3283001961156264 -10.874306139315895 13.87020348592189 2.2440119089797705 19.332175670599586 28.04350419948395 -5.60880049801935 -2.7370664610925783 -17.447196774603295
2 28 0 0 0 -18.051211539001145 -57.072935849937416 -41.12887518212296 24.05615396475868 15.408964563200408 32.242132814822675 56.40041446608542 -8.711980430745129 -1.3732951245457552 13.434168992290017 -35.09186007969153 -19.651364699976664 -32.47751500617515 -8.404101720954667 43.23968442745148 3.959476548561458 -9.817860172356319 31.553774805933866 68.69831371707339 28.11924426831078 -3.89918867906815 14.914557868902353 -18.250232768601865 3.3196897640202945 25.625513063964164 18.30927356016382 67.7797080962684 20.282281322598976 28.224384534505045 -50.054947972337075
3 42 0 0 0 -43.51113778374725 -44.74234359093578 -39.81496428034779 1.9287905533435818 -9.153366289479875 0.9845295375032066 53.378974672223364 -7.324407852977977 -24.71850369437353 2.618523013330446 -22.484316051188756 -35.642765939888385 -28.710963766395658 -1.5725035134299432 57.43180731018821 25.028405190059733 2.446403412415952 45.49188206395589 72.12730650116171 19.4065726243514 -22.930181876508833 41.31277563464176 -46.692038127760114 15.914057751684775 56.32221545789112 11.306968097709468 93.25743497776739 19.187363213631617 11.326986510602023 -58.548524908646556
101 1414 0 0 0 -43.05974485726964 9.203692496439539 -4.856977448610491 -21.07208686273067 -21.518746102837518 22.3337909920065 35.351143427754586 -35.57464741060044 -18.890508609359177 -17.60139672018521 -36.822530799637846 -25.46925108162111 21.323679004142285 5.240239237502633 73.84374670025431 -70.59859301579392 -40.05296152803276 72.24175373977911 82.26682363393911 17.327303588238117 -29.91820250139757 31.178749676634148 -25.810058934469282 -3.512008263899996 -1.7756039926478429 -2.069405352881073 110.91989015354488 -9.907802769957856 5.478761771014692 -20.904829850446127
201 2814 0 0 0 -42.80388602336085 8.893326610813373 -4.618632077370335 -21.106414152232393 -21.49457102257162 22.282919141511584 35.36064518576029 -35.41910182788598 -19.135961563630868 -17.493315960461995 -36.78059236844277 -25.356121279351335 21.360848819465243 5.192516599887926 73.85359356346324 -70.63228091637853 -39.53845061042922 72.22681330515157 82.11118099262588 17.279811443992468 -29.90302374053437 30.88247484112897 -25.95677016786106 -3.512648389746811 -1.2599673467299903 -2.1405139530884716 110.64189693217233 -9.817877548253495 5.476263942725816 -21.00478068766543
301 4214 0 0 0 -42.74944604796419 8.829059947005103 -4.689558644463132 -21.14854398949112 -21.489910229674386 22.262164186983284 35.360907470730005 -35.43078687073705 -19.129029817353583 -17.476639850651175 -36.878776165107055 -25.370950516081972 21.3575834477966 5.178816474029182 73.84625779834901 -70.63938983113879 -39.586431720059736 72.22482671481164 82.12027502782497 17.28551948438134 -29.93407341677239 30.84466534361156 -25.969120476429836 -3.4573484584435006 -1.307330717171672 -2.125799523758353 110.67926441364332 -9.81288252135205 5.486176599414738 -20.990673435415744
401 5614 0 0 0 -42.73793475266648 8.824072567986825 -4.702219127897692 -21.150476746912318 -21.45800207854233 22.249056194241238 35.35846407663705 -35.42251802011132 -19.110952954594556 -17.48377297861091 -36.90931655064886 -25.388981855029858 21.383161243480007 5.183381873483261 73.81868793810294 -70.66668926829232 -39.57246420403363 72.22527219364008 82.0944707607611 17.293423500889418 -29.94138122331376 30.832094981161998 -25.948550167266248 -3.441751500093718 -1.2988172847025459 -2.135677560255736 110.68408774258471 -9.800259958729239 5.518719791684087 -20.976054212608393
501 7014 0 0 0 -42.75058230424381 8.802898236029584 -4.682388525269344 -21.146618988497902 -21.443240973748296 22.256277013302434 35.368241967828325 -35.415022500198255 -19.09645831870807 -17.487961310942623 -36.91691074003927 -25.40507469853089 21.37881231530312 5.202464290953928 73.80380747043539 -70.67882916727223 -39.570363460394724 72.21946410829658 82.07887254899384 17.312505445886636 -29.945394251663426 30.840282168791976 -25.95275279382585 -3.4297039719327143 -1.2711642045874818 -2.125304789797747 110.67368967079449 -9.809135401072293 5.513721128486699 -20.978473468254244
601 8414 0 0 0 -42.76057136843997 8.804056930890901 -4.671988898710393 -21.147441320115867 -21.44064373151281 22.245791870931978 35.36807549853573 -35.41589389736337 -19.09474592099851 -17.484783394312583 -36.92558446266212 -25.40922998966928 21.378487476855625 5.193269114190185 73.8092243772977 -70.67830445673235 -39.57782781608725 72.20051398111636 82.06833557104609 17.31524034279787 -29.955858842608468 30.848635636956732 -25.953403507673535 -3.433448095777443 -1.2699905716103501 -2.121361884653142 110.65443433567543 -9.801422033818717 5.518964263356925 -20.967305994877602
701 9814 0 0 0 -42.75952003448127 8.804029892634388 -4.675418183142615 -21.14952445136471 -21.437624770074827 22.248567903455662 35.370252652014855 -35.4179527469355 -19.092850068683 -17.482781904765876 -36.92512707271095 -25.41101060872676 21.377678052906308 5.190359005024922 73.81129836700818 -70.67766309780377 -39.57330539356749 72.19538685500596 82.06097608041472 17.31762334461825 -29.95706732413557 30.852695367668076 -25.95559837202915 -3.4321401827443854 -1.2793560350570077 -2.1279992125797302 110.64159909718903 -9.800473485675399 5.525346388220443 -20.965567980081303
801 11214 0 0 0 -42.75902302776759 8.807131480478851 -4.677666985574664 -21.150352987729114 -21.43431897260088 22.245597878806585 35.37131715326068 -35.416754108686824 -19.092400158908347 -17.479351544856918 -36.92851805734708 -25.409993598027143 21.37753457413181 5.191477392868811 73.8092806389127 -70.67740241251427 -39.56670624811182 72.19822300482477 82.06064738161133 17.31434673558088 -29.954679210138014 30.85359673118572 -25.957090978463 -3.4311223057721283 -1.276309471990407 -2.1299444445203606 110.63155955217334 -9.798987532295577 5.522126808277645 -20.96749420709143
901 12614 0 0 0 -42.76033112899555 8.805075370776292 -4.677624289869011 -21.152618462204206 -21.43210537689165 22.244791831078704 35.370913089316346 -35.41774526027607 -19.090926531708394 -17.478933844268955 -36.92807117331642 -25.4111095984339 21.379720363926566 5.194670640690699 73.80924362058136 -70.6773101757647 -39.56782758050957 72.20072638333616 82.05980782539399 17.313646939878282 -29.953336441316374 30.854743461568123 -25.957365189300212 -3.431339908145545 -1.2778969287090765 -2.132152731858461 110.62896734639448 -9.797259338373424 5.520197069473795 -20.96869002458262
1001 14014 0 0 0 -42.7597847494987 8.80425598975491 -4.677114576254965 -21.15268362582735 -21.431365581110082 22.243973348759923 35.370451697583825 -35.41749018165925 -19.090062777115698 -17.478932090160914 -36.92693582191821 -25.411012384125737 21.379720694523566 5.194310865844279 73.80929042828016 -70.67701397463702 -39.568540704766946 72.2000675896306 82.06023774584945 17.31220764208138 -29.95285016195122 30.854697725268743 -25.95718951575079 -3.4310288881137287 -1.2770839182211629 -2.132424756303126 110.62854868312002 -9.796743121967841 5.520191323116954 -20.969152244090264
1101 15414 0 0 0 -42.759449973648344 8.804285728458574 -4.677076851830105 -21.152854524964557 -21.431280485385923 22.24384376614247 35.370425794205005 -35.41749918155655 -19.090207882691697 -17.47921375938447 -36.92683368368132 -25.410952857979037 21.379524766417905 5.194095762287501 73.80933293157253 -70.67733286679284 -39.568931449699484 72.19997777177794 82.06029114180375 17.311793327147235 -29.952688847441383 30.855082962398424 -25.957220707694542 -3.4308859339055693 -1.2769474221497066 -2.1322658491769815 110.6286224566772 -9.796965489674214 5.519985209634565 -20.969467952100683
1201 16814 0 0 0 -42.759421661292905 8.804361833580082 -4.677120980805577 -21.15281958716355 -21.431118062213116 22.24382096193448 35.370684393774134 -35.417521670697234 -19.090501516462272 -17.47914778651534 -36.926817722492906 -25.411082652118644 21.379484552839326 5.193883389674036 73.80910471957651 -70.6773918636123 -39.569035450529974 72.19957937806282 82.06011366222127 17.311839131798745 -29.952457749288644 30.855416070681716 -25.957188239950206 -3.4308925879936996 -1.277132552763895 -2.132197274550902 110.62891219975485 -9.797015540579586 5.519841971064097 -20.969633286835013
1301 18214 0 0 0 -42.759432626400475 8.804468504321187 -4.677081646805525 -21.152803918841872 -21.431109861217745 22.243661288357792 35.37070662958623 -35.41756399621628 -19.090559993550315 -17.479103851283558 -36.92672023301489 -25.411070401540286 21.379456994156733 5.194044176185551 73.80900359685043 -70.67745871695541 -39.56902948049464 72.19953398612566 82.0601550684854 17.311804519296896 -29.952450646536665 30.855324486673656 -25.957290047111123 -3.430714099590046 -1.2772045035432567 -2.132274728327936 110.62895834789423 -9.796947575199319 5.519801023203777 -20.969693925602005
1401 19614 0 0 0 -42.75950537420053 8.804500784016248 -4.677119016611408 -21.15277230892158 -21.431145221638623 22.243670783748318 35.370781002943716 -35.41752071225801 -19.09066192229763 -17.47911418763364 -36.92678046418214 -25.411042884422493 21.379423320709606 5.194093693968644 73.80903367187209 -70.67749302695726 -39.56907510773892 72.19951255083782 82.06011109791508 17.31176509548267 -29.952467398510823 30.855266415557104 -25.957288122799216 -3.4306568197252543 -1.2772672801927107 -2.132319807760925 110.62894768976595 -9.796947737135108 5.519831498868577 -20.96972239968365
1501 21014 0 0 0 -42.75954135806331 8.804490706676711 -4.67712500726935 -21.15275966542106 -21.431170048102146 22.243691532489795 35.370781995297015 -35.4174989077791 -19.090618304562078 -17.479092968094722 -36.926789774514646 -25.411012301887716 21.37939933568844 5.19408299264935 73.80900824085757 -70.6775110969524 -39.5691423667923 72.19952421984978 82.06008095320205 17.311696187214135 -29.952427989138236 30.855225306214827 -25.957290396322662 -3.4306598748411474 -1.2772974593564133 -2.1323346111336994 110.62894553129487 -9.796911786711924 5.519813404211577 -20.969709668828976
1601 22414 0 0 0 -42.759575375809305 8.804543369729354 -4.677131720177639 -21.15275760373659 -21.43121216513657 22.243675935691765 35.37077608878185 -35.41748651118798 -19.090583510740267 -17.47910408249575 -36.926783868467545 -25.41100970529158 21.379419340648973 5.194025433185696 73.80895500891954 -70.6774981184547 -39.56921073261371 72.1995746273157 82.06010635059813 17.311710309600414 -29.952441933983984 30.85524170708134 -25.95729223422814 -3.4306575533020847 -1.2773252746101742 -2.132327894251773 110.62888050359292 -9.796921115199122 5.519815464301694 -20.969712400274425
1701 23814 0 0 0 -42.759572268734054 8.804532472058797 -4.677151870294801 -21.15275948651192 -21.431223271235343 22.243672055064952 35.37078264030384 -35.41748734379782 -19.090578959858828 -17.479101944607052 -36.926779559672205 -25.4110158804525 21.37941457055474 5.194031773799512 73.80895304889637 -70.6775088983681 -39.569213642705044 72.19957733898136 82.06011966333907 17.311736257792997 -29.952439666776236 30.855246665545156 -25.957299264542293 -3.4306587631335974 -1.2773035915561628 -2.132333692539805 110.62886719528397 -9.79690995317561 5.519817867542823 -20.96972187562168
1801 25214 0 0 0 -42.75957446203222 8.804529303496478 -4.677154199416986 -21.152758508692266 -21.431228944220795 22.24367053430655 35.37078125284995 -35.417485203035966 -19.09057938403643 -17.479101734825512 -36.92677589496218 -25.411013420384233 21.37941190772646 5.194033082504229 73.80895049756835 -70.67751064653363 -39.569216879684824 72.19957448300552 82.06012069635095 17.31173616302476 -29.952437266755435 30.855247885671986 -25.95729882973717 -3.4306618221083087 -1.2773024788359064 -2.132332281450434 110.62886530497943 -9.79691044420769 5.5198191329026 -20.969720993035907
1901 26614 0 0 0 -42.75957634269582 8.80452173082484 -4.677158583553197 -21.152758129539528 -21.431236918634266 22.2436697378845 35.370775995058764 -35.417484879341814 -19.090582645610898 -17.47909985103353 -36.92677343015469 -25.41100647391044 21.379419082990367 5.194038749100023 73.80894593132999 -70.67750670111083 -39.569214512717785 72.19956982453864 82.06011605803033 17.311731382761945 -29.952438987246886 30.855248294474787 -25.957297574465326 -3.4306650518917285 -1.2773013573207679 -2.1323294891940874 110.62886069079887 -9.796918620518783 5.519823182961352 -20.969719359912418
1967 27538 0 0 0 -172.78225517807124 0.7327258994489018 -18.257017033350714 20.073265527734968 -2628030.825768119 15.633646019460256 21.518981255050594 -127.26923819741492 48.85557602518793 16.54816555488113 -71.99836989899244 -4844567.514113109 41.03131142155295 -34.1342432436711 114.41074375624396 -112.6835396018589 987365.2812136753 42.16422681419183 95.68453133908456 -2167036.033928064 20.045412543872157 87.44895381136993 -91.15024761340274 -7.378048025635665 12.467363391453029 6.301429605999623 115.26037034578725 -38.6960857693149 93.23275403689854 -64.82747908434075
