% # columns="iteration, evaluation, void, void, void, xmean", seed=41, Mon Jul  6 00:52:44 2020, <python>{}</python> # scaling_of_variables: 1, typical_x: 0
1 14 0 0 0 -21.99785893462594 32.543431808063566 -3.3268654034892045 -14.836359272363044 -3.864033390100115 -13.847489226542846 3.725587740167061 -2.5003880159268626 42.46120175675261 -10.337592230594872 18.41401523248962 17.069340165421533 20.30214699067308 -19.758775528313205 -22.384030138143242 -38.776467001657196 58.0395436389083 13.952701517017868 -28.156134014303 24.0082523909467 21.28332170954994 -38.328010971347 51.29481190219722 -43.370785525021155 3.385798560641342 28.900443320437766 -2.741295198374541 5.563544246653448 -35.804354833880886 -7.0878585486724734
2 28 0 0 0 -11.909210567164147 4.195131745655452 -30.598331621123407 -37.972241688302994 -10.854476490753862 -51.33382479748688 18.200556452900678 12.33455050201449 9.901602197885026 -13.696161191389368 52.968077081909996 9.816166861839296 60.89128163431754 49.436224511159864 5.3742444829828635 -40.80483670518025 30.835276716042397 -29.41659873312243 -29.869008939767927 59.43474211432201 58.76246979689441 -70.51261766672451 47.232551419239755 -19.06545164247831 -19.825862049881742 38.359079950005984 -31.194762808039375 35.00020290314558 -92.28734685807812 14.07898427051983
3 42 0 0 0 18.63238720397142 -26.1670483858272 -42.807621038839706 -12.935920985261724 -3.647796591584232 -56.51141495786151 11.088297520272443 18.556822623346694 13.990100339965835 -22.05530181543196 10.959777109286996 -3.0676349461939623 64.74964440220249 2.3137964326383695 9.439215335759076 -86.03580813272437 32.225197367704624 -37.60323754394992 -38.97940245217133 52.170130904373785 12.518487389365333 -85.87636489106113 79.25118893924521 6.179999802177289 -35.84005665049211 -13.544707627339243 -34.705333488817544 56.673046634593774 -75.03831553700246 17.396062488998584
101 1414 0 0 0 -18.134620372469236 -10.638494934563006 25.558938628709644 61.14988139956524 -12.793128794617632 -17.454975999011534 4.986953461758077 1.3854035966057654 -37.90675502276289 47.59625554930206 -37.49824390656646 -18.977940744523668 49.22440686658593 -56.575316131314594 7.166294487651015 -147.3880064254676 50.90027264707333 -12.70718991846518 -82.2226262044682 18.029670297606277 -53.2842526116846 -149.854083680371 45.4594776831978 -71.70295799434345 21.111594376184968 65.87773279410435 28.203200261390315 41.036034886941174 -69.73101581212167 13.180561461770665
201 2814 0 0 0 -18.968592624032464 -10.697550541011003 26.42491707554537 61.12805241146997 -12.561746872969131 -16.76939102499042 5.664727961003172 0.9338673295623857 -38.03552449485149 47.83661629067741 -37.53427003430055 -18.981802706409614 49.12418846360772 -56.188916020757695 6.773319875681851 -147.53283075975773 50.64564019108014 -13.04206383893934 -82.09474671634378 18.07274344005364 -53.26035661060163 -149.80550677062084 45.70627932117033 -71.84244286941752 20.94981170779045 65.60225397037534 28.29514250323032 41.07338266823758 -69.17368063740543 14.136503061980044
301 4214 0 0 0 -18.704380474752558 -10.574569138571956 26.44263795323912 61.124861472811915 -12.325875896749189 -15.718348312049367 5.712903274544206 0.7129347991704456 -38.04818923090392 48.135574363630305 -37.67115480437427 -18.99570044536966 49.12499096201391 -55.91342266511859 6.757913080067928 -147.43733066072843 50.53314595700592 -13.23346462496997 -82.01764387175369 18.110602163895944 -53.305385923210395 -149.82142579545874 45.65537102427756 -71.75487865390848 20.747115383396658 65.5727400007898 28.329605532029593 41.11685584121608 -68.77435447305213 15.721565558432726
401 5614 0 0 0 -18.754758101689273 -10.44730012591576 26.11843144537949 61.12035089186097 -12.286390066562364 -15.025956047006199 5.496297399862774 0.9260346278584076 -38.05092680892292 48.32824103881245 -37.72950188196095 -18.987313125181863 49.12636406724488 -55.536139929259654 6.801514697077195 -147.37129798322866 50.427021386592834 -13.587961246059734 -81.96541366487403 18.113196179354233 -53.366087913881735 -149.81711186757101 45.703637446038705 -71.69937413747482 20.94212010896623 65.63963457262693 28.32131843557511 41.118684434802745 -68.49447043939193 16.849418613431137
501 7014 0 0 0 -18.827223425611677 -10.456511261051924 26.020543420788016 61.11909917917599 -12.25897901380843 -15.130806801182812 5.447125327027732 0.9010121877393794 -38.05320313595647 48.333179610481885 -37.735582098298174 -18.982614530756823 49.12468548550098 -55.49579346456329 6.789817422530226 -147.37387225525325 50.44439574083133 -13.595333805825806 -81.98081311222258 18.195015775083448 -53.36482715430373 -149.81643056751287 45.73925437250331 -71.6913582349933 20.91935075862779 65.62948769887308 28.32307581201029 41.16535999192048 -68.53751225638246 16.962474548457973
601 8414 0 0 0 -18.840584348344898 -10.460095981057687 26.008972763582598 61.1196462433175 -12.271736326017235 -15.156514270807492 5.437760102398153 0.9025376436364407 -38.05376868375573 48.32094698199044 -37.72960043499087 -18.983129600117834 49.12484819656572 -55.49817702359289 6.7908942388062 -147.37778111852668 50.4483850237056 -13.595342247942893 -81.98232840925876 18.189383603837157 -53.36194189448583 -149.81597213963687 45.74540818357027 -71.69628603869798 20.920683847071146 65.63099845622823 28.322352479024612 41.162027517479494 -68.54701085615203 16.97436878711894
701 9814 0 0 0 -18.84080826424883 -10.466882735777784 26.00949476205672 61.11955387700751 -12.27760613440291 -15.158829484807251 5.438334454081044 0.9015149882839999 -38.053784783061836 48.307754459124745 -37.725315681459364 -18.983519110486235 49.124859696502504 -55.49578688603711 6.790755203979777 -147.38124306812944 50.45230302535029 -13.594332169529691 -81.98383640845503 18.172128086029897 -53.35885913883829 -149.81607439506803 45.745571738849804 -71.7004974266771 20.919743463837996 65.6304354469839 28.322372541067825 41.15222259532172 -68.54808385982872 16.97676266336114
801 11214 0 0 0 -18.840752050335862 -10.466436462749805 26.009571323112226 61.11953217551607 -12.276997077429728 -15.159034523232021 5.438312153906625 0.9014508037615259 -38.05376364804775 48.30878611844765 -37.72569086729333 -18.983532871457214 49.12486505468313 -55.49546375770007 6.790707284128692 -147.3810074874925 50.451997089884536 -13.594274867175008 -81.98368146653388 18.171016538287063 -53.359084881928 -149.81606470018733 45.745610586358815 -71.70018703801865 20.919794642077637 65.63040722826281 28.32234229301581 41.15158575010522 -68.54813819599839 16.977986226593337
901 12614 0 0 0 -18.84074761674713 -10.466333262981411 26.00965833981171 61.11953514770287 -12.276914510220694 -15.159166513040528 5.438354810200809 0.9014807554943561 -38.053769933592775 48.308972810836636 -37.72575460236381 -18.983533550811686 49.12486672839718 -55.49545136095474 6.79071279535715 -147.38094958647085 50.45193089975603 -13.594213095025435 -81.98365101254348 18.170978634695867 -53.359133848286255 -149.81606318911216 45.745593566941686 -71.70012564977178 20.91981501109883 65.63041628535173 28.322340173890833 41.151565539059305 -68.54819904980965 16.9779942553932
1001 14014 0 0 0 -18.840734617252185 -10.46634127618909 26.009679787803293 61.11953483510772 -12.276921559943148 -15.159174847191565 5.438369237959692 0.9014838729984652 -38.05376992318833 48.30895836950159 -37.72574976604142 -18.983532628283815 49.124867117742916 -55.49544442773211 6.790713825278117 -147.3809535493887 50.4519337985641 -13.594199660761149 -81.98365061003163 18.170992037251224 -53.3591299403453 -149.81606346014874 45.74558950811807 -71.7001316199336 20.91981704834624 65.63041708506087 28.32233979072588 41.1515723690283 -68.54820150549496 16.978007308157157
1011 14154 0 0 0 -18.84073458938035 -10.466341216788331 26.009679744615482 61.11953484091861 -12.27692156246132 -15.159174741024469 5.438369176248502 0.9014838485569457 -38.05376994088859 48.30895845348825 -37.7257497795515 -18.98353261813477 49.124867106366594 -55.49544439380846 6.790713853446765 -147.3809535406809 50.45193375828344 -13.594199787830343 -81.98365060749316 18.170992133382953 -53.35912995668827 -149.81606345131905 45.74558955463957 -71.70013159036918 20.919816998225773 65.63041707936836 28.322339815080248 41.1515724403095 -68.54820151871625 16.978007425648915
