% # columns="iter, evals, sigma, 0, fitness, xbest" seed=46, Mon Jul  6 01:14:06 2020, <python>{}</python>
1 14 47.21448767204363 0 25768.0591020664 3.1169704925842203 19.63384923456368 98.66199768187369 -84.6365152592072 70.8829967896469 -25.75847963826874 -77.01128730274928 13.847905561159902 -7.227513477626273 -58.48403311572567 -34.27193310581136 -25.52455891276793 21.11970988669697 -46.786061095402616 -37.70919012290017 62.685484927417065 -67.23059039040965 -50.174930993081816 -68.87272418711625 41.94957976972899 -58.339922498218286 78.42912298213916 -30.917181190894954 -39.245434506286905 11.15381715487523 99.9916866537609 -35.6446600650475 -74.19241645533829 9.411272305419342 33.67182990055287
2 28 45.370438834485235 0 15128.614788860083 -13.199477858129798 -70.35517204544277 15.711795513742722 -46.886164369663085 -22.124871191514504 1.9663577374024974 -10.520369154614514 43.18134611551702 -46.71993331426311 9.55284031773363 1.8719159353917902 -12.742570274391575 -54.63397686971312 -64.89213002166574 84.09659163110123 34.2933830414738 -31.30118192895677 -39.29776633638769 16.068029686075548 47.89874695916528 -85.98573313106786 19.437750614939947 32.76224430009365 26.672926894653923 -33.540425981542725 69.24655490590403 -60.18002646743111 -56.21933308734317 9.802391719175947 53.490902075852
3 42 44.4367261576851 0 102350.56500331327 -10.129927781375091 -36.53329115711674 11.454034612570883 -33.765004269646084 6.208874340122675 95.30872369830024 10.184383227694884 -49.53760877190488 21.785334409740074 -17.00843138959194 22.243914590622722 46.38620181897811 -30.202408219615535 -3.5039646301373395 54.46131971214379 97.74319045366882 11.484460252982245 -61.474318883396045 -13.396775312509792 98.24536386963241 -28.497115933967535 38.203709297833065 47.23123585537222 -41.63051576060415 -99.99991701341067 42.88424807282125 -41.6295039769115 -99.65491386412238 50.26183167740652 58.519911394755304
101 1414 10.35316725260565 0 5272.735052274533 -74.50654958468803 -39.630758408078876 52.46721568808795 60.12729366673086 -24.429005815684448 24.756270897038036 -64.45816564912654 -37.07095936222285 87.58714216109755 -23.9241518012064 99.82099778711653 56.06883219436516 -17.56289447109024 -18.26046250711097 97.83309450671163 -4.07462200220737 -79.05830938652406 87.9811720264441 -55.685208127118216 51.817039440042386 1.4627185053537914 80.88604672110853 -99.3430781837802 -52.039481456524136 -65.47579087604419 6.145945020673338 -94.80251691966177 47.075892229014904 35.409921806873456 -93.18027457485563
201 2814 9.51619897096809 0 4552.239114991666 -53.11340584389507 -45.03214571372693 94.72355000903087 86.34032876383235 -31.53689219083295 19.355655700590034 -77.42505520565697 -37.00264473097716 90.79851845216055 14.281391748263013 71.4368458587786 71.34891719321034 -15.736788208549775 -98.18414796952756 92.50119521192079 -31.551415012555356 -69.32454677231763 99.98700090096428 -83.12545606617326 83.92909190735328 68.64242169209248 98.74615163681224 -89.63375913181036 -46.774401147728646 -50.038011559876566 -85.98011460649113 -78.66722781901098 68.27390395924041 -30.696852538557124 -69.04590586367166
301 4214 2.1030352482831427 0 3885.0833457378294 -42.90417585521196 -36.672393307505516 98.20630395693895 95.22694132674489 -7.656523722060882 20.1994807696299 -74.90802042787413 -37.56093617926602 99.6995764164889 27.31879337889883 33.067612263164236 70.21005290549213 3.846902272231548 -89.50908321158232 66.68097193943933 -24.326114829380924 -99.42664045289659 97.64336875366622 -71.57052346986248 78.68655578676658 98.32038932070809 99.85381942390676 -86.79133871475916 -76.00078964582298 -51.916662089736235 -82.46744589314389 -83.80564980665785 80.29195873665552 1.8308011710928094 -75.82501778144923
401 5614 0.5916805744078535 0 3711.907307243071 -36.78084553916753 -45.287411311474855 94.38747700310248 96.3299444297067 -11.777553942981653 20.797747154840295 -77.82431946425223 -39.77327305648342 99.97610036127175 26.0165777898468 28.90827713432386 69.65765508234986 9.904382221690987 -99.83658467314683 69.67297020422882 -20.226448496160863 -99.59567746711751 99.3890672603528 -69.21310793061568 72.43344832428954 99.27146205805028 99.96969635191982 -87.10999054909944 -73.61368692454376 -47.89970445370366 -99.32105129323477 -86.73568549359285 71.13259217350205 -0.8618855615349064 -80.10988117518956
501 7014 0.10150564099945639 0 3674.8682776460914 -37.54560600774368 -47.79457881029598 92.9783964026214 99.09387801663365 -11.39287871658137 20.642209839188638 -77.8312463916449 -40.812609855232566 99.78906311302927 24.982290603684707 31.22364962506401 68.52997547884807 12.009614147313233 -99.98227065321443 71.84068161637535 -19.694712671620525 -99.98817500385384 99.94146540605962 -67.50133672467766 70.29223081377219 96.23824200445135 99.99904076010021 -87.4200753395875 -71.19140601583894 -47.03649214894887 -99.51075718093946 -87.46308693933517 68.57386455925281 -2.422467053511007 -82.55049371798421
601 8414 0.03310624396593049 0 3672.212880891124 -37.35890087005407 -47.75452831104494 93.07137724836352 99.33210846320142 -11.492113320938309 20.798449442267753 -77.89143419521652 -40.7183235042358 99.83280603310108 24.916751357009755 31.566196618596152 68.74708144920895 11.710939699738862 -99.92474818018438 71.61188014246392 -19.520032928554475 -99.99608216172302 99.93484950709026 -67.39609963333606 70.72496430441234 96.14374914817789 99.99836812941678 -87.43615968767598 -71.40987079810643 -46.64721466043298 -99.8193856464894 -87.50981709323216 68.54923113830094 -2.806544990483723 -82.58059452929508
701 9814 0.017618306646253242 0 3671.7493017587294 -37.2635293123138 -47.5733488233511 93.2672750419629 99.42255050161954 -11.579899482260032 20.87074228590035 -77.95740472046275 -40.72375172156085 99.87556573449736 24.80582494118809 31.500297830620653 68.78325728678325 11.736030635562564 -99.92052919956672 71.59672976180275 -19.43604008971002 -99.99334722496181 99.91854288558905 -67.38075515483368 70.6496779651134 96.09469087452466 99.99909906343355 -87.45806267697418 -71.62872694686764 -46.49972956987952 -99.88053967351746 -87.42780685586396 68.315353673382 -2.9749650211365206 -82.88478661743463
801 11214 0.01622796923539602 0 3671.4158507078023 -36.85544270339479 -47.54075658401743 93.2747479085393 99.5578735757722 -11.585099748700392 20.830299491299883 -77.9907582096104 -40.729361382970175 99.85106201002657 24.773497981431113 31.698903450868006 68.79237039293389 11.803895864237221 -99.85208579721377 71.5791554961425 -19.35975136857132 -99.99999421201233 99.90524826055366 -67.37541139148013 70.67644533068818 95.99236146062289 99.99873091524606 -87.48301073539936 -71.70993658935949 -46.41481718370909 -99.91610200937833 -87.42058541435038 68.33087465874681 -3.109996180451362 -82.88029680191212
901 12614 0.01887597905282927 0 3670.9952180703585 -35.779576089899656 -47.4937799559594 93.29944569145474 99.77002901004168 -11.724888148024524 20.8910628720501 -77.85656132108782 -40.71585186933221 99.8079134873081 24.668858213175366 31.819357072652537 68.8602018486732 11.940181631459321 -99.67567018520135 71.60787958895887 -19.116116934298063 -99.99915785512223 99.8228516726725 -67.37584821557843 70.63939149170636 95.86089039752557 99.99038960842621 -87.5331352993957 -72.03435672694077 -46.06148311845527 -99.98731099392168 -87.37639359907887 68.29920178606183 -3.5451210728290516 -82.99008250869642
1001 14014 0.018065753137067743 0 3670.743550562776 -34.98895193258078 -47.48242444047552 93.28314187830162 99.87565646762529 -11.767175878130656 20.899010900047443 -77.87319699985564 -40.753381068924725 99.72318726729866 24.716927140132572 31.690904660446268 68.87918695363601 11.782212394972646 -99.6097847516614 71.6127342175603 -19.04590294853287 -99.99976112185279 99.79195051788781 -67.38559751073163 70.69045414985112 95.9743378075749 99.99049336329159 -87.55227395952396 -72.1242575343285 -45.95740145231707 -99.99852994008836 -87.35492152945451 68.29819930037648 -3.7246149669658357 -82.99959863908293
1101 15414 0.013249505358959598 0 3670.5620180509122 -33.96646679387967 -47.486707694665235 93.27999305804741 99.95101577001998 -11.768819720577156 20.906203077114554 -77.87834450898927 -40.746686970208664 99.715118061552 24.73351261789442 31.56873939459967 68.86563555430297 11.800943006047271 -99.62124730846284 71.62831455804448 -19.060370342522027 -99.99854098015604 99.81154372525071 -67.38273217416912 70.65995668442278 96.04641241108229 99.9937091743544 -87.54755968678519 -72.09426145468878 -45.97829648246602 -99.9992996447678 -87.37777503230049 68.29925388726421 -3.6913587294957226 -82.98194425562615
1201 16814 0.023110095575823494 0 3670.1534909592156 -28.92160204382067 -47.469587606437514 93.30117836280078 99.86657892807791 -11.71999306605119 20.882802961867355 -77.89068534963057 -40.74840154667721 99.75046486885695 24.8427249616735 31.525067970989568 68.85353860297595 11.88338777949874 -99.6735393055411 71.61380855058755 -19.15131421218042 -99.99715312072193 99.82301475557432 -67.37202554763962 70.58621370268602 96.07472046704004 99.99438240757242 -87.52569146678171 -71.97177205087009 -46.08244554214872 -99.96362698999292 -87.41421163582471 68.3015876633666 -3.543459700091943 -82.97878860347807
1301 18214 0.011445412373492453 0 3670.0664457566977 -27.69824415023081 -47.4740496158133 93.29389796359814 99.81801989331483 -11.695975454209321 20.883206801615984 -78.00317688766594 -40.739338914690364 99.74386991889257 24.81952492991872 31.604090393836962 68.85017849701863 11.822583377590515 -99.70646017749934 71.61770747629541 -19.180867387263145 -99.99999146986559 99.79074589222344 -67.37876131101854 70.70718387235789 96.0793060103372 99.99620940441199 -87.52015881278318 -71.93291908104356 -46.14031602593559 -99.95210017443425 -87.40476181229215 68.30587847627203 -3.4550926650813953 -82.99567316288977
1401 19614 0.0056992920553025775 0 3670.0203237198366 -26.76640146962091 -47.47937463200044 93.29373548146037 99.81268617439355 -11.686185314325087 20.881050674764026 -77.94033102494504 -40.73848915398464 99.75204630659942 24.74236143710505 31.64188012178371 68.84338341567536 11.836725109425426 -99.71740713943758 71.61713610572215 -19.194198882518887 -99.99993278550578 99.79153958601576 -67.37724150798235 70.67110578233402 96.01360484409196 99.99737095340686 -87.51734740441799 -71.92602018452936 -46.159334051648216 -99.94791880267286 -87.39902023781563 68.30117609851838 -3.4330650727968703 -83.00038682973114
1501 21014 0.029334350656091475 0 3669.8642692722096 -22.673583292045198 -47.46702123291233 93.30055675961202 99.97186399980416 -11.717231135877856 20.89021039410258 -77.92700334057095 -40.73315163500741 99.75472941170123 24.746448994893587 31.601695907174236 68.85512895846938 11.894107858101835 -99.69422888424883 71.61233641334357 -19.13775553916369 -99.99893647951276 99.79049163975652 -67.3894323452104 70.57154529424844 95.97618573299285 99.99237391951691 -87.52209381667066 -71.98589589198755 -46.09214528135058 -99.98062254724702 -87.38489569473643 68.3113797305944 -3.524722932072219 -82.99326238287154
1601 22414 0.008715124679217754 0 3669.8123503510265 -21.908854371787978 -47.47726739637612 93.2938015329562 99.99821037634584 -11.73957013901718 20.898031148576734 -77.94038197424615 -40.7414274098214 99.74650595785884 24.7849388903726 31.61755899073289 68.87106591968778 11.842469650331019 -99.6568084723832 71.61569135389513 -19.101816424657795 -99.99969062780359 99.79974897558226 -67.37592489288116 70.64592136693 96.02571373721212 99.99223868384527 -87.5331728493523 -72.03846416663399 -46.03442009181401 -99.99242032714535 -87.37887690378716 68.30234965126924 -3.6077736590763734 -82.99279292694963
1701 23814 0.003030171081833723 0 3669.802021724261 -21.401682639475265 -47.47874628815694 93.29238235110526 99.99990886762943 -11.747075625950604 20.89709943166588 -77.95217949873772 -40.744239684912166 99.7446284772562 24.793617176995905 31.623471840452776 68.87226010997811 11.836939214296597 -99.64761521518673 71.61613749406601 -19.092577711027047 -99.99998417275575 99.79923505664863 -67.3758528503713 70.66368107497118 96.03876037899484 99.99825523901907 -87.53274636950535 -72.04557605085154 -46.017971114677096 -99.99404993606159 -87.3784489915099 68.30134551969057 -3.627858881709734 -82.99371582031483
1801 25214 0.0013962442100263679 0 3669.800016218045 -21.40236100830189 -47.47788047125292 93.29271325184715 99.99993100316735 -11.747033091932595 20.89758953656181 -77.95339357775363 -40.744543861991005 99.74363440136511 24.79865559873598 31.623578385661222 68.87274193258463 11.840809843646879 -99.64713251275201 71.6147742083437 -19.094374335200264 -99.99999986182516 99.80086767908328 -67.37439740652994 70.66475773331427 96.04067314260364 99.99937134895656 -87.533408047963 -72.04563024980358 -46.02003683458952 -99.9942741870186 -87.38085244467209 68.30175905460374 -3.6272830997532055 -82.99210513913287
1901 26614 0.0005617344729888761 0 3669.7993594166737 -21.41390941954692 -47.47743689555884 93.29342816969489 99.99998865907472 -11.745877353012391 20.898734252336624 -77.9604773491593 -40.743578035855634 99.7448691072055 24.80529981136157 31.62682863456531 68.87206578554759 11.833527012069528 -99.64766718459558 71.61424544149617 -19.09513845631098 -99.99999958516719 99.80129092887627 -67.37531632047384 70.66820580384183 96.04303053774215 99.99992655425778 -87.5338627358807 -72.04487289589346 -46.020394284421656 -99.99429303187034 -87.38284724655018 68.30157484530382 -3.6270527164639805 -82.99221269528921
2001 28014 0.000561445779653997 0 3669.799235406708 -21.40749734003015 -47.47736144615337 93.29352853770894 99.99998614882713 -11.746481769088948 20.897651016984526 -77.95936630165106 -40.74412308084223 99.74492836200804 24.804517790257375 31.624922246676608 68.87236171116774 11.835432178264382 -99.64657912529128 71.6147053294128 -19.094460018994827 -99.99999953723119 99.8016111216949 -67.37497448817194 70.6665711281818 96.0430344103639 99.99997809082248 -87.53458065281272 -72.0451424558388 -46.01954968560233 -99.99483496101858 -87.38249279085818 68.30151147983517 -3.628980060593591 -82.99205941980406
2101 29414 0.0002924715541558769 0 3669.79917317344 -21.422650830241448 -47.47742422635677 93.29336066744719 99.99997814357373 -11.747137636901522 20.897794960346687 -77.95877089442045 -40.744055439066145 99.74475126546477 24.805371822250937 31.625639872433688 68.8729789363239 11.835328165612035 -99.64568799239092 71.61455767461072 -19.093309625982265 -99.99999993052839 99.80104923925441 -67.37471082294189 70.66352844202882 96.04062991755004 99.99999606790963 -87.53458925044896 -72.045948065561 -46.01774283922404 -99.9947948134029 -87.38252415843563 68.3016905533586 -3.6313480087357557 -82.99225866490322
2201 30814 0.00016549032146746242 0 3669.7991580876374 -21.423999292673198 -47.47765981303538 93.29324904934964 99.9999932543196 -11.74701089373799 20.89768008260208 -77.95806621484266 -40.74397909988713 99.7447707290518 24.804536026717123 31.625226109906553 68.87303443609814 11.836101712982874 -99.64564073170726 71.6145031899452 -19.093515726881577 -99.99999997719372 99.80107404640825 -67.37461600487919 70.6627047721939 96.0402769042482 99.99999825461227 -87.53425424829656 -72.04534975907823 -46.01835281525942 -99.99471419917825 -87.38270812391089 68.3015199621998 -3.6307248162279597 -82.99238739731008
2301 32214 5.31992223923783e-05 0 3669.7991542937393 -21.422527664342997 -47.47762329189541 93.2932721029087 99.99999517292598 -11.746986183571877 20.897563921131592 -77.95824133339347 -40.74405673281598 99.74477885025588 24.804666848995506 31.625337932455153 68.87295183092054 11.836187402091799 -99.64561894621066 71.61456699391249 -19.093525561581732 -99.99999999012728 99.80108543664335 -67.37463295834809 70.6623891248613 96.03995555449424 99.99999887090499 -87.534310472859 -72.04524261258372 -46.018309286815594 -99.99469928892069 -87.38276814711877 68.3015388092606 -3.6307511496890825 -82.99236572476451
2401 33614 2.5171812235543848e-05 0 3669.799152606347 -21.4217061371788 -47.47755890437268 93.29333280523574 99.99999618275695 -11.746910654457148 20.897520377651716 -77.95842549745711 -40.744043506492545 99.7448703689398 24.8045763255495 31.625229179266142 68.8729078561482 11.836199730466275 -99.64577079584778 71.61459912379001 -19.093695794181425 -99.99999998116202 99.8010559318369 -67.37462208401806 70.66227930450316 96.03989403786578 99.99999945019204 -87.53429666406176 -72.04509051436098 -46.018560369993054 -99.99469735627511 -87.38277421075786 68.30156718131337 -3.6304005645657935 -82.9923794331682
2501 35014 5.0764665064202214e-05 0 3669.7991506399426 -21.421039698195543 -47.47760462591839 93.29330682303353 99.99999645979132 -11.746903439201253 20.89743539548195 -77.95835315618184 -40.74400298067832 99.74487297791711 24.80436696333455 31.624999787479442 68.8728828622859 11.836354464140072 -99.64591383982258 71.61456359338277 -19.093749638272207 -99.99999999995094 99.80103126534236 -67.37463724335683 70.66208348840442 96.0399011191822 99.99999983079333 -87.53433056287054 -72.04510074175494 -46.018619858608844 -99.99472375289675 -87.38267053354924 68.30154352304702 -3.630259259873241 -82.99241638610236
2601 36414 4.523764705896245e-05 0 3669.7991494999424 -21.42292649234638 -47.47769368090894 93.29321568242682 99.99999850909803 -11.746886380705565 20.89742859597888 -77.9583240736077 -40.743986853110734 99.74477440962532 24.803918799904693 31.62499842684577 68.87296485427504 11.836448827207137 -99.64596990119541 71.61456331045562 -19.09382316383958 -99.99999999880718 99.80094676313028 -67.3745303393236 70.66205099888859 96.03981650372467 99.99999997561231 -87.53428845666954 -72.04512212622802 -46.018652775471935 -99.99469861638137 -87.38264080789291 68.30153646120314 -3.630222129858786 -82.99246091573256
2701 37814 4.6817672552698425e-05 0 3669.7991488795406 -21.42508291089394 -47.477686350173144 93.29323477020776 99.99999925832529 -11.74687952480097 20.897444171658236 -77.95837766993625 -40.74395172535272 99.74483076932789 24.803912392906497 31.624896782326292 68.8729913775212 11.836419951741071 -99.64598243306898 71.61457889133229 -19.09379372645156 -99.99999998315228 99.8009164040613 -67.3745615460956 70.66205379968383 96.0398416691292 99.99999999984027 -87.53430740170604 -72.04511736700245 -46.01859215525542 -99.99471015431722 -87.38266626981282 68.30153602119222 -3.6302573937713594 -82.99249257800255
2801 39214 8.801190768996713e-05 0 3669.799147056995 -21.425587506950926 -47.47766180046055 93.29326932748756 99.99999990816177 -11.74710042301008 20.89753461238277 -77.9585788706394 -40.74411146717109 99.74491489677146 24.80389845050285 31.625112117239812 68.87303492674292 11.836651417684244 -99.6457693871152 71.61457509321332 -19.09351194671226 -99.99999990872989 99.8008640142766 -67.37462308729408 70.66210003996156 96.03975268621811 99.99999995673122 -87.53435469964302 -72.04539547584308 -46.01814754801646 -99.99486774993628 -87.38263067260519 68.30154674666868 -3.6309293679712487 -82.99253514286315
2901 40614 0.00010366561570588751 0 3669.799142297933 -21.42660531430821 -47.477642412905816 93.29326581901898 99.99999995013836 -11.747665703140802 20.89762225038274 -77.95836948890562 -40.74409056754489 99.74486725006341 24.80388607450214 31.625541181917853 68.87328875196054 11.836724611318864 -99.64513247774244 71.61446848962703 -19.092532821668183 -99.99999999926467 99.80088535392977 -67.37453287392813 70.66219286601566 96.03962946309127 99.99999996321597 -87.5345472237563 -72.046531587748 -46.01679037924478 -99.99551254724342 -87.38250675442559 68.301565653442 -3.632912739130744 -82.9924958808714
3001 42014 2.27819964104101e-05 0 3669.799141875408 -21.427478754254963 -47.477676197555326 93.29325124355108 99.99999998647293 -11.747709550901876 20.89767828586838 -77.95850957989514 -40.74407113879724 99.74486104315747 24.803803321500986 31.625328073738167 68.87331411772506 11.83675875484012 -99.6451196787879 71.61442599630595 -19.092495563340503 -99.99999999794564 99.80092258650798 -67.37451796124546 70.66210677104775 96.03963083876317 99.99999999911068 -87.5345734363429 -72.04664071979185 -46.0167048539918 -99.99561376904924 -87.38251666444104 68.30153286573722 -3.6330350360834545 -82.99249675052532
3101 43414 9.20836719720773e-06 0 3669.7991418232614 -21.427199775605267 -47.47767712781514 93.29324799944939 99.99999999982555 -11.747714049836556 20.89769929693378 -77.95849799848675 -40.744076943105945 99.74485563868924 24.803767956287636 31.625339717234677 68.87333305676398 11.836723042599433 -99.64509793996103 71.6144193600939 -19.092476248096485 -99.99999999843914 99.80091582280481 -67.37451884006822 70.66210723020617 96.03963261742857 99.99999999994459 -87.5345758137338 -72.04665161878326 -46.01668012218411 -99.99561809294535 -87.38252238703275 68.30153580614724 -3.6330761394330042 -82.99249786717974
3201 44814 5.721843000667052e-06 0 3669.799141809893 -21.42684218917566 -47.47767200076487 93.29325199420563 99.99999999995545 -11.747712943637453 20.897701431145464 -77.95849698421807 -40.744076788830306 99.74485793812184 24.80378086763085 31.62530975221307 68.87333998582835 11.836704813627875 -99.64510188564257 71.61441290852926 -19.092474492179463 -99.99999999987197 99.80092000120541 -67.37452040819844 70.66210906758133 96.03964941761834 99.99999999978913 -87.53457712193708 -72.04665519299306 -46.01667761515418 -99.99562114763937 -87.38251791674847 68.30153732394683 -3.633075457517407 -82.9924942033831
3301 46214 4.154861698810337e-06 0 3669.7991418023958 -21.426755491324002 -47.477672034932766 93.29324898115883 99.99999999957146 -11.747714983852347 20.897700813789555 -77.95853116583021 -40.74408999256325 99.7448507922311 24.803774128784426 31.625292181000987 68.87333610978385 11.836667018244043 -99.64509952771505 71.61441238658071 -19.092479718085087 -99.99999999999973 99.80091597629185 -67.37451717141593 70.66213794695213 96.03966564601134 99.99999999981688 -87.5345721544098 -72.04665029690295 -46.01668242395098 -99.99562267553574 -87.38251830326189 68.30154046430835 -3.6330748860054882 -82.99249296396738
3401 47614 2.90912156419059e-06 0 3669.799141799989 -21.426641436264617 -47.477671344880946 93.29325049310282 99.9999999992537 -11.747715722391149 20.897704400987635 -77.95851030003541 -40.744084277009996 99.7448522265199 24.80376560484001 31.62530138116199 68.87333703615877 11.836647289004759 -99.6450967910232 71.61441454786981 -19.092474505028804 -99.99999999999986 99.80092092534346 -67.37451809983904 70.6621359449833 96.03964979123722 99.99999999999969 -87.53457196020995 -72.0466540727175 -46.016679487796495 -99.99561937582517 -87.38251763703519 68.30153898728895 -3.6330744183796924 -82.99249110760866
3501 49014 1.557044322790737e-06 0 3669.799141799642 -21.426535624515964 -47.47766970645171 93.29325106788892 99.99999999960961 -11.747715864377824 20.89770459706196 -77.9585150430139 -40.744084048543485 99.74485198683966 24.80377003186004 31.625304006473016 68.87333746576405 11.836644055503712 -99.64509744600686 71.61441354203325 -19.092474682409375 -99.99999999999683 99.80091952195596 -67.37452058623384 70.66214464207368 96.0396561673851 99.99999999999969 -87.53457157793864 -72.04665065059089 -46.016681078131654 -99.99562077927814 -87.38251878829178 68.30154059411143 -3.6330725282168714 -82.99249067617347
3601 50414 8.092726325171022e-07 0 3669.799141799119 -21.426530945915147 -47.47767074708827 93.29325027035665 99.99999999991422 -11.747714827648451 20.897703168904258 -77.9585088085878 -40.744083031550055 99.74485054081408 24.803771474449604 31.625304491946736 68.87333624010353 11.836641034162312 -99.64509806066248 71.6144132717105 -19.092475893019582 -99.99999999999991 99.80092128631642 -67.37452082743911 70.66214056653334 96.03965235159266 99.99999999998234 -87.53457234996799 -72.0466479600218 -46.01668348888924 -99.99561911375332 -87.38251893794003 68.30153972195694 -3.633068773546256 -82.99248993105721
3701 51814 8.277048335933878e-07 0 3669.7991417994986 -21.426522689900594 -47.47766991710523 93.29325071180355 99.999999999882 -11.747713957116503 20.897702705553087 -77.95850855633034 -40.74408266447734 99.74485048185876 24.803768269288412 31.625303076292766 68.87333609880443 11.836643057707988 -99.64509840030411 71.61441312800261 -19.092477188416524 -99.99999999999528 99.80092153703491 -67.37451969554385 70.66214036329401 96.0396512538921 99.99999999998248 -87.53457168549468 -72.04664676108587 -46.01668478910287 -99.99561916855436 -87.38251972371435 68.30154021616909 -3.633066667985986 -82.99248933803756
3801 53214 7.695386674467857e-07 0 3669.799141799571 -21.42652228033694 -47.477669681073166 93.29325103265873 99.99999999980581 -11.747714179309696 20.897704050544775 -77.95850560883264 -40.74408297549322 99.74485068876496 24.80376609609084 31.625303131982946 68.87333750327161 11.836640903515217 -99.64509738983578 71.61441265539005 -19.09247484686057 -99.99999999999064 99.80092249254668 -67.37452159074891 70.66213880703944 96.03965058934189 99.99999999996464 -87.53457273150158 -72.04664881432473 -46.01668274831317 -99.99561960842475 -87.38251789444038 68.30154001861229 -3.633069756862824 -82.99248889341834
3901 54614 7.763602985362837e-07 0 3669.7991417994535 -21.42647946678335 -47.4776697322377 93.29325102650327 99.9999999996615 -11.747714740358788 20.897703711366916 -77.95850754844287 -40.74408283232616 99.7448505864109 24.80376494795928 31.625300781277474 68.87333743853014 11.836640327812347 -99.6450972509545 71.6144125440047 -19.092474400524225 -99.99999999998948 99.80092290625281 -67.37452108937359 70.66213771579132 96.03965068624976 99.99999999997128 -87.53457219361346 -72.04664942487216 -46.01668269508227 -99.99562028872997 -87.38251721569176 68.30153988095117 -3.633069780495134 -82.99248870793963
4001 56014 3.6132880027911277e-07 0 3669.7991417988687 -21.426457171255606 -47.47767016058788 93.2932506316516 99.99999999975213 -11.747714417186216 20.897703212683695 -77.95850582099956 -40.74408213128233 99.74484999917328 24.803764542513818 31.625298338534776 68.87333801757268 11.836640792891558 -99.64509766019337 71.61441271839485 -19.09247454920842 -99.99999999998477 99.80092311471792 -67.37452042234654 70.66213720685627 96.0396522003159 99.99999999998464 -87.5345724803885 -72.04665034772916 -46.01668294087867 -99.99562007879541 -87.38251653066763 68.30153968304512 -3.633069107818301 -82.99248861992965
4101 57414 2.2697688361768955e-07 0 3669.7991417988146 -21.426442845913698 -47.4776702344534 93.29325056647357 99.99999999979886 -11.74771498654809 20.89770337594709 -77.9585058241064 -40.74408208023275 99.74484992476599 24.8037655795124 31.625297593069263 68.87333830762509 11.83664073379623 -99.64509710913654 71.61441285375903 -19.092473688098835 -99.99999999998732 99.80092310357698 -67.37452065213583 70.6621376547715 96.03965374093315 99.99999999998516 -87.53457282333542 -72.0466513336869 -46.01668200292042 -99.99562037318307 -87.3825163720845 68.30153965667705 -3.6330709035682958 -82.99248863535468
4201 58814 1.9637130292493257e-07 0 3669.7991417991575 -21.426445333418087 -47.477670339576434 93.29325049572216 99.99999999980727 -11.747714918197744 20.897703396565333 -77.95850614619849 -40.74408203228872 99.74484980944578 24.803765271011798 31.625297966387734 68.87333830174612 11.836640859888576 -99.64509709299011 71.61441260066076 -19.092473634242197 -99.99999999998708 99.80092327616909 -67.37452062262818 70.6621375716073 96.03965326453834 99.9999999999883 -87.53457284084672 -72.04665151884547 -46.01668201834545 -99.99562041491447 -87.38251623401229 68.30153956217691 -3.633070989191765 -82.99248857505154
4301 60214 9.769577454137947e-08 0 3669.799141799148 -21.426443674659822 -47.4776703453972 93.29325050927 99.99999999978492 -11.747715018227609 20.897703607566285 -77.95850638256525 -40.74408221320174 99.74484989638732 24.803765412674693 31.625297978567687 68.87333849426068 11.836640723420714 -99.6450969062057 71.61441272045894 -19.092473509874253 -99.99999999999112 99.80092317669808 -67.37452070755316 70.66213766655855 96.03965356280057 99.99999999999157 -87.53457292310983 -72.04665156415649 -46.01668178237159 -99.99562042670262 -87.3825162825029 68.3015395666007 -3.6330713924980955 -82.99248865540721
4401 61614 1.1359762555539937e-07 0 3669.7991417991425 -21.42644639602804 -47.477670285326894 93.29325054496584 99.99999999978267 -11.74771503804368 20.897703627982622 -77.95850634197268 -40.744082253519224 99.74484991891755 24.803765357020893 31.625298121700325 68.87333848867274 11.836640740504663 -99.64509685917638 71.6144126800069 -19.092473461809277 -99.99999999999115 99.80092315391924 -67.37452082246236 70.66213748874506 96.03965332728038 99.9999999999897 -87.53457298236 -72.04665160062359 -46.01668186664173 -99.99562047527523 -87.38251615536646 68.30153960819007 -3.6330714857322164 -82.99248864047695
4501 63014 1.2487856097719002e-07 0 3669.79914179917 -21.426448783808155 -47.47767037281301 93.29325044611468 99.99999999975329 -11.747715105222596 20.89770363423085 -77.95850687363418 -40.74408226420212 99.74484980613559 24.80376506139146 31.62529790199187 68.87333863355889 11.836640577930666 -99.6450967498219 71.61441272083457 -19.092473331249494 -99.9999999999908 99.80092304233646 -67.37452076903864 70.66213733901677 96.039653328176 99.99999999999278 -87.53457295797918 -72.04665177405332 -46.01668163969006 -99.99562042484318 -87.38251604765318 68.3015396144765 -3.6330716814263724 -82.99248868954601
4601 64414 7.081560468214279e-08 0 3669.7991417989815 -21.426443443328026 -47.47767041460611 93.29325045069854 99.99999999976905 -11.747715179833904 20.8977036160355 -77.95850644310121 -40.74408221557109 99.74484987873734 24.80376507652545 31.62529805914164 68.87333871609007 11.83664061579475 -99.64509672468122 71.61441277149342 -19.092473212920595 -99.99999999999145 99.80092305110823 -67.37452063658347 70.66213751601899 96.03965347496818 99.99999999999265 -87.53457302393517 -72.04665214318084 -46.01668143366405 -99.99562048727822 -87.38251595611072 68.3015395643597 -3.6330719780235086 -82.99248873910983
4701 65814 7.8396453505288e-08 0 3669.799141799621 -21.426438807786326 -47.477670400810894 93.29325042875425 99.99999999975213 -11.747715144487302 20.89770352913692 -77.95850670616346 -40.744082202153315 99.74484981242888 24.80376504108426 31.625297900234727 68.87333863366803 11.83664053978282 -99.64509675200922 71.6144127818944 -19.092473302611324 -99.99999999999152 99.80092300446418 -67.37452058761991 70.66213768881207 96.03965353815963 99.99999999999365 -87.53457301009777 -72.04665210129315 -46.01668155619117 -99.99562048801916 -87.38251596656264 68.30153960591997 -3.633071795324213 -82.9924887236557
4801 67214 1.0232125782686194e-07 0 3669.799141799808 -21.426434725901345 -47.47767051117262 93.29325039582326 99.99999999974507 -11.7477153836262 20.89770351187653 -77.95850659622374 -40.74408216870421 99.74484988404934 24.803764823664096 31.62529784868093 68.87333884673353 11.836640783018083 -99.64509655328125 71.61441284678457 -19.09247300854622 -99.99999999999095 99.80092299937911 -67.3745204621533 70.66213706533162 96.03965336686504 99.99999999999312 -87.53457312401653 -72.04665253504572 -46.016681055183284 -99.99562055065194 -87.38251582286247 68.30153951438842 -3.63307237670233 -82.99248881687527
4901 68614 1.1496880849319803e-07 0 3669.7991417994353 -21.426429566039587 -47.477670485619456 93.29325039298564 99.9999999997384 -11.747715383869945 20.897703465985245 -77.95850668166531 -40.7440821960747 99.74484987502156 24.803765111944813 31.625297857819533 68.87333872048112 11.836640928449924 -99.6450966062669 71.61441285832288 -19.092473152733874 -99.99999999999149 99.80092290315554 -67.37452036636896 70.662137060464 96.0396533693264 99.99999999999143 -87.53457310016753 -72.04665246287914 -46.016681103291916 -99.99562057042078 -87.38251594979155 68.30153956427239 -3.633072281823843 -82.99248883884866
5001 70014 1.41733045635946e-07 0 3669.7991417993208 -21.426429102444672 -47.477670461754315 93.29325041379488 99.99999999972614 -11.747715377103304 20.897703499099947 -77.95850725451601 -40.74408223957269 99.74484994237672 24.803765079203004 31.625298075676255 68.87333871403462 11.83664068634971 -99.64509662294667 71.61441290704224 -19.092473154589243 -99.99999999999307 99.80092279371074 -67.374520465995 70.66213742444742 96.03965338218086 99.99999999999538 -87.5345730219652 -72.04665228558224 -46.01668116401706 -99.99562052092733 -87.38251597812777 68.3015395969851 -3.633072199940216 -82.99248889868613
5101 71414 1.8921060788601538e-07 0 3669.79914179899 -21.426426332938718 -47.47767034219578 93.29325041648698 99.99999999971284 -11.747715255154617 20.897703407886723 -77.95850706995407 -40.74408235726371 99.74484985463707 24.803765992044646 31.62529731930408 68.87333845215471 11.836640296918631 -99.64509689801963 71.61441317660783 -19.092473614000482 -99.99999999999471 99.80092257871574 -67.37452048204577 70.66213767767258 96.03965390788815 99.99999999999577 -87.53457290440687 -72.04665157758791 -46.016681519345724 -99.99562040453362 -87.38251646142234 68.30153976837755 -3.6330716393131297 -82.99248888518196
5201 72814 1.5923301768948282e-07 0 3669.799141799187 -21.42642868234543 -47.47767034487333 93.2932503383141 99.99999999976875 -11.747715102239454 20.897703374060796 -77.95850595193042 -40.74408231203704 99.74484956709533 24.80376592797984 31.6252970787682 68.87333825284804 11.836640811387042 -99.64509695824714 71.61441302758257 -19.092473620818055 -99.99999999999113 99.8009227432413 -67.37452033044028 70.66213827832834 96.03965440975827 99.9999999999912 -87.5345727591558 -72.04665174480033 -46.01668167288298 -99.99562052728346 -87.38251662991533 68.30153979087481 -3.633071706906776 -82.99248870031442
5301 74214 2.0196167422729846e-07 0 3669.79914179919 -21.4264160413004 -47.477670376130845 93.2932502809359 99.99999999974592 -11.747715081164642 20.89770325960089 -77.95850599314144 -40.74408220590545 99.74484945300492 24.803766461198393 31.625295662055578 68.87333813343139 11.836641152694938 -99.64509715254636 71.61441318647084 -19.092473781733133 -99.99999999999086 99.80092272821719 -67.37452022104625 70.66213796263182 96.03965520648198 99.99999999999217 -87.53457267519488 -72.0466513783067 -46.016681730042905 -99.9956205591403 -87.38251692122648 68.30153980496107 -3.6330713460192783 -82.99248867708957
5335 74690 1.6127368390166375e-07 0 3669.799141799203 -21.426414362402284 -47.4776703598327 93.2932502426498 99.99999999976461 -11.747714962039026 20.897703266445745 -77.95850585793232 -40.74408213307869 99.74484932787178 24.80376615103887 31.62529576846282 68.87333813336954 11.836641208719811 -99.64509725547285 71.61441306782453 -19.09247387501091 -99.99999999999051 99.80092270078086 -67.37452020984128 70.66213840716736 96.0396553752733 99.99999999999119 -87.53457263464324 -72.04665148922868 -46.01668201707943 -99.99562058762707 -87.38251684522547 68.3015398576681 -3.6330711722839624 -82.99248862810782
