% # columns="iteration, evaluation, void, void, void, xmean", seed=39, Mon Jul  6 11:41:23 2020, <python>{}</python> # scaling_of_variables: 1, typical_x: 0
1 10 0 0 0 35.14200686010434 13.374066926297346 -32.018484918517956 7.836263579922659 38.974372201480506 70.17818848537698 -56.9691771179696 -40.98989347100676 37.80223184598102 7.205936845348963
2 20 0 0 0 60.26561538559979 -3.8197510076442285 -40.79372828945428 -13.620981509560938 22.484914293875796 70.84220831630059 -13.91651858910646 -46.11109004431196 18.676301177946282 48.14369381777468
3 30 0 0 0 77.23600580518286 0.8107901580426056 -46.53298641972829 26.499914385774343 27.180798625283995 67.10749674493164 -42.5925553238595 -101.31598050576268 -14.402009110302611 34.3218325413091
101 1010 0 0 0 27.31353501817534 -7.083563852617457 -20.182465145679746 13.77287151900403 -53.90824197062593 14.427918149289745 10.501459135733876 -96.9143919604355 -66.06625870704781 2.010946682777766
201 2010 0 0 0 27.37185950037257 -7.045471637792237 -20.738893321225863 13.678003679047212 -54.002165344783066 13.38329833639038 10.391388885981401 -96.84173830345586 -66.07110614807753 2.025179900494101
301 3010 0 0 0 27.35336245888826 -7.0483307586513755 -20.70540492810295 13.676185872591825 -54.00074783984822 13.328141251760913 10.725939164257207 -96.80088150612275 -66.07115795759684 2.0244030611679538
401 4010 0 0 0 27.35053570322022 -7.048315481800048 -20.706815509915568 13.678012130073178 -54.00002171815982 13.31270703904005 10.755347940349797 -96.80715601746549 -66.07115898529143 2.024490058244245
501 5010 0 0 0 27.35057969426479 -7.048278293662876 -20.707451086543703 13.677968818996565 -53.99998060424664 13.312554486033168 10.756425370293226 -96.8072572061502 -66.07115898565445 2.0245086078968813
579 5790 0 0 0 27.350588507013445 -7.048286082429108 -20.707477967791927 13.67796674586969 -53.99997779828635 13.312532461547827 10.756444460040301 -96.80725116799229 -66.0711589856405 2.024508286586585
