% # columns="iter, evals, sigma, 0, fitness, xbest" seed=43, Mon Jul  6 00:59:08 2020, <python>{}</python>
1 14 53.64040698597435 0 8336.926320654995 69.61312746444624 20.397818650188356 74.42553496785175 8.066786585907735 -20.344945147810794 -74.85529684715793 -65.71923454216689 45.34128610370924 32.447049056092155 -4.485003571185512 -11.219127694657491 -44.38105600535632 -8.318545367218466 6.174582486512525 -99.14190637456068 36.260561859550954 -99.32772321253877 16.849393965182465 -2.234983233136546 14.604166046978953 -32.42602566095316 84.67687602977098 35.905940538937465 31.772026477523447 -8.947138130716025 -3.7628745207252075 44.28682342913163 65.1174660785074 70.01202342918144 -2.3194770237879228
2 28 59.45236215928478 0 6328.926292938296 41.811114554643275 19.50868561823295 55.87856673102826 -12.319507173480096 -28.862654156433184 -65.45783839433909 0.7598941390476235 63.375119596585364 65.73928776919695 -9.186979836380424 -5.790125417670607 -16.16274032307527 -15.89812302504064 -48.644313368371954 -59.033055488019144 9.605930517419 -17.60118980209689 -48.479933900388836 -24.972860586535788 2.8613379730400377 -41.50759942435026 67.27435110892095 77.83540820047126 21.413910066926185 15.533207523118321 6.303050065856523 53.15328844180367 67.16960813071968 37.96668525290543 33.659276395295876
3 42 67.66501891207432 0 6540.821258305932 74.12106279115987 77.77918598487555 94.4584725557871 -41.10783874301116 -12.862332084820103 -58.89484435721711 -55.108105031736095 79.46279408700798 13.909508862150656 -19.092912775469088 61.85565653379824 53.78380383218045 -62.35150799127719 -21.051097353601556 -98.46114477165426 51.15934406443971 -90.19428722866117 -27.41406865939076 -2.4768327613968886 -88.14264774606511 -95.44322973137139 93.2917456766082 26.31675755794098 -26.82801387435663 5.210038502145439 25.046212504342634 42.46417638458706 18.667655154070587 35.738179927441294 -53.644449354862054
101 1414 1.8130210027822875 0 3160.6813999317565 60.9858999166249 33.859392157680816 43.83223849178154 -57.684749530791 5.384173931907242 -78.61308970815685 -52.81913222602361 57.996267690524434 -24.64798852771503 74.18330130013302 33.631050756654105 72.95760881587574 -98.63928277196054 -63.2485651013891 5.073873435875923 48.28349445081757 13.30192461046235 24.188240084709683 -38.2032974752274 -43.36091330057289 -85.13133981293998 -28.91993780236922 91.63076788339116 42.705065208547325 34.41576364557913 89.64864796089624 45.26448600100363 -1.4520578328086822 -88.17462331537567 99.8122316420284
201 2814 0.210194115102232 0 2791.158845739222 54.89463855001719 31.191535600132454 42.88158363862804 -57.31117517876783 11.344172017738913 -70.02706291906657 -45.28692853996165 59.47882023667506 -24.960336088733044 76.89094597593217 35.333671364231265 71.10917927905498 -99.91858766273945 -66.49920983045098 4.69068215706843 45.72397140817219 15.279410894947972 24.30328974352135 -39.16746577353331 -47.24874157228052 -81.80018438606251 -29.97820427053003 89.33719695126514 37.547645160845725 36.78142763998139 87.90160952277236 42.467140519604385 1.1103121204543187 -92.03043642356758 99.99180889628869
301 4214 0.11050953037475915 0 2771.885950895803 49.78426134783649 30.05462485262302 45.23814051468849 -57.33539007093001 11.16308664361705 -63.76055984981441 -41.21548031131894 59.67437322754344 -24.879079457705302 78.82337115501107 35.478925924806646 71.10023816826171 -99.72349815928351 -66.67504790085468 4.76150339115806 44.225505316725176 15.231136215735148 21.019403304787936 -39.17917290115136 -50.864919928642166 -78.62312388605646 -29.974135599704738 92.3659988514921 34.87173132292991 35.405696837112544 87.84815532073874 42.751794402636534 -1.5246243230537113 -95.33747936544057 99.4064976895205
401 5614 0.15002683586894497 0 2754.355071546989 43.71451400275157 32.578076876696485 46.33876405591403 -57.307887894634646 7.158144995253963 -64.71823542694877 -36.32992338074868 61.533008256658576 -24.864692026430703 78.25214935842362 35.50060913280237 70.98898812962489 -99.9350523764954 -64.54560989549147 4.757083938550458 39.244125483753024 15.350383268612433 16.71346433950827 -39.25940795685773 -53.05518641691546 -76.9949879062359 -29.96902273105823 99.16018679604375 34.72352336019121 33.56055895591126 87.645368923465 42.89886779665244 -3.8441982605614804 -95.47980018493375 97.80965054590128
501 7014 0.12691139752966016 0 2739.5873479523325 35.859831115302285 38.6718172602948 49.30041723465327 -57.342678181476174 6.200500421069535 -69.98527835488171 -29.630807376606526 63.64555872789242 -24.86122450144987 75.00715441922293 35.46682727568481 71.06017084857538 -99.7786239488071 -58.667652290341024 4.7523085555205125 30.27411512698405 15.302536268537978 15.936763639384425 -39.205258476949325 -57.34602575534029 -73.30139078523959 -29.925086403246155 99.66644540847606 35.781110975188035 28.772199305811547 87.73524151720649 42.67766749953458 -5.912972984284356 -93.98081927987597 96.2785162163109
601 8414 0.18263126873435268 0 2725.5131757918543 32.26610769469593 43.97092129315638 52.116426396446094 -57.25325965904181 5.695338446912757 -72.2436844029241 -19.2726998297251 64.72174669298491 -24.798563695600592 72.66761246671334 35.49249451875707 71.11412806949184 -99.44025749836344 -55.48594716978906 4.725951908802637 17.12026375467949 15.325833438629928 19.295100551956942 -39.24400899587957 -53.89827990291869 -69.21209130768244 -30.015505197923176 99.89133409640745 38.696587679901505 20.802962812469804 87.70822272447685 43.89655851245078 -9.98299680525157 -91.1136130427877 95.96888323266926
701 9814 0.2424156288931413 0 2707.323726941356 37.06503663480714 53.8482217376895 56.27514257347095 -57.18155615757924 2.498434178692321 -73.25570335643039 4.75706053752009 62.777389096832394 -24.88060168055182 65.58914254776519 35.45378431042025 71.08732647302111 -99.81074788183447 -55.36840309834238 4.747819925755168 -11.095850205593418 15.300604652430508 22.15244928648822 -39.216694181236676 -48.662167363617584 -59.666582957698346 -29.983652696452992 99.98287985391583 39.54080352129749 4.073776915154966 87.7633975357463 41.248388785823295 -22.450221171618217 -88.75078815859708 95.29465196466488
801 11214 0.06859532770651791 0 2697.9810451573276 42.31371162559523 58.72503596722757 63.342387511279 -57.2882913900565 -2.0590629777331344 -71.56494609851103 18.421736779473235 64.57840035647638 -24.86091106639853 63.14409132906289 35.462102451318316 71.05881877759697 -99.50247696762953 -51.543127001860725 4.737037690774896 -22.056346559448354 15.274015238075748 16.59123894980373 -39.22904384002521 -48.04117258402374 -54.33134181931815 -30.007360124076996 99.95936755650547 34.8413862325045 -2.713728192209942 87.79520014224471 35.395492963390524 -28.386253022271447 -87.68531236229002 92.4136991892141
901 12614 0.0007425917239543492 0 2697.9273893759128 42.495885136158904 58.45183838444717 63.26312143329928 -57.29143313104204 -1.8143107608651121 -71.45675385587505 18.20460807620779 64.69321925786119 -24.838024102234982 63.254198820776566 35.46633919544024 71.07054100160744 -99.5281464759728 -51.59807606188626 4.73282046010978 -21.881965522305684 15.276206604262057 16.702455221285017 -39.2347868126308 -47.88583383944436 -54.534205277885206 -29.99011237315844 99.98583835833237 34.687533950700214 -2.635256908651781 87.76904787977783 35.305079873888985 -28.208081802808373 -87.55084946965509 92.55816787535707
1001 14014 9.260044176248545e-06 0 2697.9194050983097 42.499437655757816 58.455237284192606 63.26605266370287 -57.29113234883599 -1.8141681241856134 -71.4566460275962 18.208798142325065 64.69364093098775 -24.838071521682224 63.25359916974591 35.46613959776528 71.0705024584035 -99.52803495718007 -51.59517059903275 4.732416361519142 -21.88700409473135 15.276512858951804 16.7006966406346 -39.234975881381246 -47.8847908763087 -54.532818403191904 -29.990302305301356 99.98585661187575 34.68659947407371 -2.6375109772310297 87.76919835845088 35.30253722107028 -28.21109338762247 -87.54973109816471 92.55710839980904
1101 15414 6.577152298507355e-07 0 2697.919332220831 42.4993896180178 58.4552268237164 63.266007660067665 -57.29113145497492 -1.8141955723975514 -71.45668512083078 18.208731006785968 64.69364612467146 -24.838077083681327 63.25363174489999 35.46613470313963 71.07049454946886 -99.52803106871545 -51.5951722848035 4.732413819343314 -21.886925177068377 15.276515525230508 16.70071130268328 -39.23497346188759 -47.88482793431265 -54.532840139231986 -29.990304026662898 99.98585518184204 34.68663417913664 -2.637480764859679 87.76919472360557 35.302568364237686 -28.211043182598104 -87.54971073380977 92.55711807955524
1201 16814 1.4391544595120977e-08 0 2697.9192749032245 42.49939158376304 58.455228633387776 63.26600920859171 -57.29113108856052 -1.8141967180278584 -71.45668657173033 18.208733918883127 64.69364629378802 -24.83807703301858 63.25363039684933 35.466134555967784 71.0704945009652 -99.52803100989205 -51.59517163102124 4.732413746528614 -21.88692830749815 15.276515651622645 16.700711433068026 -39.2349735551235 -47.88482747458784 -54.53283844212537 -29.990304303861194 99.98585515792979 34.68663463710462 -2.637481672778754 87.76919516197582 35.30256847551419 -28.21104439502587 -87.54971004669065 92.55711711122643
1301 18214 3.091389689727431e-10 0 2697.919268001494 42.49939155466302 58.4552286056709 63.266009168969546 -57.29113108674647 -1.8141967029117723 -71.4566865633578 18.208733891754036 64.69364628180708 -24.8380770352789 63.25363042937707 35.466134554808775 71.0704944985082 -99.52803100903635 -51.595171672772665 4.732413745659963 -21.886928270768497 15.276515654893302 16.700711431789923 -39.234973553001424 -47.88482748170273 -54.532838465721625 -29.990304305816267 99.9858551588441 34.68663464806461 -2.6374816458281556 87.76919516736751 35.302568501801545 -28.211044360887854 -87.5497100466868 92.5571171268173
1401 19614 1.3036592393574873e-11 0 2697.9192679210037 42.499391554984385 58.455228605091435 63.26600916813444 -57.29113108676105 -1.8141967023091752 -71.4566865630698 18.208733890124165 64.69364628190127 -24.838077035371043 63.25363043028344 35.46613455473749 71.07049449846139 -99.52803100930014 -51.595171673077836 4.732413745702511 -21.886928269115778 15.276515654952448 16.70071143181919 -39.23497355305241 -47.8848274822391 -54.53283846647858 -29.99030430583116 99.98585515886747 34.686634647977186 -2.6374816451001677 87.76919516728645 35.30256850217626 -28.211044359880443 -87.54971004714925 92.55711712695822
1462 20468 3.5990322200024905e-12 0 2697.9192677632964 42.499391554990495 58.455228605120055 63.26600916815634 -57.2911310867636 -1.8141967023524899 -71.45668656307168 18.208733890100973 64.69364628192153 -24.838077035367405 63.25363043026644 35.46613455473357 71.07049449846247 -99.52803100929013 -51.595171673075335 4.732413745700496 -21.886928269122322 15.27651565495259 16.700711431808873 -39.23497355305932 -47.88482748223049 -54.53283846645533 -29.99030430582843 99.98585515886658 34.68663464796897 -2.637481645074545 87.76919516729099 35.30256850217219 -28.211044359881328 -87.54971004714264 92.55711712694108
