% # columns="iteration, evaluation, void, void, void, xmean", seed=40, Mon Jul  6 00:49:26 2020, <python>{}</python> # scaling_of_variables: 1, typical_x: 0
1 10 0 0 0 11.41124402649741 4.92095478147211 23.37647611517092 7.372289399232347 12.986021835748172 -31.199161168220538 45.68669123752429 10.782588131513611 -15.222781705142735 13.36041204429667
2 20 0 0 0 27.272864227437083 24.496973642916174 -18.48385144990149 -4.852240377465122 26.116149884275703 -70.54587317815313 81.76812000856889 15.781237064752977 4.030797592894524 6.725120474075494
3 30 0 0 0 42.63745894133857 38.61051198701419 -42.62955197979959 5.264608195516125 71.64702293399385 -117.3038429072165 70.05370592927041 -1.0380803680443105 -32.748852391380346 -21.57929198687456
101 1010 0 0 0 90.30329759007026 197.45468343531314 -75.12360218186632 111.88143398169547 85.84039338074766 -203.690142117698 46.51350724115344 14.214112087861803 -137.04024839509125 -74.37497845269937
201 2010 0 0 0 89.48140930334766 197.746768841999 -75.91042283183793 111.4478892165621 85.76419762745081 -203.6809865438894 46.46499246403075 14.323675670735412 -137.0392324158326 -74.28029093305818
301 3010 0 0 0 89.39753419961845 197.73283942442643 -75.97274815609688 111.46414536913667 85.76741508738986 -203.6868665707107 46.46010672588794 14.315677463561979 -137.0392317790374 -74.17905814955455
401 4010 0 0 0 89.39416293787752 197.7372208675103 -75.9723627445779 111.4685751612974 85.76724853853882 -203.68703126400567 46.45972428757073 14.315097272340372 -137.03923177985973 -74.17601428297026
501 5010 0 0 0 89.39415667835506 197.7371543095396 -75.9723801178899 111.46868152026643 85.76723648472337 -203.68703126740218 46.45973202408582 14.31508759791841 -137.0392317798638 -74.17597559315284
533 5330 0 0 0 89.39415374844855 197.73715213173887 -75.97238170868978 111.46869292816446 85.76723599918842 -203.6870312365779 46.45973140304641 14.315087110884647 -137.0392317798637 -74.17597130413056
