% # columns="iteration, evaluation, void, void, void, xmean", seed=925575, Fri Jul  3 09:35:15 2020, <python>{}</python> # scaling_of_variables: 1, typical_x: 0
1 10 0 0 0 27.78688338924861 33.48599019577434 1.7135184376694248 -24.56801120922149 2.1067896642246935 -19.017942864600567 -6.739793570820465 40.77094360162794 -21.75813396006508 51.715403453277105
2 20 0 0 0 13.176430925539544 30.624843525848398 1.445137453386057 2.7918729049952873 -23.399316248702636 -3.347349080645712 3.325221689925108 75.88942267513464 -21.919499045109337 13.982997646324236
3 30 0 0 0 -19.12337995404294 33.582202309917825 5.21948040773138 63.15324695023408 -16.47428899585808 -1.93959438343179 37.44372236822286 130.8279740413563 -27.907517608774064 32.80030424576651
101 1010 0 0 0 33.336653179352005 122.84949855281023 -78.76465971937783 56.74730884723783 5.717385305638197 -33.53274055819185 12.166678317073131 136.4353672324233 21.37089608364809 50.119900722292705
201 2010 0 0 0 56.75519819866081 162.94405532613803 -71.45174999376532 46.00614841394578 29.543927815521947 -28.204114706787106 5.577352122710645 141.0382738627647 6.669549044045294 64.52478806805225
301 3010 0 0 0 52.94561913194438 187.9265622461809 -66.73580527089541 60.553371124521334 27.018317067839163 -11.374471937267957 -10.822654275185407 147.66505986139995 -5.783795390863643 78.05980579912458
401 4010 0 0 0 37.35886771073779 199.66464432612932 -58.90841116045036 74.1905873133786 20.98697182530116 3.596831525396556 -3.253336289695368 148.26110893137178 -27.107786735419992 74.16274639793878
501 5010 0 0 0 32.50887073880727 202.3458081977419 -56.456167363554655 77.49355480385063 19.66823676967658 9.465169306063592 2.5483391663794035 148.26100249553258 -33.70818898370661 71.36411597345797
590 5900 0 0 0 32.51072472365691 202.34468754238267 -56.4575774420016 77.49269191663285 19.66855851833203 9.462875816124543 2.545477694347249 148.26110585732874 -33.70551817908006 71.36522451408389
