% # columns="iteration, evaluation, void, void, void, xmean", seed=45, Mon Jul  6 00:53:53 2020, <python>{}</python> # scaling_of_variables: 1, typical_x: 0
1 14 0 0 0 18.44607363173883 -36.80262895458577 -11.752911726303712 -14.592954608655294 -7.067452346785302 27.81753952079849 25.81552730985762 12.34895321570059 18.873878842654076 14.010503694194075 18.71683341481708 6.552674092351531 -26.54231851140639 33.43641415320256 3.53927543874914 -16.78710200129876 -33.3031848003915 8.473555736567121 -18.002587895982984 -6.956933182219783 -12.068566366547705 -26.793825171695705 25.3330362993225 8.53181987626746 -18.568383789668054 -16.347231034298453 32.311790834011184 -0.2254527898867541 5.2555694861259 -5.608124347866791
2 28 0 0 0 26.027761285950586 -33.38693757173906 15.93167949461829 14.20386668141143 -24.965120071841273 -2.196014929857977 6.364227514266567 3.2962682905050755 -18.353930464350103 3.2120571974435137 19.7893116647352 5.819980896551531 -19.940683888829934 34.49173953183125 35.198750377969546 -18.723882094572346 -57.718318694444704 -1.5714260585993074 -2.601928032139009 24.170194373653203 14.327686527018601 -80.8972603858881 50.58550562473615 -29.51555701521773 -14.480416786614924 14.893342770323052 20.07835084937173 -2.716198080167865 25.324101345584392 27.046300925342486
3 42 0 0 0 -5.815697017877408 -50.92465456988783 18.043739104172698 29.238498282298234 -54.30180093741511 -19.66546806793037 14.358163111826538 -23.518975270876673 -1.1612135469859979 -3.402811023437809 36.73418416743351 -12.813593407936082 -39.58968907317687 49.965108709217795 88.96110723506563 -1.6496724332544979 -62.17262160090738 3.396220483455986 -32.62020358649147 27.89473307325582 12.669631031798023 -98.70572621755039 51.348387479988205 -52.9992286670689 5.830563592477297 -9.6987432042758 12.300906100339105 -0.06426316646894081 23.535529445581883 18.51681666274631
101 1414 0 0 0 141.01187293284966 73.46741174634965 18.929836926838743 152.50593984466371 -60.990575525777814 166.10173256367378 131.0206712993248 48.63686168630105 170.70849359596025 27.814990808052503 64.01399436356563 93.42743744198485 67.99388500962885 -196.65241588672546 41.18813518317244 46.68379180097399 27.593810877047158 120.22908757838533 268.47706291519194 203.32261001618738 -44.68209812225305 56.255230097370436 -76.21453836663825 40.28968858873026 -114.36479940083811 79.37838305213745 -141.98312701174885 5.971485944670125 8.917973620889795 -140.0268097547059
201 2814 0 0 0 -31.41156277849756 325.00837818582414 -112.80499906873487 519.6862085668972 -116.70960419002915 463.1080235095556 165.68793524798966 -141.99583804934483 653.0813903166229 141.7012081146893 169.51527882403502 -33.22989782521283 251.22326970886502 -410.3938807935221 -118.55480807385715 -49.59445207245586 222.58677391565456 122.34028825108969 206.26250322993147 310.7933991616674 -88.64129128914873 79.34037197374866 69.08886227638557 -267.9059758608552 -67.07783909844981 44.29738140993392 85.7740546072481 -3.011507500671293 34.22419443675571 6.416953072569129
301 4214 0 0 0 -219.24743189842562 261.57835257990575 22.284520474898727 597.0240894055707 -233.77518558561022 595.5654719450725 143.73711975088563 -29.879048649981303 604.4404306213958 38.5218820966067 284.8735300412749 -8.67490937079499 412.6858865487045 -448.0883416617909 -111.08080155225079 -40.06397572051709 351.40272849762846 73.56660023638332 227.57297579178461 420.9384944082466 -38.80478668019988 7.151541183533761 -3.356947283746088 -298.456585135597 -48.91699085657326 49.358057056830305 210.90481901677987 -36.614983442771894 134.13627237509823 66.17673580966516
401 5614 0 0 0 -216.51248875625186 254.56301611591493 53.28191454537402 599.3701020007684 -228.621587362667 600.7807592482068 127.04665715830376 -16.408514533003274 607.9628441015035 57.142156066292884 285.78603389838497 -1.0847043743408804 412.29143052331426 -452.1588676744825 -97.94734498978175 -19.771558833124477 346.00434570600316 69.10461021641594 244.33386718373947 416.47262968703006 -41.058772425993546 6.118980727952681 -79.84259700900002 -265.7999443733468 -40.502261462746894 44.847504972405254 208.67710238562745 -27.451313145657238 131.216423593572 83.14861898708534
501 7014 0 0 0 -209.74280449256133 251.6702120279351 53.98402303974764 610.4213396725781 -232.08383985717984 599.0444047269262 128.5135211897332 -16.76178307546345 607.8749554797776 58.31402967495564 286.86446839077746 -2.697078087532568 419.0294568758049 -451.93895662929174 -100.88419031815114 -20.117540396370643 344.8966793967573 68.56616914301111 246.2048196086594 421.08032406398416 -40.73804035482168 6.030399541402651 -106.01347786807123 -244.43553448622944 -40.67653474075725 44.98618058924723 209.43514818862155 -27.732996224078892 131.139669949085 83.83849004796362
601 8414 0 0 0 -207.45354833063348 253.1333276149566 54.08324709757672 610.873829243082 -228.02035187970887 595.814726964424 128.5107779748097 -17.014759805653078 607.9608283966149 58.38706880591207 286.9283691486756 -3.5327978815067564 424.2452806667542 -451.7686737656811 -103.21181195002839 -20.11941029060839 344.962131856984 68.86818852349094 247.83406955942843 420.8356025700361 -40.73942481781387 6.0737174539281815 -105.02862063304177 -239.9404380286649 -40.71626542609892 44.785850551502016 209.23574781106902 -27.75869099113588 130.9081010732064 83.89750443624543
701 9814 0 0 0 -208.16991215358075 254.34034694275644 54.06386502881001 613.0372598930944 -230.57741132635954 595.5604725903628 128.47122303865353 -16.907440827396133 607.9750373916198 58.3583675418404 286.9396848724743 -2.1830152366275652 425.84125698667907 -451.6934766614428 -105.98632551580623 -20.20535761377432 345.05340396649694 68.77227088595264 248.5173829206036 418.4741654034512 -40.77597155546348 6.077639462707788 -105.03955406562315 -239.11628787429558 -40.69594311327555 44.808016427220764 209.18480704958026 -27.738812279434338 130.98680950516803 83.86313386479232
801 11214 0 0 0 -210.68922073752833 259.893027791452 54.00771398683846 630.1747873308295 -243.6703765277838 593.6606003596576 128.43694266556034 -16.833972541177594 608.0818217990774 58.39060341846024 287.18860482249954 -2.616613500885179 426.7677894140801 -451.63256974532766 -111.72642021881397 -20.160352103766456 345.0698922326831 68.8247523006224 258.4476882174418 413.2647877593564 -40.85694709718892 6.08574376574634 -105.60001438685374 -241.94339190445544 -40.61921995515568 44.73116082576213 209.19480924587205 -27.754249276216264 130.883102130418 83.9911090963498
901 12614 0 0 0 -210.68315724319086 259.783052737271 54.02417606366864 632.5463052708284 -245.09069385261623 593.4911115666757 128.50868148316854 -16.893417545934355 607.9737856706296 58.38620359184729 286.89636290065084 -3.9528807212695054 426.5586589297992 -451.72111422626585 -110.33013132984908 -20.1947701713337 344.9992045553725 68.79225766838755 259.5401945529162 413.9526687171267 -40.79454721348179 6.079141548882439 -105.04781528015211 -242.40561132154954 -40.679589460165204 44.81011930966725 209.2629203746627 -27.766244660956335 130.96397512179337 83.85723272067794
1001 14014 0 0 0 -210.51904268590147 260.091903265549 54.048841897735166 632.4795099564965 -245.11478372175222 593.4905072861037 128.51601036378824 -16.91810471079479 607.9753931175126 58.377715891247625 286.8968954824314 -3.9834775030753327 426.9393459252277 -451.7300351472207 -108.44952753577807 -20.20774820212743 345.01598558005776 68.79567639553967 259.8578880195586 414.1857477222293 -40.79229556964894 6.077594149034378 -105.06400516213073 -242.43390029107582 -40.682620425533074 44.80243171342467 209.24740705623762 -27.76023982394591 130.94499969568872 83.85606661175598
1101 15414 0 0 0 -210.50173536264663 260.1850438121438 54.047385948028726 632.469929155832 -245.1146708021624 593.4776096688773 128.51836030652476 -16.91530494130495 607.9722402265774 58.381052819209685 286.89903712788066 -3.9599583535127416 427.0416963766416 -451.7251950425231 -107.67653381839183 -20.207644010927975 345.0140996016873 68.79221816391015 259.9561331140382 414.25310217417575 -40.79216844909707 6.079004581007588 -105.04686019337139 -242.44135749137237 -40.68530710333552 44.801846334408125 209.25245892127333 -27.763532381290204 130.94640628060247 83.85392132506006
1201 16814 0 0 0 -210.50221232362338 260.186849281493 54.047056480649516 632.471259781018 -245.11652712499568 593.4766370493826 128.51885549950111 -16.915539298042532 607.9725664419379 58.38094547242915 286.89923953735166 -3.960856238527815 427.04279812230135 -451.7253665630843 -107.65398064606455 -20.207603690196702 345.01435136175604 68.79184915347768 259.95800061299906 414.2534221156229 -40.79216434787802 6.078956790117948 -105.04997730903408 -242.4410565989304 -40.68514815205181 44.80150674228796 209.2524797714027 -27.76331927892445 130.94603464607027 83.85385560435554
1301 18214 0 0 0 -210.50216526959863 260.1868417404171 54.04705372356948 632.4712277538363 -245.11653688920072 593.4766601415312 128.51885511532132 -16.915539157681184 607.9725679050629 58.38093233645155 286.8992380937752 -3.9608544958615486 427.0428377177965 -451.72536419716283 -107.65362476692026 -20.2076047996752 345.0143478488972 68.79184631829366 259.95797405276176 414.25343670841204 -40.79216531379535 6.0789570902361865 -105.05000107558632 -242.44103708016146 -40.68514294675852 44.80150766550789 209.25248478460028 -27.763313641113914 130.9460310267547 83.85385557788312
1333 18662 0 0 0 -210.50216462404325 260.18684125814474 54.047053753285 632.4712275252662 -245.11653690422824 593.4766598668197 128.5188550860666 -16.91553938077731 607.9725678250617 58.38093242091877 286.8992381641121 -3.960854602084787 427.04283768170734 -451.72536421598176 -107.65362755554271 -20.20760502697852 345.01434791070415 68.79184636961978 259.95797443340564 414.2534374580327 -40.792165344677436 6.078957072606673 -105.05000108425048 -242.44103659529378 -40.68514292081782 44.80150785397823 209.25248490882487 -27.76331368298572 130.9460309061743 83.85385552351408
