% # columns="iteration, evaluation, void, void, void, xmean", seed=42, Mon Jul  6 00:51:06 2020, <python>{}</python> # scaling_of_variables: 1, typical_x: 0
1 14 0 0 0 -9.23046437990998 1.820875143677427 10.470787582579073 -15.408038275046447 27.145090597955473 -14.203179465591065 2.424034759501938 -29.387507020606012 3.8417336478678945 -17.410465839885212 -19.39778242626736 20.64698837424307 19.037616530561586 0.6803179922099871 5.841389098802604 -2.4343125258253107 -11.745561718594095 -19.023199786302946 8.761456013665697 -27.544982041670618 -1.9523771519393203 29.36600246996232 -15.089598057130305 33.8049405423596 -8.029309603560725 -21.76115748380122 6.374669367768263 5.498444132042322 26.99531765171023 0.98190022331755
2 28 0 0 0 -39.036190905963764 -26.76927241755098 -7.891959361814331 -13.41915528280104 0.14683934343613458 -39.121566510468014 8.215082239140784 -23.249600471127675 -42.75293324499148 -15.336379548560435 -27.901144123947397 15.713955172144066 1.9211700531374696 -20.58345761867068 -17.43025574671507 -1.1232623728844928 22.35382579640907 -32.25303745230028 4.970619966048033 -28.86166703814792 1.7824643322274987 21.772614984291867 3.2981031509107215 -17.42704324326605 -3.2015786925466365 -54.09324784088196 24.774611658399756 8.512700461409796 34.986128779897804 13.419667170650143
3 42 0 0 0 -35.04759199614644 -31.40430700583103 -1.8142918897964506 4.950600278143806 -8.690171759155408 -45.23499539048918 -41.645094112982086 -56.97663127698078 -24.342518229897774 -8.621666667036052 -25.179026385340137 29.447820042741803 5.468215460751082 -51.4202370876216 -13.206575719459469 28.157623005768293 16.037354524922574 -27.41421574930479 -31.412173833527092 -25.16645786862999 31.0856365958883 62.216094064358 20.980882709855997 -12.593229624925367 -37.096024307801784 -77.09761626258909 35.55591296182969 28.760814936951856 45.21379660050859 -4.31027128423089
101 1414 0 0 0 -91.58189106810545 -62.60783761104588 -56.81052236964034 32.479235979188374 0.2747121434272781 20.951367102067415 -90.3202864057314 -64.91026756876414 -65.98561169733738 -36.359920668116075 -30.749145727256533 -1.256920309573837 41.3193844889284 -1.5442993852066254 -36.327802242860734 6.005558067355174 7.109870834063794 -43.89605803775256 -55.24533584269636 -6.902876941761163 68.3260831412778 89.75472009170424 42.01269915717751 18.581672885563776 -48.65687484880581 -17.889045039770547 -12.87188544712152 8.93119203265129 7.605210333658661 -62.91097983571451
201 2814 0 0 0 -79.87471454617697 -53.1773920338123 -34.231859501409254 17.451069146605633 -58.86480051308141 14.739843248206059 -51.87028493914339 -12.181685292512249 -91.69807781000996 -45.99654492066991 -24.09898364470802 56.82392252028002 28.26066502390393 7.111490410354803 9.091757171561337 2.9133751032925557 25.31135889889596 -31.286621819700162 -10.752882667600174 -31.715390641571535 46.442152823888506 53.915638328712625 48.40915513599833 23.94314056692245 -52.765009760822345 -29.905241703443927 -15.764252227358153 -15.45275507316698 32.4982569665142 -82.43030850782115
301 4214 0 0 0 -29.002423550345046 -27.557163381251122 14.403878515160386 1.1063311229856438 -51.90517895699089 -0.20686054865677017 6.57151640897742 -1.8263617554257119 -74.90681757374043 -43.24256864772345 -7.886511604609462 32.82588182099698 -8.926477254088432 13.736339687313478 32.3541592190827 18.644574610623703 39.670153795081106 8.0548457473034 8.450564794423212 -61.65645876460149 9.313425462296848 49.57347479184102 51.86301209740482 28.627245951928185 -68.15109758912193 -37.36606822930072 -23.00995532061572 -44.54885865448096 45.30048359329142 -83.65541202011464
401 5614 0 0 0 -39.01851009602606 -14.020943341751444 36.4650298517437 1.4636038641552531 -44.927268262097385 9.648893940730646 12.2135477580013 0.6249076922399003 -60.44764143321204 -48.50648476188879 -23.861662371001618 11.997759728261789 -1.9660277938477104 19.242045091652944 57.257352075494445 21.480449107331864 31.761169190992657 51.56476274859675 19.990505718769903 -82.8855496703107 -5.010457007276678 29.326379855109998 50.2990791310013 20.521201933264194 -40.83174445066983 -35.998594784778696 -51.10161846241521 -44.64161322588624 43.03235929153908 -60.90783773377062
501 7014 0 0 0 -54.470439146884196 0.6109573900763936 35.71170849728693 6.408271717408276 -48.53113522893104 7.568209558722697 5.401475069888088 -2.9781133279463097 -61.20093625074213 -46.38984178956733 -22.183296838917165 11.474056746977691 -11.106409701407951 40.25043703851884 63.180298557717656 32.45540426999909 33.29738568656711 77.10718005584808 20.417819396418192 -71.84403536557421 -12.28305641603778 33.650531763392394 39.96970670039219 13.017450719983303 -38.76008603618818 -36.230804047273715 -63.559001910001385 -50.04157096326342 65.7136939968605 -66.79404450040089
601 8414 0 0 0 -56.12263020215667 4.485992880487749 35.710446661418345 7.853183343825648 -47.432317221672214 7.392722613966394 6.242515742804246 -2.715279121487675 -60.909539733567165 -47.23213583184853 -20.671216809919876 12.778681061538911 -13.247754372705645 45.7854638514894 61.24842938814631 35.055690737319566 32.42211966760959 77.43450843966639 22.091936391548803 -74.11899314606468 -6.102561565909518 33.216826157343725 36.82478406436413 11.222353215861533 -36.808103506406226 -32.79438197797811 -60.581293855190324 -53.737356377064714 63.651045703891384 -66.10133106806781
701 9814 0 0 0 -55.93032440235737 4.54560169147391 35.307295748651256 8.296431327996505 -47.4422727164361 7.301942181907946 6.3907709877316785 -2.4977445783727203 -61.037554517052534 -47.1419156698033 -21.05419317661427 12.478906608266668 -13.241893797226453 46.104362023534925 61.01597392365974 34.809216095103345 32.643774267642165 77.81615032530965 22.201502819572504 -74.06996349616585 -6.196266483139789 33.080121634450514 36.785347978336674 11.428741553313428 -37.02116967180017 -32.97389311556441 -60.2720722856652 -53.88317804590061 63.5355410864152 -66.10953811034906
801 11214 0 0 0 -55.9386880389562 4.5426367097386535 35.30034205301159 8.279307921605538 -47.4368487867169 7.302082500153234 6.387772304918209 -2.4979475614983095 -61.05352180834911 -47.13376836242167 -21.075807709674283 12.479820835853916 -13.238818147544235 46.1091669612305 61.014587519330576 34.8253523599271 32.648411898808604 77.81657698642393 22.195900399555832 -74.08375370768984 -6.175902072560957 33.083506027479835 36.78547533542573 11.412351483608019 -37.03423695910491 -32.98999169215593 -60.282132518446375 -53.88807004137005 63.541052905899214 -66.10836301440506
901 12614 0 0 0 -55.93833320498252 4.543058094379231 35.30006296621404 8.279429361700227 -47.43694601356836 7.302098303184903 6.387671094370461 -2.4978246392228174 -61.05357083881915 -47.13401593573098 -21.076171041116133 12.47972581680967 -13.239351715228118 46.108248970794705 61.01474384545052 34.82553319990747 32.648176023415026 77.81650307440962 22.19585153215666 -74.08377325194098 -6.17641035906865 33.08364139391193 36.78534527430084 11.412099844712628 -37.03415325375727 -32.98984809640349 -60.282851090631056 -53.888080491996355 63.54100470623923 -66.10819330786322
1001 14014 0 0 0 -55.938326088020254 4.543065765970541 35.30006988586619 8.279440964896557 -47.43694304030381 7.302099537667235 6.387666334225597 -2.4978314580339633 -61.05355710893595 -47.13399662946202 -21.076189802955184 12.479725771872147 -13.239358264270003 46.108229548200974 61.01474545026424 34.82552805744649 32.64817141729384 77.81651679550794 22.195866722332646 -74.08378439556093 -6.17640964564462 33.083642642753375 36.78535252081689 11.412088208652953 -37.03415180645406 -32.98984268019144 -60.282851864048894 -53.88805073132069 63.541018259039376 -66.10819431974791
1064 14896 0 0 0 -55.938326502288284 4.543065395544812 35.30007011609653 8.279440834144344 -47.43694279081184 7.302099580733151 6.387665965852379 -2.4978314985514154 -61.05355714045657 -47.13399636372618 -21.076189608276795 12.479726396937478 -13.239358014908783 46.108229613850966 61.01474535037653 34.825528012979 32.64817139812997 77.81651663558262 22.195865733805416 -74.08378510339226 -6.176409548565585 33.08364277910938 36.785351962980656 11.412088120288677 -37.034151872341546 -32.98984260601041 -60.28285168008739 -53.888050042706475 63.54101817548912 -66.10819444317818
