% # columns="iteration, evaluation, sigma, axis ratio, bestever, best, median, worst objective function value, further objective values of best", seed=39, Mon Jul  6 11:41:34 2020, <python>{}</python>
1 14 46.726216716232 1.0000483345014077 100392502262.65863 1.0039250226265863e+11 180541741693.96887 313771026375.02966   
2 28 45.947212788770585 1.0628007158441302 95933358593.4401 9.5933358593440094e+10 156773805758.50247 193948841662.91354   
3 42 45.23895887276089 1.1068114866916263 95933358593.4401 9.8351880073074219e+10 127318004648.89537 181431871585.8982   
101 1414 1.9715562210562634 1.6748898112324233 115390522.76070738 1.6598854075499445e+08 224186044.04602832 284868609.68612075   
201 2814 0.040210952688484285 2.13803523746505 62681.22306946624 6.3729540093398595e+04 93553.57441493133 158144.34589200877   
301 4214 0.0009026196079855125 2.5169900061331356 5171.179758036494 5.1722589791127139e+03 5183.001038728991 5192.917277100064   
401 5614 3.797264321803088e-05 3.9382601551047984 5152.171081194515 5.1521710811945150e+03 5152.200803712292 5152.216064892372   
501 7014 0.00032257172891455806 36.50702295561326 5148.047078595085 5.1481818539249116e+03 5148.874783136291 5150.743955242572   
601 8414 0.0008958531782600972 167.2666546513949 5044.2762612738225 5.0442762612738225e+03 5051.076222077602 5064.281879850451   
701 9814 0.0011162021542481632 209.86167369267073 4852.992702674111 4.8597544173754404e+03 4873.03905549921 4949.932005026102   
801 11214 0.0042906818146613195 515.0746888452197 3900.382045364229 3.9333021594827896e+03 4048.164020708773 4130.109468341678   
901 12614 0.004255830827301873 1942.1385924039373 200.21691479524998 2.1705964039071512e+02 308.7821543681342 372.86333546732675   
1001 14014 0.00010842883933928411 2011.8229848728263 100.06956519623772 1.0006956519623772e+02 100.14160636852775 100.1936566013742   
1101 15414 2.2462624560021804e-06 1999.7019120880755 100.00002843326627 1.0000002843326627e+02 100.0000453547384 100.0001013664315   
1201 16814 5.875487161582077e-08 2042.6013072356645 100.00000001493324 1.0000000001493324e+02 100.00000002406422 100.00000003326234   
1301 18214 1.3321787546192076e-09 2023.003411717217 100.00000000000482 1.0000000000000510e+02 100.00000000000774 100.00000000001258   
1370 19180 8.258194725220115e-11 2148.8223452138204 100.00000000000001 1.0000000000000003e+02 100.00000000000004 100.00000000000006   
