% # columns="iteration, evaluation, sigma, max axis length,  min axis length, all principle axes lengths  (sorted square roots of eigenvalues of C)", seed=765384, Thu Jul  2 17:29:13 2020
1 10 46.91786192672093 1.0000450010125153 1.0 1.0 1.0000050000125 1.00001000005 1.0000150001125006 1.0000200002000015 1.0000250003125026 1.0000300004500045 1.0000350006125072 1.0000400008000108 1.0000450010125153
2 20 46.73112443311278 1.0666183020826474 0.9227098579743626 0.9227098579743626 0.9413729565272589 0.9770160969303274 0.990540168517618 0.9995880694709202 1.0000237298820016 1.0016682934988128 1.0110239558455603 1.0415979424697555 1.0666183020826474
3 30 46.63425950627148 1.1284538631907974 0.8631329799331093 0.8631329799331093 0.9378304987666187 0.9503707553671127 0.9714870722834963 0.9830686017633805 1.0030934020482727 1.010848558712786 1.0382225501423796 1.058537649647819 1.1284538631907974
101 1010 8.601546287881675 1.591792945542253 0.10121339382342191 0.10121339382342191 0.2851164301566018 0.4746426353224262 0.535984240995668 0.684771719172503 0.7675020899412206 0.8109223957062637 1.0691418425682737 1.0897457461587186 1.591792945542253
201 2010 1.4321456904411913 2.173144298083383 0.01614791875527947 0.01614791875527947 0.1458072144237818 0.1846158578730679 0.23836655978168408 0.34583979322026265 0.4119815585796048 0.47286742333801984 0.7164598636351646 0.9007324434115679 2.173144298083383
301 3010 2.97141567756877 1.8511063072196579 0.004232280434341549 0.004232280434341549 0.04739291913432322 0.06530373585276973 0.10064283774686592 0.24571228699154524 0.33930532832640103 0.4751457260274777 0.6941401699544439 0.7215091526961268 1.8511063072196579
401 4010 2.198386995291467 1.8646299099189714 0.0015259654504882927 0.0015259654504882927 0.00799420388706155 0.012750313849321742 0.06283386450191528 0.13243915976097556 0.2699392412069547 0.4471726115299304 0.6428789498623679 0.8639446605019606 1.8646299099189714
501 5010 4.002356874789442 1.3370026253629055 0.000665045234660328 0.000665045234660328 0.0036230547739338854 0.006463716294293458 0.02402636624114834 0.13735752047997754 0.18076102866658808 0.2689693114133078 0.4698194654559697 0.7657547509409841 1.3370026253629055
601 6010 1.6816206729392331 0.8790390605380662 0.00035565504057365026 0.00035565504057365026 0.0022948479755975693 0.0039741690303654025 0.025033522693329847 0.045082291342551276 0.10342652640583823 0.18030245851993326 0.21889798852486386 0.27420183460265174 0.8790390605380662
701 7010 4.369585776021879 0.3861652178029294 0.00020086361152304126 0.00020086361152304126 0.0013717539621712106 0.003389885169147941 0.02473254615366764 0.03249571315613086 0.046926255714543744 0.06281080700293555 0.10518459210716033 0.1420411488262851 0.3861652178029294
801 8010 0.3233233844549616 0.1685148769715489 0.000115975761187246 0.000115975761187246 0.000848271567459015 0.0024053985891079144 0.014262583035879616 0.017745328114821338 0.026852303196740222 0.03634474958838598 0.062199944353874256 0.07537072583461228 0.1685148769715489
901 9010 0.018597050955918088 0.06922434425016147 6.688647118463972e-05 6.688647118463972e-05 0.0006934759580369123 0.0011971401966660972 0.006366496020519358 0.007229483179731003 0.01656719250438614 0.020094418237444733 0.027805179025754752 0.041216132858398764 0.06922434425016147
1001 10010 0.4840392799475378 0.12707862458746538 5.5006764877754464e-05 5.5006764877754464e-05 0.00047732488986973465 0.0008055847109050494 0.0013293988670009655 0.0032469825672343878 0.006391195591577067 0.010398349434286181 0.023090522987029117 0.03069930165536049 0.12707862458746538
1101 11010 0.09448567950764997 0.04539187339962949 2.209668555185825e-05 2.209668555185825e-05 0.00015949501362517909 0.0003953579065662085 0.0008752030814203563 0.0013464047010481065 0.005216416681455184 0.006212677838978299 0.010024617752258115 0.03899496288886248 0.04539187339962949
1201 12010 0.010357459536917458 0.04492186476268946 1.7459487603587068e-05 1.7459487603587068e-05 4.922165429265723e-05 0.00018039618079510668 0.00039019728118652703 0.0004418161493048676 0.0012776710215278877 0.005726553459998899 0.011806885920725839 0.02224557882626806 0.04492186476268946
1301 13010 0.1498986173955833 0.042858848587043565 1.0508552659310668e-05 1.0508552659310668e-05 1.639670936694291e-05 8.399430055967849e-05 0.00019217107698577018 0.0003490561115535195 0.0007540058479618085 0.004947059138929303 0.0065875325445444366 0.022192270470168408 0.042858848587043565
1401 14010 0.04520294491843029 0.025485664322185964 5.694855361764914e-06 5.694855361764914e-06 1.1217870256077594e-05 5.4311824113013206e-05 0.00013186612351635222 0.00021412273549332463 0.00047171026079196514 0.002408161750716058 0.002846061728921542 0.011453336389388351 0.025485664322185964
1501 15010 0.17248352309441647 0.025474523953387843 1.6418420104992571e-06 1.6418420104992571e-06 7.002034189247393e-06 1.0173256909079872e-05 7.335787354514561e-05 0.00017806463112407707 0.00032153969923921137 0.0020456452517464622 0.002754329365720919 0.010044134354699141 0.025474523953387843
1601 16010 0.23415165565495008 0.02015829054848417 4.178493528396807e-07 4.178493528396807e-07 4.3679023295055825e-06 5.2815621552934906e-06 5.574134051902505e-05 8.305335321824428e-05 0.0001746815859854698 0.0012238719654134994 0.002734043553900055 0.005190359765159221 0.02015829054848417
1701 17010 0.27447510914238943 0.013820443448230227 2.1237949550953655e-07 2.1237949550953655e-07 2.370801578650211e-06 2.868541449761044e-06 3.0561889825399725e-05 4.626585388498263e-05 0.00010938144399758718 0.0006903814246095735 0.0017939122212463508 0.004074748713568807 0.013820443448230227
1801 18010 0.48202319886615114 0.006156224633230454 1.3778006243404617e-07 1.3778006243404617e-07 1.2631753120123276e-06 2.531461013219421e-06 1.7877558826231002e-05 2.6297418112518823e-05 7.02112153398955e-05 0.0004948412404324553 0.0009852674875811015 0.0023778575563155177 0.006156224633230454
1901 19010 0.2864780791899568 0.004463368637338305 8.472314656218613e-08 8.472314656218613e-08 9.133778912202599e-07 1.2644210087617733e-06 1.1983326046340485e-05 1.3488603765206142e-05 4.140421484390118e-05 0.00025027775097691214 0.000340428021676176 0.0011275916095041254 0.004463368637338305
2001 20010 0.3770056861887104 0.003483564354288511 3.048209018634906e-08 3.048209018634906e-08 3.421040259461362e-07 7.097940011884972e-07 6.692048423948838e-06 1.08707601168377e-05 2.677919409905817e-05 0.00010117355925060461 0.00023552310407371348 0.0009430398935912991 0.003483564354288511
2101 21010 0.7738164297276541 0.0021417580716720777 1.310015379768868e-08 1.310015379768868e-08 1.6577566265187683e-07 4.810525650974198e-07 3.727439886767455e-06 9.492435715532554e-06 1.8109280148772187e-05 6.961970137383946e-05 0.0001241739854916933 0.00033681237446536163 0.0021417580716720777
2201 22010 4.579673675630912 0.0008343213561117837 1.17620066694875e-08 1.17620066694875e-08 1.7603143915603813e-07 2.3004461609680396e-07 2.246950266061718e-06 3.876774424938039e-06 8.78715666264409e-06 5.619317837903378e-05 9.57284150447767e-05 0.00018644666200470447 0.0008343213561117837
2301 23010 5.411223812039184 0.0005168484546459048 7.383097080996561e-09 7.383097080996561e-09 1.0145206012888909e-07 1.1054272962815149e-07 1.238512699534092e-06 2.788866809273673e-06 5.746972744786892e-06 3.39047440308356e-05 5.6199514130828455e-05 0.0001646426004044665 0.0005168484546459048
2401 24010 3.090224110333947 0.0003300177227510101 4.468233097458831e-09 4.468233097458831e-09 4.616910794532044e-08 7.178172216290552e-08 5.433555160785299e-07 1.839644969942826e-06 3.06720979600452e-06 1.883679545263239e-05 2.484039948623866e-05 9.153365928833576e-05 0.0003300177227510101
2501 25010 11.000734036209803 0.00023688238704274573 2.4682289667296943e-09 2.4682289667296943e-09 2.5303412373320534e-08 4.4634522064064274e-08 3.6839464818869623e-07 1.216567702264787e-06 2.0048092134343934e-06 1.0885963524023966e-05 2.240652020083968e-05 4.8617269007751674e-05 0.00023688238704274573
2601 26010 25.480078837225708 0.00017927961614640076 8.322018712244092e-10 8.322018712244092e-10 8.685767450117814e-09 3.126736077066608e-08 2.5023596441014227e-07 7.413688095391915e-07 1.5787330694591865e-06 7.593430297653077e-06 1.3324354757126637e-05 4.326688072321503e-05 0.00017927961614640076
2701 27010 14.038054447884688 8.777806283980023e-05 4.3669812924530724e-10 4.3669812924530724e-10 8.087611548320084e-09 2.0723828122525952e-08 1.4561936727316496e-07 4.701508292526241e-07 7.313730906280759e-07 4.187402160258637e-06 7.479830961455944e-06 1.6354260098666488e-05 8.777806283980023e-05
2801 28010 41.07753953834805 5.708614625856644e-05 2.9738941185543544e-10 2.9738941185543544e-10 3.9285107597745596e-09 1.2641978214850924e-08 8.999701345643136e-08 3.45580388560645e-07 4.6480013644723975e-07 3.024831362304945e-06 3.243392927020373e-06 8.193842887303597e-06 5.708614625856644e-05
2901 29010 37.0948509537531 3.3495363296264623e-05 1.5058206046261682e-10 1.5058206046261682e-10 1.870124929217734e-09 8.060857024796687e-09 7.734503335815102e-08 1.2918597764483416e-07 2.8828495859821815e-07 1.8830186150140371e-06 2.456399934201639e-06 3.5113017942297167e-06 3.3495363296264623e-05
3001 30010 58.87486602595719 1.4255237796458024e-05 6.9707516414453e-11 6.9707516414453e-11 1.0550392338406322e-09 3.727535516328448e-09 4.353270722670266e-08 8.839995426817209e-08 1.5590337893333045e-07 9.7663874879848e-07 1.5093623141913915e-06 4.046048195326371e-06 1.4255237796458024e-05
3101 31010 112.85235829782384 9.70806562559935e-06 3.8721125327464125e-11 3.8721125327464125e-11 4.6086127611562934e-10 2.0979014868008324e-09 2.5367227633287602e-08 5.83478547230556e-08 9.671739163646923e-08 5.031133843491249e-07 7.342278616400883e-07 2.2810153392478144e-06 9.70806562559935e-06
3201 32010 179.636294978985 5.735547596366508e-06 2.3728552002887748e-11 2.3728552002887748e-11 5.43889109069983e-10 1.2970606604702351e-09 1.2860809550753321e-08 3.4383466979177625e-08 5.7509569180764324e-08 2.2166233514515586e-07 3.648574834620223e-07 1.03804177528387e-06 5.735547596366508e-06
3301 33010 693.0534328607777 3.180450573013033e-06 1.7840104212417925e-11 1.7840104212417925e-11 3.099173471309667e-10 7.29264365289082e-10 8.338961561149283e-09 1.5791333540022814e-08 3.937963787425752e-08 1.1091636657928069e-07 2.4604248421766355e-07 6.707164602705014e-07 3.180450573013033e-06
3401 34010 924.6357170382997 2.133686513260058e-06 8.780314966849551e-12 8.780314966849551e-12 1.724327031776856e-10 4.2674174661396155e-10 5.533015543037931e-09 1.1083030778287727e-08 1.6914560631167188e-08 8.141662574469227e-08 1.6132478199029695e-07 3.6340493058650544e-07 2.133686513260058e-06
3501 35010 979.672352317973 1.3020269311386095e-06 4.660558865410507e-12 4.660558865410507e-12 6.984178831748906e-11 2.4745160470964944e-10 2.625197992900652e-09 6.752002124624339e-09 1.425390119053009e-08 5.5051337446152337e-08 1.0956140674789686e-07 1.736726893796617e-07 1.3020269311386095e-06
3601 36010 2525.786098567937 6.957811601176824e-07 2.6255675570913744e-12 2.6255675570913744e-12 4.4108924893527615e-11 1.620445689280024e-10 1.6416549623228398e-09 3.471998058722578e-09 7.713281341012807e-09 3.6867957978576065e-08 5.766706796071808e-08 9.672070547785583e-08 6.957811601176824e-07
3701 37010 5949.604252480912 3.875475868895303e-07 1.600088426828084e-12 1.600088426828084e-12 3.40025391633189e-11 1.0171601311404655e-10 9.758948649323084e-10 1.8143009996397733e-09 3.467493894149083e-09 1.8249295694653538e-08 2.9654051398240764e-08 1.000880255399155e-07 3.875475868895303e-07
3801 38010 3341.234041359722 2.5526569787943645e-07 9.44181270410673e-13 9.44181270410673e-13 1.559355958166366e-11 5.045154503491311e-11 6.12007372013027e-10 1.0371992158007528e-09 2.422088262839766e-09 7.853690167620112e-09 1.9552337436865693e-08 5.022988645797161e-08 2.5526569787943645e-07
3901 39010 14343.588362100409 1.4277177423619702e-07 5.854621782673338e-13 5.854621782673338e-13 9.736405751474149e-12 3.0696812492824266e-11 3.35739742752047e-10 6.058225239652655e-10 1.4860778661587297e-09 7.500635468562974e-09 1.1990300804781066e-08 2.5923968362012353e-08 1.4277177423619702e-07
4001 40010 20777.33137663371 1.0549230007382671e-07 3.962561439526743e-13 3.962561439526743e-13 4.7542615496847635e-12 1.9992447873033603e-11 2.1545833380221337e-10 4.417947397458467e-10 7.597410076765172e-10 4.435418622345167e-09 6.217991457078671e-09 1.4362148288266012e-08 1.0549230007382671e-07
4101 41010 26460.970031678855 5.3944609385401786e-08 2.3923593583677205e-13 2.3923593583677205e-13 4.18137114696749e-12 1.3276665946121214e-11 1.2838870217226922e-10 2.106731171522234e-10 5.19404334181117e-10 1.297771182792024e-09 3.1711514931935185e-09 1.2014981786225364e-08 5.3944609385401786e-08
4201 42010 27137.66052398526 3.6940733570957915e-08 1.5099073220584546e-13 1.5099073220584546e-13 1.8531325754847695e-12 7.759882219008144e-12 6.449659215396856e-11 1.3913664764773994e-10 2.785089405134141e-10 7.008644736034869e-10 2.2059968767459718e-09 7.356289310673953e-09 3.6940733570957915e-08
4301 43010 53011.02577284148 2.0618534782310678e-08 6.454973565701103e-14 6.454973565701103e-14 8.576650882493909e-13 4.315483999741363e-12 5.125493414919995e-11 9.950773503035262e-11 1.717224383893654e-10 5.144802591031978e-10 1.249936625108718e-09 3.870582985784258e-09 2.0618534782310678e-08
4401 44010 122604.72853244207 1.1860459449176684e-08 3.6924936132529096e-14 3.6924936132529096e-14 6.405224624549528e-13 2.094618354398339e-12 2.8550307068285023e-11 5.1892541063353687e-11 9.936618458568355e-11 4.736522318631925e-10 8.007216214582192e-10 1.3506416075244508e-09 1.1860459449176684e-08
4501 45010 152593.6523847662 6.594976245621168e-09 2.3693550791024286e-14 2.3693550791024286e-14 4.0592926796278987e-13 1.2187941146396697e-12 1.5803778390775663e-11 3.2193115910290934e-11 5.248039592674142e-11 2.5170475954034714e-10 3.852249844788279e-10 5.274769366414209e-10 6.594976245621168e-09
4601 46010 755466.411555266 3.650721344299372e-09 1.4398862123636173e-14 1.4398862123636173e-14 2.372438226073004e-13 7.530149984144703e-13 7.814127471745817e-12 1.5268237840909432e-11 3.55077267156815e-11 1.5095467134855754e-10 3.0603309906795944e-10 4.746681267902816e-10 3.650721344299372e-09
4701 47010 551949.1102398486 2.239865745091334e-09 7.190389196765457e-15 7.190389196765457e-15 1.163919070909004e-13 4.491987913449517e-13 4.874442755778161e-12 8.566415425500343e-12 2.1723663554777792e-11 5.274688750713562e-11 1.328809729078435e-10 4.801775493296992e-10 2.239865745091334e-09
4801 48010 1000650.3724394684 1.138589295610118e-09 4.3729275810478955e-15 4.3729275810478955e-15 5.460937377423549e-14 2.5236355433332143e-13 2.7620074768199836e-12 5.267852585228293e-12 1.099520574770779e-11 5.763820575075143e-11 8.465360860832344e-11 2.4546887113787184e-10 1.138589295610118e-09
4901 49010 1624213.3697624318 6.096404405898098e-10 2.6877780018127894e-15 2.6877780018127894e-15 3.0002261635323407e-14 1.4964487716281322e-13 1.4117083365581035e-12 2.7186389727507845e-12 6.23708146693438e-12 3.081405727913771e-11 4.1606805415617664e-11 1.5155169459542926e-10 6.096404405898098e-10
5001 50010 2939209.7722408166 3.381285176728326e-10 1.327110523232395e-15 1.327110523232395e-15 2.211095691567768e-14 9.550424447421017e-14 1.126125557397251e-12 1.7637039318250514e-12 3.829187464704777e-12 9.10487341875046e-12 2.8294288583631657e-11 9.345121202606007e-11 3.381285176728326e-10
5101 51010 4533285.962967064 1.7547370370207853e-10 7.46027690089667e-16 7.46027690089667e-16 1.2278952268605611e-14 5.783415240098151e-14 6.671128550360716e-13 1.116743729534241e-12 2.0636780525474243e-12 5.963358470294908e-12 1.5637002194295835e-11 5.0667423565202e-11 1.7547370370207853e-10
5201 52010 7964804.410046884 1.2372241004338236e-10 4.1009738676486084e-16 4.1009738676486084e-16 6.260261662619183e-15 3.322651672012576e-14 3.260933197962452e-13 6.822815327393561e-13 1.1093030016485173e-12 3.95283539095412e-12 9.958912009637749e-12 2.790525877566881e-11 1.2372241004338236e-10
5301 53010 21093949.06636212 8.490698363695486e-11 2.713395409641691e-16 2.713395409641691e-16 3.3424471682941134e-15 1.8267784466262624e-14 1.7101448892886036e-13 3.689418934013532e-13 6.466603407454818e-13 4.33122479298339e-12 6.0833213571508055e-12 1.0639023696978004e-11 8.490698363695486e-11
5401 54010 40649986.61303185 4.269744434855275e-11 1.4340951457701477e-16 1.4340951457701477e-16 3.1352899397052675e-15 9.472412058043533e-15 9.223553971123353e-14 2.0482428180911008e-13 3.7560895788504305e-13 2.4082009830233643e-12 3.250369040457142e-12 1.0075636521740341e-11 4.269744434855275e-11
5501 55010 45249791.27223427 2.0610852499810057e-11 1.0357810356630724e-16 1.0357810356630724e-16 1.4489261654562363e-15 5.297557918447028e-15 6.135543079895419e-14 1.5077084239670324e-13 2.51415529530216e-13 1.2402240129747967e-12 1.8631863134761427e-12 3.212794692040124e-12 2.0610852499810057e-11
5601 56010 87394600.0992616 1.1296512957203009e-11 6.120881063133275e-17 6.120881063133275e-17 7.889493721906427e-16 2.9057073438772736e-15 2.945168320956867e-14 8.060516995723352e-14 1.3686785146907572e-13 7.847731052406562e-13 1.5122523959280858e-12 2.276865684977633e-12 1.1296512957203009e-11
5701 57010 105773271.0832331 6.6268635250256615e-12 2.6135090070268193e-17 2.6135090070268193e-17 3.721254049891937e-16 1.782142913241792e-15 1.9002768870777337e-14 4.4643427599520424e-14 7.53804999778211e-14 5.548316272267234e-13 5.92157455345898e-13 1.397530459239629e-12 6.6268635250256615e-12
5801 58010 434569722.4680494 3.3934332779463385e-12 1.1659532253141944e-17 1.1659532253141944e-17 3.122793181593591e-16 1.1971368345587336e-15 1.307353945100183e-14 2.1930569585950838e-14 4.051247821832592e-14 2.8344385420086986e-13 3.7232494656798715e-13 8.610376744451628e-13 3.3934332779463385e-12
5901 59010 317255602.24391294 3.13814413232e-12 7.591220920347217e-18 7.591220920347217e-18 1.2665645987444556e-16 5.562288653458252e-16 6.897770815135541e-15 1.348036409964202e-14 2.441524185913867e-14 1.233017473386537e-13 2.16445164886639e-13 4.2272883240038865e-13 3.13814413232e-12
6001 60010 648656824.9306941 1.7359475205555128e-12 3.389025263221762e-18 3.389025263221762e-18 7.075991032911534e-17 3.560077047805986e-16 5.263667221694097e-15 8.2701952060697e-15 1.3750443678253478e-14 6.134886428477724e-14 1.4004716622871803e-13 2.2680562640867765e-13 1.7359475205555128e-12
6101 61010 754353186.2884377 9.432076296641276e-13 1.9887728609183815e-18 1.9887728609183815e-18 4.6926693084318193e-17 1.8405653873782628e-16 2.4310619489873047e-15 4.776292668236936e-15 7.800978508918911e-15 2.9093952903147237e-14 7.455012341429259e-14 1.7627958872038796e-13 9.432076296641276e-13
6193 61930 2702680549.829422 5.304714091278674e-13 1.8002861269452998e-18 1.8002861269452998e-18 2.4336868653727592e-17 1.0320452340486077e-16 1.5569620183254986e-15 2.5962497491018487e-15 5.423710017444496e-15 3.19964867366888e-14 4.846998498884062e-14 6.503192112779804e-14 5.304714091278674e-13
