% # columns="iter, evals, sigma, 0, fitness, xbest" seed=794362, Thu Jul  2 11:23:34 2020, <python>{}</python>
1 14 50 0 5366.918572430801 -22.433520461032703 -24.30202004806796 -14.969450989356053 69.05639148584505 29.89554487681544 54.31757413682975 -42.92887475316779 52.80985165155815 -12.506711113470464 65.29348565899636 -56.73654803807714 -79.34600550657713 10.576170040007495 60.79732853708715 49.3637919690847 50.1468575491817 -61.198386806844276 -16.291497132961986 -39.06279926622199 -48.611038993122946 -1.3319833640631324 -19.636392033004338 -27.778058001385475 -1.1660777511723213 -54.697173765014014 -79.0887548769021 -33.142764796589034 0.2228827068124859 35.27679123861862 70.73600333029371
2 28 51.576053648271525 0 4826.607540662134 80.16753510922409 47.77345018801809 -14.309780739168009 -47.58965270784754 27.734802732261446 55.75745938854439 7.992968684282101 24.815730531599097 23.031841381450928 99.26240456215812 10.85036885098037 17.921293207104824 36.21929272132171 51.25578525451304 34.75136056225722 4.000480416422767 -37.0786712142961 -55.63641072419364 -98.08795627911894 22.82239606687424 33.570362466732746 78.56142873652715 -12.2337158336693 4.758501455883778 -5.335229216289932 -72.5985814392046 -17.177431531169496 18.134669183529823 98.09091522050579 -51.83481122508908
3 42 60.206875227234 0 4403.508964943267 -64.04951158225583 -72.96230358803743 -43.45629777348483 -44.44261572571878 24.66362491182386 71.93776222924278 2.0786654146593353 68.99435707869104 -84.07928071947168 45.833062834320046 -57.86615798998756 -10.119317634502838 26.098300296045803 55.714939971784915 17.40158898432677 -88.1444886954471 -24.478750758205607 -18.745355021554143 -50.401494300388535 -8.530060518346916 30.563284926962027 75.31727476269546 -71.23266894899487 11.435199902143694 -3.0051890992180894 -98.77670008402198 -99.00771936594192 63.34665391260617 40.63164435054581 25.429882098002963
101 1414 0.8659272883822794 0 2905.2602814819047 93.96930045460866 62.76785600091981 -55.35640446588013 -83.53213526349491 98.60563158399002 96.66391971941653 -79.30817202308276 54.56414455123778 -71.71377686031988 7.267453910581764 94.48302017959645 -71.8792463484292 19.29743874963977 52.84902575343756 -35.491409348565284 29.563642446846806 53.36056213451124 -8.50061751445216 94.16030114526946 -92.43946708344423 -96.30060974658142 86.2289335367673 -76.54983771532284 -99.45261685855148 -42.61046413838816 -73.56878676604859 -99.85282380718857 99.98110918656138 2.8948758146641884 -60.71368094366323
201 2814 0.029835518248239854 0 2895.65414897956 93.39188458811753 63.31449186603069 -55.82568632996558 -82.2115635466171 98.61988153291503 96.27037590997014 -79.56939258347089 53.629762466722774 -69.94027026877924 5.829292682145365 94.15189865712318 -73.65073049871151 18.642497038838467 51.95567503178836 -36.014803893112855 29.395108710367396 53.00830997839083 -9.386317569790833 94.51251462116639 -93.20540788839003 -95.84901825094363 87.05414460843372 -75.76159066983577 -98.90981502300822 -42.35742497608229 -73.50860351877003 -99.99982925094962 99.9999985683853 2.8399839184148354 -61.660613476333026
301 4214 0.0006022752287250676 0 2895.6449428318847 93.37226764358095 63.323026464534564 -55.79360347566123 -82.19092936796902 98.61105233718283 96.27318749428076 -79.52447761464074 53.629927342244066 -69.94390667246682 5.8139666982476115 94.13425742432389 -73.60128306994062 18.61049745829023 51.947087705740586 -36.03138983261026 29.34830098974939 53.01809687313266 -9.386841996715674 94.48726734910707 -93.18705168986605 -95.81811969570408 87.01227358512466 -75.7790771868774 -98.88483444477684 -42.334904217069344 -73.53573489666542 -99.99999988674034 99.99999992424874 2.849752217162211 -61.688502779871335
401 5614 1.3608953881088606e-05 0 2895.644939060346 93.37285916446467 63.32242758752483 -55.793323935153495 -82.1908462628062 98.61146476633324 96.2732425736856 -79.52479017335435 53.63028000940066 -69.9438337918896 5.813709204141247 94.13452526788126 -73.60146754176583 18.609739583793836 51.94685114716094 -36.031356390186566 29.34866271079758 53.017818858261904 -9.38753530221345 94.487935142938 -93.18844410719134 -95.81826360129487 87.01288946881417 -75.77906076467612 -98.88406601724952 -42.33491549707859 -73.53579370030005 -99.99999999997151 99.99999999999875 2.8490300031197675 -61.68827602477407
501 7014 1.3417771442270895e-07 0 2895.644939059186 93.37284516551986 63.322408167300665 -55.79333375564096 -82.19083524366725 98.61145962933249 96.27324575276037 -79.5247778451546 53.630285972012935 -69.94383982964001 5.81370768814574 94.13451629390602 -73.6014589986751 18.609734057601216 51.946848483751495 -36.03134709474076 29.348673976717766 53.01780750673001 -9.387524833214627 94.48793139457825 -93.18844952594584 -95.81825620613954 87.01288620335094 -75.77905861697101 -98.88406451849278 -42.334931504504155 -73.53579190961977 -100.0 100.0 2.8490263365116415 -61.68828060695834
502 7028 1.0214631001660431e-07 0 2895.644939059186 93.37284497400836 63.32240818778047 -55.793333794957874 -82.1908350846969 98.6114594103819 96.27324580278885 -79.5247779326107 53.630285949927035 -69.94383985223692 5.813707729031307 94.13451614022682 -73.6014589819607 18.609734073917174 51.94684855864145 -36.03134702182437 29.34867419909867 53.0178076237552 -9.38752481901426 94.48793125677453 -93.18844953566715 -95.81825607100573 87.01288615398184 -75.7790586212934 -98.88406459479293 -42.33493132556581 -73.53579187733888 -100.0 100.0 2.8490264355482893 -61.688280478244415
