% # columns="iteration, evaluation, sigma, axis ratio, bestever, best, median, worst objective function value, further objective values of best", seed=46, Mon Jul  6 05:52:16 2020, <python>{}</python>
1 15 51.2445157770777 1.0000490012005196 27661722090.949387 2.7661722090949387e+10 45537657006.9377 84819019646.26323   
2 30 53.048318297042634 1.0394138522896523 15496636272.66679 1.5496636272666790e+10 39634656473.52493 86488582308.03802   
3 45 56.90679753191746 1.0516550561271854 15496636272.66679 1.9597428902795849e+10 37297120252.69943 68267512620.01079   
101 1515 2.088710979872505 1.7698581609622266 202538187.61263013 2.1880381863074064e+08 237711251.08473668 303604602.5435598   
201 3015 0.6730371803813788 3.936086339474832 78110966.40235521 7.8183247560297891e+07 80862121.93753001 85639254.5320501   
301 4515 0.5054746329985342 7.354315065467051 34928778.55771077 3.5253258880514048e+07 37403496.06302288 39478875.46577746   
401 6015 0.5706512118625502 10.295603982284309 25701641.572111275 2.6440020069476690e+07 27148753.527195476 28573649.49044162   
501 7515 0.3508248917439655 11.730021663351684 17869150.873419072 1.7905138072328418e+07 18223244.907175064 19762293.354940474   
601 9015 0.16909390942428945 14.766399352108094 14104129.228611248 1.4125716341357084e+07 14192797.422310872 14336734.798074104   
701 10515 0.2045960510066212 16.465892144683668 11932272.497028079 1.1932272497028079e+07 12141173.181729414 12466034.794008397   
801 12015 0.2013976551990905 19.264089340474005 10366789.081513982 1.0374677376068272e+07 10447916.890735967 10575597.579853546   
901 13515 0.23700368937019087 21.677130417104863 8535173.492803972 8.5817877075913548e+06 8662852.017363988 8764991.230327968   
1001 15015 0.1220356447696761 25.689753250977823 7857109.880493087 7.8571098804930868e+06 7883589.26814921 7979051.016632004   
1101 16515 0.33885710405223635 31.595570338775516 6782036.897469728 6.8497940239440938e+06 7042201.302082047 8179471.626184073   
1201 18015 0.24681226352709662 42.67559098564474 5984831.995156179 5.9848319951561792e+06 6110172.2505606115 6384348.082239101   
1301 19515 0.19091661666558402 48.44145529043937 5339888.776389064 5.3398887763890643e+06 5380860.91115453 5592197.053627679   
1401 21015 0.16214885332789494 53.8261163360564 4880455.758943236 4.8814179087126544e+06 4916896.823774812 5078574.768816231   
1501 22515 0.25565253717642034 59.34150694822359 4296258.667084872 4.2962586670848718e+06 4364831.575370084 4517528.0405258555   
1601 24015 0.33564109523013075 74.32071271454367 3261890.744083495 3.2826385134176961e+06 3350172.760665837 3443850.603817909   
1701 25515 0.1359342734200919 101.8463534067401 2826530.521842852 2.8265305218428518e+06 2838445.6850765203 2863182.7697888887   
1801 27015 0.14873254447071751 105.66630647814345 2524889.259698262 2.5248892596982620e+06 2539671.5186843616 2552688.8565515885   
1901 28515 0.21952975857657292 111.8744470923889 2311781.7703721584 2.3173995970951822e+06 2333431.4625573596 2353848.1496362085   
2001 30015 0.20222630586927628 115.38337448183161 2147696.9524456304 2.1497316886945572e+06 2166088.4475418143 2187907.898148783   
2101 31515 0.19433257253722572 124.38720015321736 1987258.850598489 1.9872588505984889e+06 1999807.8367513935 2018092.8215768929   
2201 33015 0.26235232819987037 131.41098602737577 1714551.690603741 1.7160798147192507e+06 1728873.1538674224 1742526.7686033258   
2301 34515 0.1891172369484747 138.73437147055049 1609395.234126193 1.6093952341261930e+06 1618891.7312437855 1632147.9309823469   
2401 36015 0.18364124941113408 145.71516816783785 1448206.891802009 1.4482068918020090e+06 1454852.2913718917 1462370.995952034   
2501 37515 0.20666580337401966 156.4987000787245 1315921.1953990594 1.3168483486834690e+06 1319079.2671949696 1337312.6806169166   
2601 39015 0.2841774063658174 177.2815356235661 1059697.8897630267 1.0596978897630267e+06 1071885.2816103601 1086379.4462012283   
2701 40515 0.1836709348844842 187.40202172350797 1002570.3260555032 1.0031213705012418e+06 1007817.3116830881 1014687.7529424694   
2801 42015 0.12057539058671198 197.376754101351 955150.2695544772 9.5559218830007210e+05 957188.6648246152 959462.861199059   
2901 43515 0.3973945356188538 220.67342935843857 893370.6261158324 8.9477078701124608e+05 904138.2677168178 918556.0106718955   
3001 45015 0.24630409861310923 239.0733610560091 818546.4921235903 8.1933430466870894e+05 822522.3810928273 824762.3773107575   
3101 46515 0.11509866493375213 244.10016585738816 781398.0753106228 7.8139807531062281e+05 782545.4642000237 783938.1744580142   
3201 48015 0.11063822139375948 246.543596076289 759138.7465134955 7.5913874651349545e+05 759654.9632449265 760877.6481051685   
3301 49515 0.07107472377037738 248.4014421517632 746066.1692489202 7.4606616924892017e+05 746331.1809079037 746703.5307916449   
3401 51015 0.061284282271924576 249.98034394183853 742032.9467186136 7.4207743794009765e+05 742259.9247334696 742467.2689591437   
3501 52515 0.04522562731886276 254.62573318844252 739381.1117057253 7.3938111170572531e+05 739500.1393302125 739591.7642745632   
3601 54015 0.044891131578525825 259.3741938087635 737967.3689172224 7.3799579549638205e+05 738068.966810434 738127.8063332615   
3701 55515 0.040444205794308595 266.9373775969787 736961.8946056039 7.3696189460560388e+05 737016.8304310716 737114.1830614944   
3801 57015 0.04194637577309203 283.4534718748084 735889.4289140846 7.3590347751778096e+05 735951.8499672165 736041.299494109   
3901 58515 0.05535533462053334 308.4557213693622 735075.3381335286 7.3511888477057475e+05 735159.1511009726 735214.4889904944   
4001 60015 0.0629257065282511 317.0058458788184 733750.1313573828 7.3375013135738275e+05 733815.1905338294 733944.3789614238   
4101 61515 0.06191463186432828 372.357916727942 732254.740958198 7.3225474095819797e+05 732335.4545846935 732525.254283784   
4201 63015 0.09418165304229963 464.181718928782 728878.1913009344 7.2887819130093441e+05 729106.2456580943 729216.9980189918   
4301 64515 0.07355246162124655 570.125820950727 722829.0828213687 7.2282908282136871e+05 722974.625087574 723111.8652779865   
4401 66015 0.0879474125392984 544.382543424787 720273.9932050682 7.2030595809814567e+05 720402.7691159614 720519.5014795774   
4501 67515 0.06646821276888121 528.1627008864823 718760.0392028384 7.1876669914359925e+05 718813.1378764763 718905.4834293996   
4601 69015 0.03199932211814246 519.0273997075603 717709.1101615567 7.1770911016155675e+05 717744.7628665356 717765.0972297909   
4701 70515 0.037267089924811495 511.47844092597273 717036.466511419 7.1703646651141904e+05 717055.7924897488 717071.505003236   
4801 72015 0.0344908115887305 491.86985714669896 716513.6405536223 7.1651364055362227e+05 716537.6670048542 716560.0348631312   
4901 73515 0.061046541832194094 510.4229739252736 715725.9261900259 7.1572592619002587e+05 715793.4613625454 715827.1936171391   
5001 75015 0.08469246514342382 634.1179413662004 714595.7632575931 7.1460850394773216e+05 714655.0313075754 714761.3473220476   
5101 76515 0.19005354562569127 936.7180006397751 711381.1320561521 7.1138113205615210e+05 711818.6638467786 719254.9166624933   
5201 78015 0.053353807395195886 967.1563381988693 708243.4991995554 7.0825113805884449e+05 708323.6340411966 709229.120642761   
5301 79515 0.055094192196885695 905.325441363419 707583.3233836105 7.0758332338361046e+05 707647.0271352523 707824.2496912285   
5401 81015 0.038153531319456924 835.6035485458381 707075.2163478821 7.0707521634788206e+05 707102.4970994043 707366.6492679289   
5501 82515 0.03219273258285804 807.2569176831342 706819.3063733781 7.0681930637337815e+05 706841.6943377835 706885.6866887314   
5601 84015 0.026670680847298525 757.8267263125109 706610.051798582 7.0661005179858196e+05 706622.765985435 706642.7795101098   
5701 85515 0.026787516888888554 732.9414253966501 706435.6369516267 7.0643563695162674e+05 706451.6662233006 706485.3962155324   
5801 87015 0.030148285377951497 731.578363797616 706361.8546691546 7.0636185466915462e+05 706379.153812401 706394.8859580278   
5901 88515 0.03236848596536896 707.5770631439856 706088.2169956975 7.0608821699569747e+05 706099.4026562001 706123.0668104927   
6001 90015 0.0694257214503162 710.6426408088357 705500.4921525251 7.0550049215252511e+05 705545.8524784677 705622.9910454475   
6101 91515 0.09634017568157942 742.0098292356672 704421.3522797417 7.0442135227974167e+05 704553.9982984475 704775.4763408151   
6201 93015 0.06796718658997174 758.2751241252771 703203.1608870171 7.0320316088701715e+05 703291.960419147 703974.7680328299   
6301 94515 0.06253914745605041 737.0640413708452 702663.7002332374 7.0268007541683933e+05 702747.7027279253 703023.4734975853   
6401 96015 0.03572413662146063 710.1094467596776 702321.4914102667 7.0232422526624508e+05 702345.3216092151 702389.7648170071   
6501 97515 0.03281714993659042 707.044333333433 702173.9309987309 7.0217393099873094e+05 702181.8035042823 702188.9430795897   
6601 99015 0.004670600443000903 716.8382579691361 702102.9995904207 7.0210346066868980e+05 702108.899543484 702112.1388081642   
6701 100515 0.0002631076385443112 629.8956587439646 702097.2471757486 7.0209724717574858e+05 702097.316581346 702097.427982631   
6801 102015 0.0009450913464164594 666.9719385902291 702092.8203320447 7.0209282033204474e+05 702094.0145328252 702094.8992426512   
6901 103515 0.000539443380281273 1136.6893354986646 702088.9076505608 7.0208893738156045e+05 702089.031300145 702089.361118908   
7001 105015 0.0007398738934539964 1243.2379305652328 702085.532852957 7.0208553285295703e+05 702085.8937586006 702086.4827028097   
7101 106515 0.0007419767267571897 1432.7638152535746 702080.7294544628 7.0208075973480474e+05 702081.0421427257 702081.3829237599   
7201 108015 0.0019349157818533658 1475.2456309736906 702076.9837095219 7.0207783516994747e+05 702078.5812312701 702080.2534172178   
7301 109515 0.001092039682087431 1471.6478558075999 702072.5710098153 7.0207257100981532e+05 702072.824875211 702073.2244529859   
7401 111015 0.001150315249762283 1446.8532963272717 702067.8973895076 7.0206791244611365e+05 702068.0966824006 702068.578701368   
7501 112515 0.00241043690224067 1462.5165083169725 702063.7491089569 7.0206410731574846e+05 702065.1898876681 702065.7379527858   
7601 114015 0.001959906113761184 1461.6494587338975 702060.1915050277 7.0206019150502770e+05 702060.5469218437 702061.4146363037   
7701 115515 0.0016737514605802513 1470.6561600645134 702057.0844691091 7.0205708446910908e+05 702057.4258157219 702057.8281742583   
7801 117015 0.0014840483611051971 1471.7367469355079 702054.7273667321 7.0205483001536143e+05 702055.0541847314 702055.2853895966   
7901 118515 0.0014120560495190417 1463.4425264657439 702051.042497916 7.0205104249791603e+05 702051.2855017266 702051.5058304311   
8001 120015 0.0026759046747743963 1500.9712957797128 702046.2990323389 7.0204629903233889e+05 702046.796284572 702047.1609471318   
8101 121515 0.0042609483712573015 1504.2032247939312 702037.1581357076 7.0203715813570761e+05 702038.6149310634 702039.8108869444   
8201 123015 0.002375067369908838 1497.785515481963 702029.1475917471 7.0202914759174711e+05 702029.384168054 702030.0054534082   
8301 124515 0.0021030276767199205 1523.0297192695361 702023.9699626968 7.0202396996269678e+05 702024.1163849675 702024.4999399896   
8401 126015 0.0018924696761720204 1476.1147766418333 702020.05966291 7.0202005966290995e+05 702020.31781029 702020.4846848104   
8501 127515 0.0018991610120653595 1385.2936982537847 702016.0238534233 7.0201603145086253e+05 702016.1424398606 702016.2966230407   
8601 129015 0.0017055166158976502 1343.773730877755 702012.7600198935 7.0201276001989353e+05 702012.9037402357 702013.1837440301   
8701 130515 0.0026395307103036117 1344.705787420057 702008.2628645425 7.0200826286454254e+05 702008.5152855071 702008.9338535654   
8801 132015 0.0033155463627941484 1308.5533531389983 702003.2206319858 7.0200322063198581e+05 702003.6496565237 702004.2382369942   
8901 133515 0.004403845345084067 1298.1715222096343 701996.8170594786 7.0199681705947861e+05 701997.3333376008 701997.6715436622   
9001 135015 0.004659793918273432 1241.9130404677335 701988.2667312096 7.0198826673120959e+05 701988.8833134843 701989.6147552858   
9101 136515 0.005622866673065861 1168.0632500136082 701971.3786872305 7.0197137868723052e+05 701972.0803002538 701972.8490652106   
9201 138015 0.019071861893325118 1088.9533030071095 701945.8490758038 7.0194584907580377e+05 701953.7085819583 701960.2509243645   
9301 139515 0.0163443811211171 952.1659725274214 701898.9451840065 7.0189937406306039e+05 701901.3936367214 701908.8247503032   
9401 141015 0.00775656645755712 884.2050135225387 701854.5109087217 7.0185451090872171e+05 701855.6954100583 701857.6977855908   
9501 142515 0.0070258364299170106 863.6675615200652 701821.7551229869 7.0182175512298685e+05 701823.1679586503 701828.1932668729   
9601 144015 0.010152694055711084 884.0819983368191 701802.4645451814 7.0180288856587966e+05 701804.3855485279 701809.8241977684   
9701 145515 0.006823864806642927 882.1195105276308 701792.3981078416 7.0179263991858938e+05 701792.9394034797 701793.9898214606   
9801 147015 0.005178772031289718 888.9097426360194 701781.9101025452 7.0178191010254517e+05 701782.171477401 701783.5325988613   
9901 148515 0.003959920108790014 864.2539711536659 701774.9385548955 7.0177493855489546e+05 701775.1312619143 701775.6540637416   
10001 150015 0.00358627949704458 891.3772529369685 701772.3172897734 7.0177231728977337e+05 701772.4647157162 701772.7436468543   
10101 151515 0.003017964896722944 840.3332964397025 701769.8819548227 7.0176988195482269e+05 701769.9874821941 701770.2541869633   
10201 153015 0.0022068925006184584 852.503586895293 701767.6670808872 7.0176766708088724e+05 701767.7341357945 701767.8502734342   
10301 154515 0.0026503508093326674 838.7009667835548 701766.6849974812 7.0176668499748118e+05 701766.7343060197 701766.7835773391   
10401 156015 0.0017812820700366288 838.5104799010644 701766.0385619166 7.0176603856191656e+05 701766.0682276961 701766.1043065181   
10501 157515 0.0021584242874824336 839.7553700784329 701765.3687268905 7.0176536872689053e+05 701765.3871185458 701765.4244135276   
10601 159015 0.0017221448030044157 847.114156840625 701764.843707013 7.0176484370701294e+05 701764.8711233037 701764.8936031439   
10701 160515 0.001453856226885795 878.3826092612755 701764.4213722463 7.0176442137224635e+05 701764.4383834507 701764.4493123378   
10801 162015 0.0007754307138259904 873.2842044979058 701764.1589229221 7.0176415892292210e+05 701764.161972393 701764.1654926485   
10901 163515 0.0005943234212296742 866.6021028121885 701764.0908148539 7.0176409081485390e+05 701764.0926129866 701764.0941053161   
11001 165015 0.00021058731229402545 890.5562394776762 701764.0670640559 7.0176406706405594e+05 701764.0672698062 701764.0675527477   
11101 166515 0.00014775347035711383 844.0838445151469 701764.0626188298 7.0176406261882978e+05 701764.0627174937 701764.0628939791   
11201 168015 0.0001669607228034757 819.8681511155478 701764.0557927743 7.0176405579277431e+05 701764.0560327355 701764.0564653086   
11301 169515 9.079367090869073e-05 855.6343251131874 701764.0514514308 7.0176405146677326e+05 701764.0515485543 701764.0518216284   
11401 171015 7.1720400112232504e-06 918.2850083883017 701764.051258429 7.0176405125948729e+05 701764.0512643728 701764.0512809453   
11501 172515 1.2542815932663557e-05 923.3933767458956 701764.0512237017 7.0176405122370168e+05 701764.0512363022 701764.0512724229   
11601 174015 8.046174039328329e-06 993.5256906609669 701764.0512051984 7.0176405120643787e+05 701764.051213183 701764.0512265353   
11701 175515 5.299912915075896e-07 1070.6454492771177 701764.0512003814 7.0176405120052467e+05 701764.0512008449 701764.0512015955   
11801 177015 3.043028426445862e-06 1124.255887755352 701764.0511938725 7.0176405119392101e+05 701764.0511949665 701764.0511998724   
11901 178515 1.6517225165149085e-06 1153.5519681222997 701764.0511917504 7.0176405119180901e+05 701764.0511924755 701764.0511947823   
12001 180015 2.682660932588063e-06 1203.518232296779 701764.0511893239 7.0176405118932389e+05 701764.0511905757 701764.0511927005   
12101 181515 2.3389840801091184e-06 1231.8213149679327 701764.05118693 7.0176405118693004e+05 701764.0511877743 701764.0511896504   
12201 183015 2.4885437437129844e-06 1253.404010374022 701764.0511853845 7.0176405118538451e+05 701764.051185757 701764.0511872114   
12301 184515 2.487289603169642e-06 1349.9706207333375 701764.051184344 7.0176405118434399e+05 701764.0511850539 701764.0511865678   
12401 186015 1.7563652790133342e-06 1380.161379882466 701764.0511830938 7.0176405118312337e+05 701764.0511833599 701764.0511837812   
12501 187515 1.912551700751962e-06 1326.662783832595 701764.0511822707 7.0176405118227075e+05 701764.051182443 701764.0511830031   
12601 189015 1.3402864701822884e-06 1339.2614366308158 701764.0511818174 7.0176405118181743e+05 701764.0511818485 701764.0511821345   
12701 190515 1.578901377191308e-06 1317.9169574532607 701764.0511814787 7.0176405118147866e+05 701764.0511815181 701764.0511817124   
12801 192015 8.25168285406681e-07 1441.4820398297577 701764.0511813143 7.0176405118131603e+05 701764.0511813251 701764.0511813813   
12901 193515 3.3614744056220936e-08 1697.6916741242544 701764.0511812983 7.0176405118129973e+05 701764.051181301 701764.0511813023   
13001 195015 2.4147163687357982e-08 1598.2079284102708 701764.0511812981 7.0176405118129926e+05 701764.0511813007 701764.0511813026   
13101 196515 8.386646292103907e-09 1649.92283469638 701764.0511812972 7.0176405118129763e+05 701764.0511812997 701764.0511813015   
13201 198015 3.7704031762037305e-09 1647.602346583994 701764.0511812968 7.0176405118129880e+05 701764.0511813001 701764.0511813015   
13301 199515 1.2185183836852835e-08 1647.0047419095204 701764.0511812967 7.0176405118129728e+05 701764.0511813004 701764.0511813015   
13401 201015 7.898281711210019e-09 1685.8883086557892 701764.0511812967 7.0176405118129821e+05 701764.0511812993 701764.0511813031   
13501 202515 4.36935430963228e-09 1662.2465812505814 701764.051181296 7.0176405118129810e+05 701764.0511813001 701764.0511813011   
13601 204015 1.2575320863924764e-09 1681.5101838527437 701764.051181296 7.0176405118129787e+05 701764.0511812998 701764.0511813028   
13701 205515 9.802527607598044e-09 1630.9715638318498 701764.051181296 7.0176405118129810e+05 701764.0511812993 701764.0511813016   
13801 207015 4.9380540996959516e-09 1612.1450142596611 701764.051181296 7.0176405118129728e+05 701764.0511812994 701764.0511813009   
13901 208515 1.7043845529069543e-09 1678.3179572004933 701764.051181296 7.0176405118129833e+05 701764.0511812994 701764.0511813005   
14001 210015 2.3791433486128917e-09 1729.612863195288 701764.051181296 7.0176405118129845e+05 701764.0511812994 701764.0511813008   
14101 211515 1.6041453194480428e-09 1702.535033514247 701764.051181296 7.0176405118129798e+05 701764.0511812996 701764.0511813007   
14201 213015 3.097606451873394e-10 1744.1880428257043 701764.051181296 7.0176405118129833e+05 701764.0511812995 701764.0511813004   
14301 214515 8.986182194165923e-11 1763.3377429350712 701764.051181296 7.0176405118129821e+05 701764.0511813 701764.051181302   
14350 215250 5.6614039136758e-11 1759.9187911246345 701764.051181296 7.0176405118129775e+05 701764.0511812989 701764.0511813005   
