% # columns="iteration, evaluation, void, void, void, xmean", seed=43, Mon Jul  6 00:54:27 2020, <python>{}</python> # scaling_of_variables: 1, typical_x: 0
1 14 0 0 0 43.148820162829054 16.87734642103123 12.443246330437958 3.9550926890106637 -28.86899009005102 -35.59301848771389 12.114892467341697 19.053999381134197 25.82558277120097 8.400246448637208 -3.946489062746232 -34.143160012158 10.27887949633308 -9.950192533158672 -33.05566844411864 3.621570201983217 -28.08524980552562 -17.376335289333763 11.298955026000133 19.20483123653839 -17.06837546113946 30.88790269613464 4.937798173596964 16.70227932804547 4.386575544305999 2.537032428001639 34.058210914854 24.004642170433243 11.391346249638303 22.281395244568486
2 28 0 0 0 60.996204383288884 23.523970711952163 -11.963358520331006 13.406458048604545 -64.60391621054129 -29.311322249329372 -8.083816322654009 17.89219974681074 35.16309781549531 12.7071347698978 -4.564519992989553 -47.18703436877135 7.770081268694545 -4.774116440009658 -46.85671349078108 20.127251085418152 -44.42744575822844 -14.411797923423071 9.262153408211548 25.56912183118354 -9.116681259330752 60.87837687990206 -3.165384281277059 15.491966432549388 4.0585007039212595 -3.839434397685667 46.16032246814597 33.09897273690683 38.50968967892769 79.222211005175
3 42 0 0 0 83.94986868332778 15.109914635619267 -30.85627616984009 1.1514121332085807 -65.23521621512948 -61.49929300666079 14.273254936903129 29.47302760768478 13.734073426971982 11.306966571871458 -19.72732731575552 -97.0228168946117 1.079656737551895 -22.820360791040223 -67.54917370681952 30.382976739018325 -68.81430269576687 31.126728570213785 45.5300185899983 24.99830720041836 -15.467405946830539 77.01146773365416 -34.82862744462259 19.517158088092618 -8.868536498540108 -26.27213329545913 38.0889338772287 4.217665584469742 13.435801284338922 71.30503967988177
101 1414 0 0 0 156.86097735217643 97.32594795437295 23.80408914087886 19.73462082778801 -127.83706125719664 -32.45546994315507 -19.26346551196059 -5.180454446773134 161.3085602908045 0.24452258811307215 -56.028454798653456 -58.17711379056913 49.59455088744316 -34.91032432075788 -8.178274846639077 42.94957083811041 -112.18913477253618 -13.725971016413629 40.79860728743998 167.5971640807831 -21.023900698676258 158.12272776825793 -53.11614376907393 33.68875128754958 50.718400145727486 -50.32471156291557 91.24262592528675 60.91185439999016 62.86979464515781 140.22204488354035
201 2814 0 0 0 157.99804991582047 83.98419766270635 -50.86797487256515 18.910884736703085 -128.78486258812802 -23.22789336972903 -5.236008078438246 -5.920978833799771 163.81888003339225 34.687169489939606 -55.69818380017483 -55.908488431278506 42.166438372130884 -24.628722177749875 -3.9948521969516744 44.2112523869179 -91.9962981454736 -21.286420934392343 40.68417798704808 167.3404146018674 -29.166674912830068 156.10217141664734 -54.664741156593706 35.7671135941415 43.73490230469456 -15.004391626431271 100.06746436365059 28.535308639714213 59.67463528611557 139.38293415783448
301 4214 0 0 0 158.55824022938313 83.4777421685223 -59.74163703723035 18.58124605117639 -126.58487102153364 -20.984946654628985 -6.81232237558598 -6.050469920334146 165.03153315907954 46.232761332905994 -55.86822085728512 -55.51401538694595 39.68208750245365 -16.545989244231944 -2.501994197880593 44.481566406472886 -89.18607678472601 -23.232037382126354 39.72749512850645 167.69568708145033 -29.736369029934163 156.9127455891132 -55.46329741047998 36.06491849746988 42.99358601907776 -6.268820254127727 97.71778667831737 28.5579098458708 62.13312353353373 138.78272926985133
401 5614 0 0 0 158.8499121677162 82.87599975076503 -60.96417040658049 18.29015685281697 -127.42550283729969 -22.919146529973506 -8.416230403531145 -6.184533976775783 165.424759618408 48.30390777148976 -55.83331761408258 -55.006888277549464 39.10910025699471 -19.304003019731386 -1.293308980745627 44.87525719436749 -89.39152764229799 -23.501097175843178 39.28449273825979 167.70231025237808 -30.51489215302049 158.52712740655656 -56.041578996434914 36.37441282764249 42.019497295567085 -7.82755981133688 95.3940508952459 28.66794514990859 62.094603623357735 138.58380214228742
501 7014 0 0 0 161.71114660379448 80.48496614249915 -72.63010479798234 15.532878166112331 -134.110664382692 -34.816569766326204 -21.313784934505566 -7.744635450634348 169.39402124450208 64.68000746607082 -55.5181221522447 -50.34510619237681 35.167033564935934 -42.8157464024732 9.89838784207031 48.522778332652436 -91.70452304754662 -29.40378993613487 35.44735926513942 167.73090519796352 -35.78679720763546 166.8908290291231 -61.22997839950395 39.254624254808995 31.167061374763485 -21.02316134056662 79.39028216365783 27.223834669560805 62.65065111628351 136.98399724686294
601 8414 0 0 0 163.4487513677243 78.89041222806047 -80.47854420955834 14.008950110979558 -138.35319284362285 -42.611044398965966 -27.626388009678177 -8.615721795655409 171.70548966763278 74.59948404886181 -55.29177943829222 -47.56816653123925 34.316322644940826 -56.524162676889766 16.676510285404703 50.82740162322649 -93.05105494604605 -32.26817815935499 33.03811266613084 167.84054931060547 -40.353280019533834 172.39194377988002 -64.41259907950435 40.98011888506756 26.306649213117392 -28.219741169542825 68.10362430438366 27.087181263486276 62.663926165098644 135.99234394307868
701 9814 0 0 0 163.61879529830156 76.8793471522587 -83.41192912888715 13.839028943238882 -139.45228626906095 -44.07535438450555 -25.716599800165046 -8.72800291858691 172.13442500394038 75.91147610041264 -55.26814846634835 -47.262338164325755 37.75360832339452 -57.790410719988074 17.36917243512055 51.06028437908468 -93.093029541927 -34.69940400132985 32.78545925313343 167.8510488110105 -42.45385324510863 173.0144755060149 -64.75185512165355 41.187236112823726 27.60830103109315 -28.560118706472146 62.419201960375226 28.35781512320726 61.61811526068995 135.88057253091472
801 11214 0 0 0 163.12579790075623 76.15431181471422 -83.44106666603327 14.314768728853007 -143.9684957065428 -45.35725499094658 -25.79889638698949 -8.46015679683334 171.93849039558827 76.3918993239083 -55.32357235674233 -48.05758095817085 39.257886886992736 -56.138007117021914 15.398500081058934 50.41873162164776 -92.29903967285189 -33.63389328438876 33.460741263988915 167.83659386084926 -42.66419341977042 175.12723579866113 -63.82754409478002 40.67663222224825 26.56212056603073 -30.106129443861736 63.67068902033783 27.970140863625293 62.942744114592394 136.16783554176078
901 12614 0 0 0 159.01783889492742 71.78928853750978 -83.54026238945897 18.154831919950396 -177.98766963090014 -50.9058410952282 -25.37645150857738 -6.309859279453933 171.2739931073139 79.18913944411327 -55.81016513135854 -54.740564699418066 50.53516874722254 -41.31937678160851 -0.6418574911687837 45.09135615405082 -86.50566010023672 -25.71296246238757 39.093374433463374 167.70226222652983 -42.12786471845625 192.45220241588822 -56.30951436069437 36.5438078430453 20.325763228701668 -40.596535847218135 75.3012809325485 26.557166684017304 72.9268725254602 138.5097853178427
1001 14014 0 0 0 158.72513396946422 71.35747496827649 -83.63911539788948 18.435506383241048 -180.6671760381132 -51.44766601054306 -25.4412158168875 -6.156666222164804 171.27044507182188 79.56833895930602 -55.849842681381666 -55.22440242050224 51.42185818750343 -40.39461931340317 -1.825102949049139 44.699481389135556 -86.05604602045773 -25.159201051833563 39.50026402051322 167.69522326049915 -42.13549500134863 193.812293878036 -55.76672994985809 36.226670659525915 19.77466221083032 -41.41157567890391 75.99837251383877 26.424060634410797 73.67950766069383 138.68067266084876
1101 15414 0 0 0 158.4353906818929 70.35277071612298 -83.31518758983744 18.705875213793792 -180.975771447459 -52.25090008730317 -25.667246437377628 -6.005107431797558 171.71670372399902 79.68925027077115 -55.88523088269696 -55.69299319010407 51.647604445167495 -40.79213733016076 -2.9575072476784157 44.326132772244925 -85.23514268516028 -24.322404476728234 39.897990511524576 167.6852259830505 -42.157654211416734 193.06431245313345 -55.23593993923978 35.935001592160724 19.2537724441886 -40.95539410687999 75.8811500305814 26.25564140656082 74.00219874662707 138.84724647707995
1201 16814 0 0 0 156.63864175027376 64.4909764270688 -81.3503621694173 20.39266839204347 -182.20175997530828 -56.53393980497203 -26.655398298101424 -5.062275074118629 174.4452310738558 80.10933302677832 -56.096188176254394 -58.61512224977687 53.02082856657449 -42.8904515792342 -10.000835951566618 41.98898124813205 -80.24717452038695 -19.37253042485266 42.36153456325575 167.63069040206776 -42.55821738033896 188.15824654489296 -51.94034805017538 34.11128280479985 17.072853442347057 -37.85331810890093 75.11913510073869 25.10257572368443 76.00897745073955 139.87587216417506
1301 18214 0 0 0 155.8736321603822 62.20973708592314 -80.50314178012577 21.112359952373485 -182.83584268866053 -58.21788805910756 -27.036206091820855 -4.659673072309956 175.5776893528072 80.24419254084133 -56.18819157773605 -59.861051898213304 53.63545127344983 -43.61826983879581 -13.005086927639761 40.993732377831826 -78.27454225233518 -17.358444259351664 43.41169209290142 167.6073140627646 -42.624930936794215 186.1312583631685 -50.533280066182975 33.33622389843992 16.220653969413483 -36.62561297414215 74.91029951588598 24.61563847540968 76.81337291784442 140.31357258354063
1401 19614 0 0 0 155.24852132288817 61.8937379059035 -80.26152236308604 21.69958483485386 -183.10191979544737 -58.69814237034462 -27.176147929946012 -4.328431571639973 176.60135321587484 80.32671852139624 -56.2627155651937 -60.883004104298415 53.842789158409715 -43.86749798172502 -15.467296673100954 40.17845939878749 -77.80192948599213 -16.435921064453556 44.27524936629486 167.5883457772068 -42.2734216522015 184.5449149881639 -49.38111522829752 32.69793911538378 16.310093213899727 -36.25274626915085 74.83399968993326 24.453757211877228 76.9563786093324 140.6726533905146
1501 21014 0 0 0 152.5979847583318 65.75908832106582 -80.85496579160966 24.187162055973243 -183.22409468895665 -57.07353617514133 -26.99947363821269 -2.9395416761907214 180.13157810828926 80.35814776839625 -56.57702475084737 -65.1874805351992 53.574066493541785 -43.30740362761078 -25.84751266547259 36.73586496577916 -79.6657476469783 -14.77042236394284 47.906447719462015 167.50528898197666 -39.896236732842716 178.8112495306685 -44.51985020342055 30.0151016357766 19.073527568958873 -37.24013956142858 75.0923437576237 24.771138557432963 75.61854455998159 142.18708617874475
1601 22414 0 0 0 152.4108808650637 65.56573624018958 -80.76195958595183 24.363772842573283 -183.49192130212052 -57.244992871754434 -27.01032446274724 -2.840422214364416 180.31744257543704 80.37084346046547 -56.59774133413869 -65.49265235547594 53.72476886954138 -43.261586369152944 -26.58226376154872 36.4919988079187 -79.44956344471336 -14.45674167408636 48.16369299396812 167.5009561238266 -39.83706454943502 178.54547476025667 -44.17690250608224 29.824617772423032 19.018782816869596 -37.17786547019744 75.13842475220163 24.713004961284543 75.69015421491669 142.2951881334165
1701 23814 0 0 0 152.2966866191461 65.65349202048857 -80.80015947383309 24.47171073909727 -183.5285269309246 -57.24282018179488 -26.977353623909437 -2.7794847776154974 180.32874715316316 80.36062617232469 -56.61264584660042 -65.68082474925926 53.749762849147636 -43.177795298109466 -27.032325770458378 36.342591151644775 -79.51074649127325 -14.390684671077603 48.32218405188668 167.49761362831433 -39.83336506317918 178.4905366136144 -43.96513330965923 29.70704082518939 19.032756743639613 -37.31515390452196 75.11705008593843 24.646407884219567 75.47404162412415 142.361206809497
1801 25214 0 0 0 150.80988896724034 66.62542137642978 -80.91898032453511 25.86785418647626 -182.4946550760319 -57.127629959382126 -26.57595555502295 -2.000428254931036 180.09752257428218 79.87857376512164 -56.786157531831684 -68.09714320832651 53.77213293187409 -42.55665506267163 -32.86294270332367 34.41111808694768 -80.29468382609184 -13.593088802470895 50.36185712210764 167.45019065310822 -40.03846629020038 176.9811196353646 -41.236035642470746 28.199016726296858 19.4860719628111 -38.34888434992709 74.62404422188051 23.390198248253146 72.26264842909086 143.2128546842336
1901 26614 0 0 0 145.86275179538046 69.6822402680147 -81.44010081994169 30.512441786258847 -178.2264568403171 -56.92796578606225 -25.21196697924779 0.5984227236644215 179.17535769528652 78.19745367923093 -57.374377542044314 -76.14051307824322 53.536840366797975 -40.70910013954742 -52.25445431761402 27.980385656578868 -83.12756072013971 -11.222151796155412 57.14801299204677 167.29846775119782 -40.80838059864314 172.00434440695432 -32.157197951300034 23.185299599904745 21.415880302035752 -41.96280186661294 72.61622196221286 18.995475703404555 61.25019076824917 146.04240189683864
2001 28014 0 0 0 145.77034886098812 67.9251127777926 -81.33213360407557 30.599338143184386 -178.06718507369047 -57.610964833910394 -25.14389801396547 0.6476783707404663 177.99707004740415 78.06645805286314 -57.384023245296106 -76.29332099092296 53.718633724514625 -40.58550882144448 -52.61895456452883 27.85810635943538 -81.72851238440796 -11.56986059966229 57.27524349872384 167.297694155731 -41.75570851930569 172.5104042202328 -31.98535452885052 23.09234716485569 22.37410656218403 -42.176265012975854 72.38052868402578 18.351313364712503 60.995465480226606 146.09646984369348
2101 29414 0 0 0 145.73523396728106 64.97943623847173 -81.66145670090933 30.631849946419916 -177.3824522526899 -58.75310560040525 -24.76354670692234 0.6657145049325038 174.37219188893081 77.70105074514944 -57.388843993683174 -76.35045330255159 53.70495324855159 -39.82296307481864 -52.75877098159003 27.81259453992092 -79.02683080814248 -13.77745767872402 57.32424569421923 167.29616486995505 -44.031691870670386 174.43709076594365 -31.920503009558022 23.055514264355615 25.66981798399615 -43.61762293882273 71.99189539291949 17.21739628340122 59.898166186358935 146.11580543055635
2201 30814 0 0 0 145.2504886398754 66.76484613600732 -81.71408979396061 31.085560611766297 -177.86557667345033 -57.335904546761206 -24.89218442832685 0.9199546446286974 177.12277485497967 77.91274101205279 -57.446795681971395 -77.13547383731226 53.53479133980479 -39.98653207117271 -54.65477149427277 27.18471163442053 -78.81768160042596 -15.427682243690478 57.98778657175139 167.28092501695545 -41.79453584470039 172.11073608375332 -31.03333210289036 22.564134069633237 28.110096777506246 -43.084362649724625 72.48307420732782 18.258679837659262 61.47508540563981 146.39309519807176
2301 32214 0 0 0 145.27962709892606 67.01502894637923 -81.57452169715427 31.05887396591541 -177.86986397426196 -57.475356136929776 -24.982754475810466 0.9054461243139057 177.26005399367247 77.95359647810064 -57.44292327093902 -77.0894472370022 53.638001994188585 -40.20431327655655 -54.54183363870424 27.22163707264171 -78.54331680358565 -16.166193096889796 57.947767001157025 167.28153627826225 -41.14363939588694 172.01246167931683 -31.0862734321583 22.593849800899847 28.429256188756845 -42.89278132539587 72.32148264122081 18.063165047044265 61.70113330611698 146.37642835799494
2401 33614 0 0 0 145.06325889900242 66.29725890680042 -80.00476510006155 31.26178350687152 -177.8179383160865 -61.21205596860814 -25.066294960073343 1.0189482207361413 174.4472209644966 77.40308521591825 -57.46927285291514 -77.44025598884093 55.33812870036882 -40.390061820674276 -55.3881709472578 26.94156045600938 -77.60849897652032 -17.59552192036458 58.24420505729443 167.27491939031566 -39.64617872843068 174.305133101695 -30.689443677022876 22.375014484255875 25.757479532493914 -42.79898584154285 70.75227310343718 13.921054323469678 59.42270688767848 146.50035328149568
2501 35014 0 0 0 144.67777885703097 65.84677973208069 -79.84428626835022 31.622428535938848 -177.41922634786624 -61.09023987309144 -24.98777988369306 1.2201845516952259 175.45912448616198 77.22658938256042 -57.51437429213179 -78.0665098029898 55.513405035655346 -40.367891189347915 -56.89837175365614 26.439921906346083 -77.5112498989108 -17.868099605702405 58.77356362753093 167.26268303575662 -39.833365133817544 175.05504185124667 -29.98255303142597 21.98451539498486 25.77796067411228 -42.95342654196752 70.35908181546564 13.141750538255813 59.19096549963286 146.7206230564307
2601 36414 0 0 0 144.50138318970835 65.71568752535859 -79.73721624146248 31.789564821506314 -177.36092942305078 -61.14617758013008 -24.949946913331786 1.3136971101466337 175.9596305905229 77.12640365361065 -57.53530050339101 -78.35490003812968 55.6486151907939 -40.25852215385968 -57.593091249164935 26.210186576306235 -77.50801854861835 -17.832384369910653 59.015908437383 167.25783480013598 -39.90199877254296 175.57303198890423 -29.657631473542455 21.805008009638122 25.69966252057986 -43.11671040030788 70.23218411150233 12.670434023527395 59.18979996287274 146.8219328096038
2701 37814 0 0 0 144.4663908552416 65.92812207320418 -79.74632674536409 31.82236025575277 -177.0210152094685 -61.489547907959846 -24.845822504499395 1.3321733578786397 175.95667568107214 76.98890906058355 -57.53938885543169 -78.41171358769961 55.67048390557796 -40.136521608399526 -57.730060689686 26.1645013369223 -77.62926906312995 -17.551457769657137 59.06385424885726 167.25678976815013 -39.810049922788515 175.73819560409953 -29.593387284957018 21.769580535244625 25.935218340495393 -43.37859948414841 70.0266657173367 12.247483041987412 59.461236651720334 146.84183787575546
2801 39214 0 0 0 144.45930523186053 65.9420995883054 -79.67376478226596 31.829407135513005 -176.55516576585043 -61.27349485558688 -24.65689803397011 1.335925696233518 175.67622798388967 76.70490185394091 -57.54015173945717 -78.423414236657 55.8402516694658 -39.8116574218913 -57.75823096745285 26.155299105757884 -77.4358810330145 -17.557465908769718 59.073501970906534 167.25649540418374 -39.60568326364976 175.7695113290279 -29.58022135347418 21.762069675870944 25.896743602944692 -43.948008522219745 69.65450365322552 11.219483763793523 59.580257675612046 146.84566825513994
2901 40614 0 0 0 144.4074652906561 65.89389637014344 -79.42841117395476 31.877837535918573 -175.87140618387082 -60.877599085070514 -24.373751704137362 1.3629760060336347 175.61321472414315 76.23504767109675 -57.54632114058825 -78.50744275636104 56.310505813091346 -39.342212962608095 -57.96111669571695 26.08785301802729 -77.06166412931259 -17.44703142329937 59.14446679121011 167.2545991857304 -39.420556100930234 175.63991161483972 -29.485095869824484 21.709723296601297 25.490609970872033 -44.85989596983567 68.86867266178703 9.181983451039317 59.84136428764498 146.87574753537655
3001 42014 0 0 0 144.50615935511144 66.3656228254415 -78.86280846809535 31.78516166869424 -175.68023077114034 -60.84063279675721 -24.336223006977587 1.3113828254668 175.6890351099874 75.94585578669853 -57.53460836597293 -78.34714667074678 56.95592894029486 -39.297053094740946 -57.57492689862662 26.21606696490458 -76.73414681340233 -17.417157463733595 59.0094738743003 167.2578940985887 -39.91075284537339 175.53564585824466 -29.66597625216602 21.809723807294155 25.480973040378007 -45.03080966307881 68.18796265855352 7.3882328774204105 59.77281890938533 146.81919013880656
3101 43414 0 0 0 144.5353178731226 66.47575588083923 -78.46761854552976 31.75762232086697 -175.77516223683355 -60.9456909709984 -24.38289243918626 1.2959701964979222 175.80724720962448 75.84738931224693 -57.53099006852001 -78.29940872255852 57.37842776979761 -39.36954022353537 -57.45943870757129 26.25463325179648 -76.89531607871062 -17.569726024446048 58.969157927248 167.25854949710993 -40.14368375850884 175.50323052566716 -29.719907811528458 21.839637122667902 25.530074499565163 -44.923273013099546 67.86387881409156 6.490332442130307 59.71596680821302 146.80245281079436
3201 44814 0 0 0 144.56241424053246 66.09285423109077 -78.09223716952387 31.73216056316672 -175.68127898678836 -60.95786572163501 -24.35241499742743 1.281841211754308 175.7609799727925 75.65105641256135 -57.528081953628494 -78.25564851433617 57.838690342598404 -39.31078492114935 -57.35383325837452 26.289540639569598 -77.38973615266457 -17.685787777722883 58.932242756888016 167.2595538579682 -40.152266829832485 175.28259112343216 -29.769530308007138 21.866858588181884 25.61658952424795 -45.095962408238336 67.39386536435353 5.2244698463884784 59.8414034451089 146.78691305071385
3301 46214 0 0 0 144.75087450669994 66.00590291592736 -77.96282747369158 31.55536923198001 -175.68440867277437 -60.93843650517502 -24.3617028819589 1.1827569314351765 175.80198411903908 75.60967044939835 -57.505737706646194 -77.9490387071083 57.98931313736111 -39.33218977715173 -56.61484060908373 26.53444198070889 -77.46273904034155 -17.4994364409184 58.673505863963584 167.26544571469674 -39.950129755232716 175.30439803056595 -30.11555357708814 22.05797290876833 25.744518753796672 -45.09421818189118 67.2500944378749 4.86216470630035 59.69464205949649 146.67915143394035
3401 47614 0 0 0 144.82417490353552 65.95352394116189 -78.02464390272853 31.48653900270915 -175.64431420668302 -60.986324396253735 -24.334455229455344 1.1442271185053956 175.90555336957007 75.60050658489708 -57.4969983499325 -77.82988379437137 57.937950514486985 -39.2759982642328 -56.32741852315939 26.62979228229711 -77.4136804517394 -17.516668019654084 58.57294733551667 167.26764301810627 -39.93199630216207 175.31550648423413 -30.250039993606723 22.13233793897884 25.777719780860068 -45.17561686716599 67.28060581337067 4.921890167948168 59.594493940710734 146.63720296832687
3501 49014 0 0 0 144.84109375300795 65.96795101457235 -78.04164818425731 31.470619219542247 -175.62869786641713 -61.02623118687502 -24.323195585220574 1.1353368566264888 175.92691026686163 75.59367662941993 -57.494969672878206 -77.80235033734452 57.92602915096707 -39.25371108507228 -56.260977758029824 26.651820272361146 -77.42219885141284 -17.529453918437707 58.54968490944845 167.2681522417479 -39.9379913959818 175.27673047783995 -30.28116464529994 22.149500504703376 25.77114200765741 -45.20553466705864 67.28660159244754 4.927217604688983 59.6019353455373 146.62746938672782
3601 50414 0 0 0 144.84116738519228 65.96803004747278 -78.04179869197785 31.470549510675664 -175.6284705033208 -61.02606924702424 -24.323130532204356 1.1352976573813938 175.92696149926434 75.59365046886151 -57.494960542340834 -77.80222938341927 57.92591009462101 -39.253659034484905 -56.26068520264428 26.651916562106685 -77.42207543324155 -17.529697090933166 58.549582179705595 167.26815459164524 -39.93801126353737 175.27661713843642 -30.28130278606852 22.149576180563603 25.771128890277634 -45.20573237036697 67.28654052697085 4.927289784207144 59.6017022550318 146.62742621997643
3701 51814 0 0 0 144.84116722024362 65.96803014676111 -78.04179985887843 31.470549669455703 -175.62847253299282 -61.026068431552005 -24.323131111819322 1.1352977474500707 175.92696095943094 75.59365176636547 -57.49496056437417 -77.8022296535642 57.925908574857374 -39.25365981259236 -56.26068586613405 26.651916344726825 -77.42207482581253 -17.529697501323827 58.54958241135771 167.26815458506715 -39.93801108116453 175.27661667799828 -30.281302479036924 22.14957600754698 25.771128154179685 -45.205730557088934 67.28654300230247 4.927295918180314 59.60170248581163 146.62742631856102
3705 51870 0 0 0 144.84116723289395 65.9680301545668 -78.04179985612127 31.470549657582964 -175.62847253657068 -61.02606842672567 -24.32313111293263 1.1352977408649032 175.92696094894714 75.59365176693412 -57.494960562911295 -77.80222963298286 57.925908579674214 -39.25365981451941 -56.26068581652718 26.65191636116087 -77.42207482637491 -17.529697499833684 58.54958239397592 167.26815458545755 -39.938011097556945 175.27661668971518 -30.28130250229595 22.149576020357717 25.771128147756798 -45.205730557200255 67.28654299815794 4.927295909825835 59.60170246931695 146.6274263113188
