% # columns="iteration, evaluation, sigma, axis ratio, bestever, best, median, worst objective function value, further objective values of best", seed=44, Mon Jul  6 00:53:08 2020, <python>{}</python>
1 14 52.75718477546282 1.0000483345014077 11114.687473438767 1.1114687473438767e+04 12367.023852003242 15563.481555311004   
2 28 53.227878853712625 1.0702022126153694 10064.88499205004 1.0064884992050040e+04 13341.337425328376 14824.953038239593   
3 42 56.92097388601649 1.083120224535376 10064.88499205004 1.1243318368614380e+04 13308.81056661452 15463.576382502615   
101 1414 6.954605045961188 1.8957182722738786 9017.388655297578 9.4785680217802092e+03 11963.164434422935 13813.884261426612   
201 2814 0.025083366968825713 2.042164679988605 3774.7013486375017 3.7747523435815565e+03 3774.8931926512814 3775.013501321522   
301 4214 0.000176572231067637 2.346836829640573 3774.074512105706 3.7740745121057062e+03 3774.074523817033 3774.074533341067   
401 5614 6.440861808568252e-07 2.307655162301799 3774.0744955667014 3.7740744955667014e+03 3774.0744955669215 3774.074495567016   
501 7014 8.967330405575877e-09 2.6234401138833183 3774.0744955662067 3.7740744955662085e+03 3774.0744955662103 3774.074495566212   
517 7238 6.472601882866255e-09 2.6544528661754048 3774.0744955662067 3.7740744955662085e+03 3774.074495566212 3774.074495566212   
