% # columns="iteration, evaluation, void, void, void, xmean", seed=40, Mon Jul  6 01:01:17 2020, <python>{}</python> # scaling_of_variables: 1, typical_x: 0
1 14 0 0 0 26.088768726599678 -2.059505613328806 -2.35056563328354 29.183071831418776 -9.66909498826816 7.717210881012007 -17.909655754484692 -4.7159446975222945 -15.686830370736335 -53.259369177927624 14.941391563735781 7.719948931103268 -0.36534837370166195 -14.265764115612237 16.60805803490463 37.49867219505183 20.92085848282328 -8.872378428957308 -10.569836612172566 -9.404207922002575 8.499744503284335 10.91480350900426 -11.57267094630311 -39.35721605788148 9.875103202436877 -41.74030860371752 -3.5379969351362677 -12.853464135958616 19.77766493599467 -17.979653951660286
2 28 0 0 0 14.989211604803138 5.041293237919401 35.69033914958808 49.22838614130084 -23.431370858279017 -17.224117090681432 -43.54130035421428 -31.94010667903379 2.7939717282391108 -26.45874820079752 11.013867596705067 22.62707643749556 -18.103694097344462 -8.839671994022689 70.86760903833594 65.23764100527102 24.02206178496335 -5.262419072556985 1.9416639448777993 -11.251147936605655 16.174071663160525 -20.548159922459654 -7.658792484543739 -3.4986585125335807 1.8597845631458316 -56.21031729129941 -21.18327475441758 -14.648415758927978 35.962345809806 -1.2818315085421688
3 42 0 0 0 34.4634773003705 4.281152083710822 30.026044811821986 16.855669244751134 -6.826048047855075 -53.00642688303279 -66.83917092871692 2.040918478580309 29.32317095747563 -40.044109315106745 9.322558643288808 20.774064988458836 -8.405675960452141 9.9085200981306 84.16117524927233 54.852676887274974 26.890353686211583 -11.532793256260463 -15.371703810942737 -46.47975692121674 32.387028290076636 -1.8846557566384945 -12.809127515234664 -9.081631273833214 12.281595421788385 -68.50459195307222 -26.985108251948017 -34.91873567130948 48.12956743073772 16.676162382564662
101 1414 0 0 0 36.22784056847154 -37.25209633645693 61.65892210844776 143.62595046192217 -5.664534944228624 -159.52513584689328 -145.02835682317135 16.09304274862697 100.41460854927045 -84.03552226494318 -50.90061430465333 26.000538334499748 10.659150263713025 40.42766594925193 113.10943148910737 49.92848178358089 33.661329094138814 -71.5561979821638 -36.81215370979079 15.746235642242489 77.37036711953661 61.57864759490531 54.028810310444605 31.048486529025144 -16.404475867087722 -132.61654886467738 47.2936506644534 -47.64629200766418 78.86202871017946 54.688878588807974
201 2814 0 0 0 36.10365465425148 -37.054374374645214 67.4000212157313 139.9484693423216 -2.635030235614731 -156.72773110356286 -145.49045240403345 16.58718374792811 100.66653973872884 -82.32326035368445 -51.28717853258167 25.162822394233476 10.986834096822076 40.175304453363495 113.9214941316921 51.74903190366743 33.509397532010595 -70.76595722376435 -36.86824419522559 16.050504882916503 76.89160350258015 61.60465882650645 52.878162937137155 31.071885870731602 -16.690473770971888 -132.56823660250544 47.65949988572794 -49.12529260884253 82.92226956147411 53.6867309114514
301 4214 0 0 0 36.13583146396733 -37.05991138781913 67.68165565574947 139.6665542070713 -2.245308849952608 -156.77502624683225 -145.69921676447157 16.57485055523611 100.73116545435076 -82.35107360365464 -51.27319396212169 25.203251346536046 11.058648902623219 40.51014964286792 114.41675806087254 51.76137703756852 33.533867819047614 -70.88517967504471 -36.85125562656099 16.033904342334406 76.8301209180595 61.5779782304673 53.28770615478022 31.076499205251732 -16.69556951999731 -132.62686380717065 48.20539654410654 -49.1370492251902 83.28486690677697 53.40824519338889
401 5614 0 0 0 36.13383689059381 -37.08231554209688 67.729126119471 139.5819932257814 -2.080113664760378 -156.77581183362483 -146.51114187543251 16.578940017179 100.55891794349681 -82.34960698346347 -51.258899091951534 25.309985128089565 11.637384307815504 40.87537972468944 114.65256289207355 51.69362890067127 33.531400500675275 -70.76164793868652 -36.88459346262439 16.069509984105952 76.81030968953131 61.59389863324955 53.37636500806422 31.05831831570171 -16.71235361244425 -132.96830179969052 48.50295498968787 -49.14136753226247 83.29192773133235 52.2683349953182
501 7014 0 0 0 36.13471186711593 -37.08364510231105 67.68131392632456 139.62773012070346 -2.0218133932009534 -156.7691547154916 -147.10104702972023 16.571375732426734 100.61720276256248 -82.33607438357842 -51.270612092729664 25.312906624525002 12.075912047142417 40.79491588429333 114.6226189217416 51.68016997465773 33.53412276560275 -70.66589384646028 -36.84381770071579 16.05051406116536 76.83064810754959 61.591121010082304 53.30083446101687 31.069984622643986 -16.700703112418296 -133.1171009701012 48.22672944036671 -49.15761870178918 83.05256429219195 51.50267651876974
601 8414 0 0 0 36.134023106434 -37.0740728179018 67.70157002764478 139.68119016770984 -2.1063388298994425 -156.77870575270978 -147.34410768069085 16.571869199398066 100.6387177253191 -82.34546631528478 -51.262617638493936 25.2763321614018 12.339112891857479 40.63315946417538 114.47588935061344 51.75103947500037 33.53362943637331 -70.75989690947245 -36.84931303711631 16.04838258644022 76.82869674546114 61.592799855784136 53.43046188030147 31.060036065238236 -16.701091991950896 -133.1193046003511 48.22883431184637 -49.14417903273316 83.13246063515665 51.24568171397945
701 9814 0 0 0 36.13432790058216 -37.067439417953516 67.72298122853526 139.66042147355444 -2.1190471590160787 -156.76755121299865 -147.42570065974223 16.571705839974737 100.63625487786572 -82.33943751031555 -51.2751092178137 25.265148466537795 12.419604736884297 40.59207809214163 114.4435612406837 51.762229166361884 33.53394329214344 -70.771106253147 -36.849609439579524 16.048010702626122 76.83273882029373 61.59303012307387 53.43647292264874 31.056600568485152 -16.696883589043217 -133.12285988549587 48.232739684875966 -49.14669044663156 83.16973942820528 51.16766647626311
801 11214 0 0 0 36.13440421465931 -37.07133153273034 67.72363772622087 139.6401245267252 -2.159404603068203 -156.77002303229003 -147.44966946700274 16.571602204086435 100.63643453510468 -82.33685407096189 -51.27370454214429 25.252811149132683 12.478499967571638 40.58743816181371 114.42527079689272 51.7719059375436 33.53396896056528 -70.79080328007068 -36.84879188436774 16.052761366573904 76.83454641060227 61.589210988979495 53.42105019672945 31.063581550915245 -16.698462771033732 -133.11501668620178 48.25997030259428 -49.15212370053591 83.21755188123045 51.16600603245443
901 12614 0 0 0 36.13437199801439 -37.07250047003473 67.71880543515789 139.63212035896973 -2.2050133249230623 -156.77565193344782 -147.44523206380393 16.57170233996746 100.62587876390772 -82.33861886412602 -51.27167364883926 25.24154812184364 12.502520951587755 40.59557620970189 114.43221436888624 51.78349558454493 33.53394945259976 -70.7985755318219 -36.84631381039053 16.0506724215662 76.82906471468009 61.5908038622221 53.35898874139997 31.064662068080978 -16.696144231560243 -133.09789506510367 48.24623496252725 -49.15485521822629 83.23231983403225 51.18541075958257
1001 14014 0 0 0 36.134331092082775 -37.07150213867232 67.71783864974417 139.63192512646575 -2.222308874359449 -156.7762044213733 -147.49855847807572 16.57173056181417 100.62386169789738 -82.33979876144929 -51.2726628760575 25.232490711481677 12.556601721464643 40.599268661102016 114.44936743915679 51.79744991195008 33.53392645448091 -70.8033573410891 -36.846784523045486 16.047381565264605 76.83130486566277 61.59007761783192 53.334208278722244 31.062621758955324 -16.695435178902073 -133.09566651232868 48.25278075381529 -49.15269911169465 83.22637003468412 51.1294882789977
1101 15414 0 0 0 36.13433604874194 -37.072880376593204 67.71162582453366 139.63949978424492 -2.2222493805858266 -156.7753846829721 -147.53765395099433 16.571726184956294 100.62938979691899 -82.33851423636699 -51.27300537056608 25.22734919524627 12.594717989338909 40.60413883248201 114.46769785837895 51.80475625241823 33.5339292333352 -70.80943144988777 -36.84757327499244 16.04621892313722 76.83357626085294 61.589865513851905 53.33261308458824 31.06187994226633 -16.697218640176008 -133.09539893415152 48.26387825718274 -49.15234368961481 83.21717640834319 51.090645241221324
1201 16814 0 0 0 36.134337957506474 -37.072559619359296 67.71099107923085 139.65505519919117 -2.2212488243564525 -156.77410037042924 -147.53705546727872 16.571728481908693 100.62877956596999 -82.33691005304894 -51.273637415201684 25.219480204435204 12.61370312887646 40.608794030904676 114.47510991334659 51.81041620374307 33.53393216804924 -70.82400004238234 -36.847536353555064 16.049495898674333 76.83091659028639 61.591566555475055 53.33428192905408 31.06236731081264 -16.698732298709437 -133.08551853095761 48.26234528002582 -49.152698623404255 83.21540895148178 51.10400210521204
1301 18214 0 0 0 36.134338319579456 -37.072988835375206 67.71564621362134 139.65836083256002 -2.217344049657053 -156.7737826726612 -147.54215582303178 16.571721461249624 100.62994471914027 -82.33697603936977 -51.27401220482118 25.209511631215978 12.644737515944351 40.61175494625234 114.47907856978759 51.81881347874459 33.533933982833624 -70.83261087412261 -36.84721602395342 16.047815646473783 76.83172037721341 61.592049739312706 53.34554140418219 31.063351715111633 -16.69622437740409 -133.0735864729052 48.261860729067536 -49.15342035336113 83.21173220431456 51.116376999195815
1401 19614 0 0 0 36.13433593959617 -37.073288437808976 67.71685469142624 139.65716969276076 -2.2182445663819133 -156.7735157750907 -147.5431603582179 16.57172575110514 100.63057339770543 -82.33857657138346 -51.27392314527214 25.20435333508925 12.658782836297611 40.614649374482745 114.48095851489417 51.823148912075546 33.53392965038886 -70.83301847931102 -36.84680809579999 16.048030714786687 76.83144185515532 61.59139922894908 53.34569101901454 31.06278439203772 -16.69623005577358 -133.0694551886993 48.25680374781572 -49.153044032439084 83.20759728255115 51.12264958965069
1501 21014 0 0 0 36.134335890244444 -37.07322536517463 67.71753395075902 139.65340027691585 -2.2167401104561493 -156.77367512296343 -147.54481641995872 16.57172585244513 100.62935149364996 -82.3383953020329 -51.2743119775076 25.202637444553126 12.664429752233511 40.614307769785036 114.48022156367072 51.82436965499174 33.53392962241277 -70.83109422992547 -36.847378275158775 16.0482599234941 76.83176114138165 61.5914983490045 53.34602859529194 31.06211007378947 -16.69661356079615 -133.06772762414082 48.252932281788944 -49.152717999765926 83.20533354400176 51.12302555228185
1601 22414 0 0 0 36.13433574903052 -37.073193223729476 67.71737146211424 139.65121305721678 -2.2151182782414383 -156.77373305968365 -147.54561701922654 16.57172605506238 100.62907531889171 -82.3386109693475 -51.274273615727495 25.201891625504178 12.667082147453865 40.61685214336431 114.48083214801368 51.82504831609975 33.533929536683175 -70.82974627391893 -36.84734257058754 16.04842417193139 76.83209374288037 61.5913139246294 53.34502369406697 31.061977529356156 -16.69656478802452 -133.06662029927574 48.253781787626586 -49.15261323974561 83.20425442578477 51.123684321014615
1701 23814 0 0 0 36.13433582188241 -37.07331979759348 67.71780395693628 139.6500956057398 -2.2135898381653476 -156.7737724450168 -147.54657637194776 16.571725957710957 100.62939269344912 -82.33852082177417 -51.27399301893754 25.201461400004035 12.668957587991239 40.61725856624187 114.47972911053331 51.825639676883554 33.53392960060623 -70.82905329812846 -36.84725237273365 16.048581378260558 76.8317368589999 61.59142781687636 53.3451434894153 31.061943842302096 -16.69655142919617 -133.06618639266597 48.25504748601757 -49.152633623233044 83.20436737152262 51.12316286240153
1801 25214 0 0 0 36.134335805157995 -37.073298753283396 67.71799380913713 139.64971730162836 -2.213404141607665 -156.7737774008365 -147.54674253584207 16.571725980302553 100.62939693094525 -82.33853830690694 -51.274098557611026 25.201372257235082 12.66903887136465 40.61709362343307 114.47898537015712 51.825886032947736 33.533929580228836 -70.82892325720631 -36.84725160341652 16.04854791686846 76.83157496345521 61.59143071759844 53.34468488837061 31.06196186304998 -16.696440313027182 -133.06613991415668 48.255132349150806 -49.15262232664169 83.20430954303822 51.122931689178245
1901 26614 0 0 0 36.134335809445616 -37.073307135920096 67.71757701961147 139.649851412933 -2.213298469630454 -156.77381083480378 -147.54764884888237 16.571725971431945 100.62957566646917 -82.33854394578984 -51.27413297513789 25.201291049020984 12.669662809729639 40.61673680151426 114.47842017728932 51.82607568295251 33.53392958615636 -70.82908394164471 -36.84733279233406 16.048535183519917 76.83157191821566 61.59140443141427 53.34463112911735 31.06197709728511 -16.696517647210648 -133.0662342215653 48.255612497006695 -49.15263235851475 83.2037099495519 51.12205122130267
2001 28014 0 0 0 36.13433580694122 -37.07328330708555 67.7174554968557 139.64985045634467 -2.212979012982655 -156.77373475943662 -147.54785736201927 16.571725972523055 100.6296087372927 -82.33855944145228 -51.27415842678611 25.201207143916008 12.669918511284276 40.616734694180295 114.47793153213358 51.82610537825183 33.533929585811215 -70.82906629265163 -36.847303276948644 16.048560587040072 76.83154621119434 61.59140850943908 53.34453751999183 31.06198837360857 -16.69648875134435 -133.06621928157242 48.25602086297082 -49.15271726334563 83.20348623842897 51.12188942195853
2101 29414 0 0 0 36.13433580719346 -37.07324536428011 67.71719773377835 139.64997333316336 -2.212961739007759 -156.77378067666572 -147.5478196212623 16.571725972187203 100.62954656948818 -82.33856360558674 -51.27416434624887 25.201212026231534 12.669935002391338 40.616569861317245 114.47768697743726 51.82607291970922 33.53392958392529 -70.8291013410535 -36.84730345516308 16.048551325591397 76.8316019649375 61.59142171709543 53.34455762011353 31.061984404007035 -16.69650479538327 -133.06619239795873 48.256034831437624 -49.152722880481605 83.20312823106694 51.12195485889723
2201 30814 0 0 0 36.13433580857751 -37.07322589914463 67.7170300119186 139.6499128708786 -2.2129274855236805 -156.77379526350668 -147.54743016938355 16.571725971677036 100.62951802369413 -82.33859477069426 -51.27414930459981 25.201174927074355 12.66988511217472 40.616380189765515 114.47756611550217 51.82605175469907 33.53392958538866 -70.82925430525705 -36.84724613184361 16.04853568124395 76.83164139581241 61.59144745215656 53.344567779037156 31.061955294639176 -16.696512267613087 -133.06606984774643 48.256349868246105 -49.15272972336593 83.20301302041801 51.12246796527753
2301 32214 0 0 0 36.13433580921516 -37.073254913818516 67.71699372829971 139.64974343369823 -2.2129692385284896 -156.77377076171115 -147.54709963875166 16.57172597157907 100.62962643624896 -82.33858352433907 -51.27413326777573 25.20121064005612 12.669583145289401 40.616184262885376 114.47765222779738 51.82600564966219 33.53392958536197 -70.82936377192401 -36.84726326233206 16.048517582205104 76.83163617811786 61.59148710945227 53.34436851094867 31.061967328785297 -16.696490527148942 -133.06604085814487 48.256448449846104 -49.1526709103813 83.20290728438584 51.122815867425906
2401 33614 0 0 0 36.13433580913021 -37.07325848738584 67.71697094729981 139.6496804770661 -2.2129812180415307 -156.7737838935413 -147.54702526616825 16.57172597149078 100.62960782204215 -82.33860177197873 -51.27413030666001 25.20121108033393 12.669540328189704 40.61613550746548 114.47774026310174 51.82598555931121 33.53392958515502 -70.82946949512531 -36.84727309084437 16.048526746446292 76.83164188553604 61.59149739399533 53.34426740785652 31.061972975896474 -16.69647002230854 -133.06605153062975 48.25654567269211 -49.15266128196441 83.20286862510605 51.12290404376152
2501 35014 0 0 0 36.1343358090201 -37.073257028796725 67.71698241395822 139.64961461030745 -2.212958204908028 -156.7737909474609 -147.54688220496166 16.571725971536537 100.62956011589638 -82.33859579248376 -51.27412670243043 25.201256251362732 12.669332213929104 40.61608223510319 114.47782951265462 51.825929794401105 33.53392958523001 -70.82954366211435 -36.84728816957838 16.04853195725064 76.83164772959748 61.591493405356 53.34426712920868 31.061982347281603 -16.69646363826325 -133.06612353734036 48.256575963161474 -49.15266733869812 83.20283933155329 51.12300518639228
2601 36414 0 0 0 36.134335809076305 -37.073259169337724 67.71703373405074 139.64953867838008 -2.21289120920367 -156.77378934961783 -147.54689009749745 16.571725971507153 100.62953905579457 -82.33858255976892 -51.274126126277466 25.201265507012458 12.669293757943844 40.61606287915332 114.47785447855692 51.82591738669512 33.53392958527461 -70.8295551089897 -36.847274488232 16.048525244546415 76.83164975474854 61.591479869076224 53.34430485435311 31.061988321428966 -16.69647072675552 -133.06614443733835 48.25656888506245 -49.152677257170296 83.20284321598533 51.122983053638414
2701 37814 0 0 0 36.13433580904829 -37.07326021580522 67.71705101626009 139.6495114902041 -2.2128413972915677 -156.77379023236693 -147.5469372522958 16.571725971528604 100.62951622198356 -82.33858368556008 -51.2741272000178 25.20126036167487 12.669343867628003 40.616037848302106 114.47784282597732 51.82592144495493 33.53392958524337 -70.82959329679925 -36.847270279499845 16.048530033446948 76.8316493690283 61.59147350184373 53.34431267071386 31.061999643543547 -16.696478549969054 -133.06613846102795 48.256546385439854 -49.15267810889581 83.20279348862702 51.12293342283463
2801 39214 0 0 0 36.13433580905007 -37.07326075399691 67.71706397409388 139.64951294766567 -2.212834092793156 -156.77378694715182 -147.54697992048082 16.571725971520323 100.62951483670966 -82.33859099567823 -51.27412235913167 25.201256129344408 12.669382851972502 40.61602454541198 114.47783411458623 51.825930400445245 33.53392958525141 -70.82961917049808 -36.84726759373672 16.048530783926548 76.83164560920254 61.59147454046887 53.34430649305029 31.06200986282822 -16.696477573838482 -133.0661295771955 48.25652975314246 -49.15267232826286 83.20278649525662 51.122879626195875
2901 40614 0 0 0 36.13433580904943 -37.07325713568757 67.71704542278779 139.64952408945777 -2.212808990814947 -156.77378541757093 -147.54699172537573 16.57172597153389 100.6294996636984 -82.33859079093885 -51.27411945309012 25.20125984214425 12.669376484163152 40.61604265113199 114.47780908892881 51.82592977619439 33.53392958524408 -70.8296363530203 -36.847268757670676 16.048527245711984 76.83164259549386 61.591479682229014 53.34431536353998 31.062007055555085 -16.696478288138895 -133.06613563883863 48.25651202347135 -49.15266931897752 83.202814740917 51.12286253928607
3001 42014 0 0 0 36.134335809043996 -37.07325927563641 67.71700704895052 139.64952343436292 -2.2127872603406744 -156.7737836795192 -147.54698410086004 16.571725971524227 100.62950302113593 -82.33859405255718 -51.27411672864606 25.201260960173464 12.669364663668711 40.61604377002843 114.4778068917423 51.82592428953019 33.533929585249815 -70.82967430778243 -36.84726736661338 16.048529825975635 76.83164673108905 61.59147894738432 53.3443081780883 31.062002863630088 -16.69647659514196 -133.06614377836215 48.256486981788825 -49.15266710985664 83.20284114509133 51.122866683819616
3101 43414 0 0 0 36.134335809047414 -37.07326130639641 67.71699673945949 139.6495168861649 -2.212780414785098 -156.77378469781334 -147.54697770960973 16.571725971521758 100.62950518402774 -82.33859574371851 -51.27411749462132 25.201262875389656 12.669357387204615 40.61604745924423 114.47780844347423 51.825925937204 33.53392958525401 -70.82969649005237 -36.84726751923685 16.048527778927827 76.83164705622734 61.591477618223095 53.344301037776155 31.06200403510998 -16.696477463958857 -133.06614159527786 48.25647334270467 -49.15266951564943 83.20284198593484 51.12287338857592
3201 44814 0 0 0 36.13433580904794 -37.07326159170468 67.71699344354441 139.64951595635588 -2.212779884124933 -156.7737846043508 -147.54697601726903 16.571725971522557 100.62950667053846 -82.33859439853963 -51.274118384067656 25.2012644660372 12.669353985270144 40.61604980377196 114.47781144053323 51.82592480376556 33.53392958525369 -70.82969823450735 -36.8472672764744 16.048527702930375 76.83164612222788 61.591477709602856 53.344302154867805 31.06200380655743 -16.69647749194172 -133.06614214116567 48.25647283969508 -49.15267000601918 83.20284098543891 51.12287394055734
3301 46214 0 0 0 36.13433580904888 -37.073261334581765 67.71698843018558 139.64950938616053 -2.212782940861206 -156.77378526954897 -147.54697528052967 16.571725971521417 100.62950844446428 -82.3385946118737 -51.274119026983826 25.201265447861264 12.669350541965375 40.616053156536346 114.47781264083002 51.82592326365609 33.533929585253695 -70.82970116609579 -36.847267408941434 16.0485275796397 76.83164536669312 61.59147739885397 53.34430615459289 31.062004001198545 -16.696477313003257 -133.06614299609987 48.25646907424404 -49.15266994349064 83.20284460057306 51.12287215791066
3401 47614 0 0 0 36.134335809048515 -37.07326107415746 67.7169862472605 139.64950944013637 -2.212785337045338 -156.7737847817636 -147.54698016727855 16.5717259715219 100.62950833522954 -82.33859423225377 -51.274118648428335 25.201264974754224 12.669354483452118 40.61605692961995 114.47781261778653 51.8259237548003 33.53392958525382 -70.82970064926039 -36.84726709936286 16.048528127081404 76.83164527483082 61.591477640157876 53.344306791261616 31.062004021757623 -16.69647721060067 -133.06614278253022 48.25647006070333 -49.15266989755356 83.20284393064694 51.12286665780324
3501 49014 0 0 0 36.13433580904877 -37.0732610000096 67.71698377766407 139.64950672687576 -2.2127877408068306 -156.77378483253713 -147.54698160630136 16.571725971521822 100.62950718633056 -82.3385940355103 -51.27411855604887 25.201264698708805 12.669355136694383 40.61605852979532 114.4778118406273 51.825924345475464 33.53392958525396 -70.82970030094194 -36.84726722276591 16.048528109047034 76.8316453407402 61.59147766461198 53.344308128835706 31.06200406719546 -16.696476882013265 -133.06614276441212 48.25647187907186 -49.152670274130344 83.20284079749158 51.12286450313562
3519 49266 0 0 0 36.13433580904876 -37.07326098472012 67.71698323443451 139.6495066993534 -2.2127880111038607 -156.77378490467794 -147.54698157392616 16.571725971521786 100.62950729839385 -82.33859399864262 -51.2741185713083 25.201264733786132 12.669354954045861 40.616058426563626 114.47781174311362 51.825924353927746 33.53392958525393 -70.82970068122086 -36.847267261786996 16.048528112817323 76.83164532935866 61.59147767568999 53.34430814789856 31.06200401739235 -16.69647688534245 -133.0661429371753 48.256471653283334 -49.15267035064958 83.20284079767697 51.12286440750558
