% # columns="iter, evals, sigma, 0, fitness, xbest" seed=40, Mon Jul  6 01:09:36 2020, <python>{}</python>
1 14 50 0 4808.272338320473 77.57021411366082 58.0173526622019 10.614451374635657 54.95729253830114 57.81351442021262 11.25620268148703 28.59821610595319 4.407054070186969 -7.99358660466118 -79.54696124644336 -8.502700253185798 -15.26741589382149 -24.72955535058838 10.082975590990245 30.698916566521145 45.78900532179834 8.007488249288123 -41.3890419475166 24.41218029821425 1.4170202789499509 29.85649671117932 -0.9190344593061163 -15.861019758587883 -46.428009019236264 15.111226718982717 -27.695913696221435 -44.76442450114854 -40.2635756356034 66.88280902210902 -14.656006559680982
2 28 52.73213151249442 0 4498.730754016005 15.597147773009224 -49.40304506864529 -27.904919126538328 24.465585983561397 62.21791644240525 33.08933889430556 -61.77973653845601 38.65637157571054 -56.48912736531523 -87.82550651467989 -44.93572059271028 -70.112810143269 -87.80302676197411 -98.01648597313553 56.20198827257891 14.665149590469307 89.49334974701003 9.982968147238298 -44.86573793668212 -24.74959059019631 -86.03606041915073 23.348079398590038 -58.40968673702238 -44.77868997155504 -19.586510127856528 -40.455834917998835 -33.80424205150437 -36.34871750712945 55.03305398618646 -8.10784283771154
3 42 56.20846343012799 0 4216.379340953024 15.48061818269436 75.3175351622335 -2.9029067934901533 40.69487001729356 -9.078971413187809 56.027353181440915 -34.94402381038527 72.35207599358154 -62.918574491782394 -73.384346980549 1.3276790065134634 -34.78384133627825 -81.61412369567225 -95.72833619683443 29.888308408184123 30.80177121370714 33.25145619625662 31.096679226867636 -56.515730859741105 -3.296249175047998 -37.28362485272616 13.738583359909192 -39.18094753420199 -48.080636596345116 -1.6437390491763182 -29.184362887240706 -67.59655098709305 27.5193071254088 58.87071758724315 -29.156357313591545
101 1414 0.5411391565035115 0 2907.083624875203 61.19228397214875 87.01817779279665 -92.36529310605202 -88.5941652511761 96.15100745725337 71.4532077053458 -59.58038247092139 61.98438510068374 -97.04520280016126 -44.01378371014832 84.25080604421436 -74.34742185060816 -52.496777359620296 38.964551895780716 14.784317261100426 -58.43267880053687 42.94360957507501 -46.57882118518381 57.42749664720773 -44.114640991098895 -16.87922161887517 99.99985446107902 -33.798090447878415 -99.87273127601988 -60.782583487994394 -52.89477389008883 -94.15375133707234 78.73235294826208 1.352616590572692 -69.37318563177128
201 2814 0.016394330868390764 0 2903.9941314763355 60.50073390569674 86.19020755654009 -92.52118199709743 -88.88446675983347 96.06791858307777 71.37204611799929 -59.682550183529756 61.968858400892536 -96.68104011978915 -44.64829183296496 84.40878640805974 -73.91282078135963 -52.9293244787728 38.52003529539937 15.815632860311382 -57.990782635089516 42.35118600223843 -46.72589477883656 58.126107165875965 -44.55224516092113 -16.88492576289463 99.99999684366855 -32.88703844635173 -99.60360786842676 -60.45758052443192 -52.79157323312853 -93.91371137943779 78.78178903970502 0.9072110454279501 -68.72352135558468
301 4214 0.0018396619062341275 0 2903.9862613856712 60.4923531991844 86.21149737958817 -92.51342482922718 -88.86149492194251 96.09003777347345 71.37987554462708 -59.70249289606077 61.99014158548653 -96.66846215288243 -44.66712320849987 84.41600746655139 -73.9355419106059 -52.92418036289607 38.51182066956963 15.81592168618738 -57.95689166006195 42.351507574484195 -46.737743317857905 58.13318381088092 -44.550048488321494 -16.894488764479878 99.99999985094024 -32.89219353097132 -99.69912196507615 -60.47416384134347 -52.786759209414015 -93.93949213496643 78.80128398870647 0.8975755382541147 -68.71017046098729
401 5614 4.387357559782798e-05 0 2903.986236493907 60.49207233270361 86.21338253660596 -92.51363319375034 -88.86313405340836 96.09006417901932 71.37971612093813 -59.70096749652393 61.990833017817934 -96.66813093463807 -44.66663511213004 84.41297448036701 -73.93639702433117 -52.92396082893751 38.50971900321872 15.817598748801856 -57.95480237048163 42.35090983810942 -46.73754541162032 58.1337770346123 -44.54995558995401 -16.89536093844813 99.99999999981564 -32.893300632609034 -99.6990380050976 -60.474723140996396 -52.785839739063164 -93.93777357648263 78.79887019578939 0.897288001219278 -68.71253551871881
501 7014 7.494811412453459e-07 0 2903.986236483346 60.49207688855881 86.21335113945995 -92.51364383614997 -88.86312671406654 96.09011166405094 71.37970027753926 -59.70093432419348 61.990857064220656 -96.66810253512861 -44.66664938334699 84.41301779252416 -73.93635302652899 -52.92395321602487 38.50969601759988 15.817611598498189 -57.954814112476654 42.350869334169914 -46.73753042256729 58.133730871773146 -44.54994906044803 -16.89539712617357 99.99999999999997 -32.893309978214745 -99.69901826392213 -60.474731349386055 -52.78582222375027 -93.93776258449688 78.79885342223261 0.897298926634784 -68.71257089840883
525 7350 7.0373251810782e-08 0 2903.9862364833425 60.49207658800521 86.21335187006858 -92.51364308693219 -88.86312759403465 96.09011234963566 71.37970004297257 -59.70093379131073 61.99085662472706 -96.66810234074269 -44.666649607860734 84.41301801879699 -73.93635345547092 -52.92395363287446 38.50969583225864 15.817611008127557 -57.95481392563547 42.350870023921885 -46.73752980966833 58.13373019669063 -44.549948816264305 -16.89539780286837 100.0 -32.89331122973264 -99.69901874169778 -60.47473181569534 -52.785822441101146 -93.93776138811573 78.79885394138634 0.897298833884277 -68.71257042717308
