% # columns="iteration, evaluation, sigma, axis ratio, bestever, best, median, worst objective function value, further objective values of best", seed=49, Sun Jul  5 19:45:20 2020, <python>{}</python>
1 10 50 1.0000450010125153 2694.690509523638 2.6946905095236380e+03 4472.75865657012 2079482.1797282156   
2 20 43.758665952147375 1.1569151533858963 2639.587752993235 2.6395877529932350e+03 9436.968903477169 483291.39592980227   
3 30 37.28867540456961 1.2344563470336558 2639.587752993235 2.7200157381615199e+03 9438.861191324662 135287.72211088982   
101 1010 0.010882198361348846 24.01531806311551 1782.9317211967902 1.7829423455542251e+03 1782.9799042437237 1783.0260133387385   
201 2010 0.022994538793995205 822.6313653249485 1782.6784606022748 1.7826784606022748e+03 1782.7058149371971 1782.7579162058341   
301 3010 0.012476928238958924 2968.67046119239 1782.2239520186076 1.7822239520186076e+03 1782.2263358466146 1782.2290742882644   
401 4010 0.0001944562052738881 8.586182747714979 1782.218350710197 1.7822183507862367e+03 1782.2183516638202 1782.2183544958841   
501 5010 3.4250928962669015e-05 222.99023030279693 1782.2183448830483 1.7822183448830483e+03 1782.2183448893259 1782.2183448946453   
600 6000 3.8794228447271595e-07 3293.329104396074 1782.2183448511414 1.7822183448511432e+03 1782.218344851146 1782.218344851149   
