% # columns="iteration, evaluation, void, void, void, xmean", seed=38, Mon Jul  6 12:18:53 2020, <python>{}</python> # scaling_of_variables: 1, typical_x: 0
1 14 0 0 0 30.612491411948753 -16.94516759049063 41.356150450251995 45.25928296741987 -14.913750891100047 13.898535059603448 40.91568523566588 8.19225481483582 -50.48793967016856 -10.114129018671289 -7.03477726552031 -1.7932737215222747 43.83101665604853 24.400066082178103 34.67886497874791 26.437752775236273 6.2963686697040355 2.0128390551970172 -3.246685955838875 36.524295036638655 -8.205470111478123 15.833067011851398 -4.710454807846913 23.163114785668757 -4.329041680333839 -19.39183365861494 3.829083355826678 7.579483659499308 -31.222912794237338 -23.955019403182224
2 28 0 0 0 46.36250812369405 -2.9326700393095777 43.65679763928014 21.866717380985452 -9.706260566385673 56.098117844446385 30.778812993786474 -35.906948465374704 -41.90109048147065 -22.60670419848184 23.668130942760023 43.40121699545266 61.398649337124105 43.07073116712116 51.435537211498385 22.534421908813506 39.18000175008089 31.868660826254896 -29.753039846469832 15.243620273269428 -41.59371989719221 23.054243218121446 -6.491513229495923 17.433544626494655 20.494354036030586 -7.259920156963176 -32.10065080233444 1.36850303120314 -17.307158334188895 -24.903205181693785
3 42 0 0 0 33.44889688000721 -26.909606276011118 48.683725463236684 -1.7670113385177153 -3.735228768418011 85.89907714733575 -5.544121449642539 -14.619403762769672 -29.607698860540115 -4.33997114264923 34.273481213399855 102.90075479598426 75.1805832328862 45.66902655990064 83.46180484368429 35.210161805456785 17.75937095045161 59.04616951956627 -46.59574864578377 17.993522185768217 -48.571320323369214 27.306613736583824 -20.428587354877973 -0.7188960033800811 38.574438824063755 -23.223750451507748 -64.92010778879819 10.568331092529853 -5.160133976869929 -30.110381834713653
101 1414 0 0 0 -206.680720806791 -204.8738211294725 -30.64791572111801 -5.688978395656384 -5.109512792771709 81.55278889592638 -10.125442399173581 157.44900900216612 -57.009686236629136 30.299785877976003 -95.65399763156766 193.26187560632883 200.23581467384977 144.4457673248861 190.34509497749295 153.16885982665488 86.8523517613395 83.05141455862027 -80.80868604606394 157.88032890709408 -52.47023155646038 -119.84703553283593 -54.995740867146964 -44.029843447914224 28.015705252558284 277.77860235631476 -172.95808331634743 -61.25819239546358 130.19212409964067 -63.11831037590274
201 2814 0 0 0 -241.53651945391357 -252.63873267213845 89.21080799014204 0.35174925170370575 41.901408944287965 148.60182794174358 -61.58844693523437 201.57883121101605 -48.345693972119854 15.512178932073022 -50.662004168244586 168.3182147387932 209.8700081103409 137.89122776624018 194.54568057120227 154.69128365903853 99.73586923713329 111.05580725789012 -101.23502728181245 129.77412410809472 -64.24212796214208 -80.61652447460361 -47.218553357610965 -22.251397938811703 9.401577643493885 176.52462911173913 -147.3757347834886 -64.84761251688697 193.57489594079277 -52.32081991387307
301 4214 0 0 0 -248.11341287472382 -304.26765175889915 51.252111891786036 54.633919627197265 42.253186719802336 134.02960468792145 -80.88588072880606 216.76196640583402 -33.297903206310316 30.150301069448687 -71.5081662583907 200.36789800466943 206.71802747330193 186.73721470921726 154.1994926624012 151.20606323220966 136.88964832021136 60.252001950471346 -80.5792215722928 214.69811631880503 -75.7227401274031 -117.54538843659495 -52.03407789695109 -11.596406142484895 -13.717680674356517 222.33089699896465 -129.40225536154608 -56.75289756235768 212.83694723800187 -12.765824191046535
401 5614 0 0 0 -275.9929843486911 -314.4351070041129 77.57409608905496 73.56299488931029 41.94494178964151 143.16040315492344 -96.26190682258525 215.88055293550184 -32.1326607210536 32.730017036383835 -50.671239605423686 206.3839202236556 221.09861919598032 222.22385483187296 162.5017316807968 161.81234867712058 157.12704190673648 52.14000330182721 -96.91383768378843 232.2418182953184 -68.70032266748625 -116.64622508886107 -84.79396727801259 -22.82507876348804 -13.7460690041335 211.59265179896943 -133.37916708589486 -39.905986233791694 202.6571793460261 -7.895230820033315
501 7014 0 0 0 -306.8636876046385 -305.28614046847224 72.0210370288219 85.00957636892387 40.861620637813964 134.07512801546397 -86.57982955105616 217.6245447230332 -29.411662169383845 35.659823037238084 -57.42173476759125 210.55090557039156 219.5408223627041 246.66504312119304 132.17274113924822 159.2386762118025 132.678855482219 57.069805636670026 -111.53480354818473 259.7680321721374 -70.12492954023375 -118.28906229917202 -104.26192210369086 -17.96264502194707 -18.836791919927286 189.66643110608942 -130.97015094173165 -63.157001850162715 226.18052679645234 15.924509545954264
601 8414 0 0 0 -279.51032176025063 -283.6528734226097 89.47606677215086 95.4334031804425 45.601898629370524 131.5795560703864 -100.9517241298061 217.66021635233471 -31.72301203278458 32.733033532476405 -115.60055660578004 188.40155682838582 206.3880021074755 231.8364995824939 152.31535307724093 141.7000355270612 117.81388567139271 39.86509929430895 -98.11709933428264 267.59426796399146 -64.41522531093916 -98.10367126438675 -100.60845668225971 7.450014738625297 -10.886397199904142 200.4275689557365 -134.76535166542962 -57.50973190810053 249.65183465861446 -12.551303406715867
701 9814 0 0 0 -287.5184495700067 -251.99185508510462 58.80831896332794 96.96787123673126 51.55242912117042 123.47367130570301 -91.61278965413648 222.45932334969396 -30.47230522629753 34.278527100275575 -129.40041966604392 184.84689527452133 189.56462344147226 228.3217777836952 130.59066054355497 170.59691710135726 105.43768524731647 28.99302030378513 -107.67486367735438 272.8334755555351 -49.47880726576077 -87.24302157446364 -117.74115529592883 4.195275774848786 10.385478821460962 211.8014760506988 -142.20453826564753 -63.9909424794761 257.68481310153595 11.27511968952062
801 11214 0 0 0 -280.6649445744432 -247.33589905263415 56.32408372304811 88.08334302977326 60.95564999840471 126.83494559051151 -93.12030211194791 228.595487487508 -29.423448688167603 35.30302790978022 -128.7245373517126 179.68765400320913 195.30746652078687 231.5704647829457 126.0501398435066 167.6158030133288 107.81813008123113 43.912754640080635 -103.62415435455247 270.16717943188837 -30.105559906735525 -99.19907565644034 -112.5823082969652 -2.5063096756572705 16.041824544961052 224.371884081897 -151.63470942213584 -57.16757732496698 253.32210941758953 4.3249190015518835
901 12614 0 0 0 -275.7166967121126 -244.6866497815132 56.962286852614604 89.05903903213189 61.795126387633076 126.8453321108733 -91.2599477249916 229.20719897962036 -29.30079862977307 35.416553290674834 -126.91035284303895 178.5436211857045 200.2845635185507 234.37077517264532 120.71557348628383 168.82113067112812 106.22500799673988 47.1660990301277 -101.80775775249893 266.2577829183733 -28.340398685849664 -100.44415178341818 -106.32798403592285 2.5957409540967897 15.029812427380755 226.44728105442206 -152.48818307340417 -59.614907833052214 257.59194928710724 -1.124495720872501
1001 14014 0 0 0 -272.9532992292968 -245.32204134069642 55.41937898374504 89.00173357057747 61.688788894817115 126.29964162600066 -89.28105544098472 229.07607190828534 -29.402363348686233 35.2981848710711 -126.21675345481721 179.42178896824703 200.25030024790962 233.4686050554961 121.95654461283696 169.02427577978597 105.65579214842336 47.774430298681374 -97.5332594979201 264.24110871829976 -28.707640729011604 -100.38343867061516 -104.37348916708972 2.402369775570537 15.099423104318696 229.43555528321048 -152.3466213034391 -59.15427361239341 256.5290141424293 -3.582950126862284
1101 15414 0 0 0 -272.8703411088646 -245.45762269113402 55.40956163494357 89.11147265581113 61.638699853595405 126.31196350821129 -89.18681047038783 229.01455313925047 -29.439497513597743 35.252957628875336 -126.27663439094106 179.83306704452332 200.7503474803955 233.44242386142733 122.83746793831004 169.07387510070194 105.44013274625507 47.924302494726795 -95.62086267964918 264.3781796163242 -28.88902703031595 -100.07756237439276 -104.60826415410276 2.566551760120212 15.265120127444453 229.5177916997654 -152.2651151111433 -59.22879639361791 256.46319620807293 -3.0651859469156983
1201 16814 0 0 0 -272.81650720881345 -245.3801334797652 55.407756643017166 89.09857521617403 61.6690169212096 126.32851646942112 -89.03067457112274 229.03685610183223 -29.433973788118795 35.25942131870296 -126.1133466384955 179.59750077704652 200.7977512240293 233.43562294706373 123.12177477436082 169.08233563184248 105.05507588186002 47.71607345287249 -95.58875485576834 264.14641009168133 -28.817660591340637 -99.95651120930765 -104.57871931484738 2.6731924490408314 15.222400972680454 229.61022787022915 -152.30017067571592 -59.12397153952397 256.4924656573177 -3.082816925062944
1301 18214 0 0 0 -272.8347334228123 -245.41242200059534 55.40596481975132 89.10291161051249 61.66792806490181 126.32005606068834 -89.06199984867261 229.03646093598695 -29.433329405317018 35.260212123597405 -126.04906022833302 179.6036813898585 200.86030001933094 233.43096844260805 123.23174546675314 169.07377304723659 105.0813845708503 47.75568638353628 -95.64726582974257 264.06398780155905 -28.817617113753823 -99.98873035885285 -104.54458746386022 2.6639464531806585 15.252247362634915 229.67353003111694 -152.29999037547003 -59.080020177379886 256.4940961066705 -3.107820697316529
1401 19614 0 0 0 -272.82007259092376 -245.414940382622 55.40553189193129 89.10053470867781 61.668483274089894 126.32117081988385 -89.06727128759769 229.03670709735127 -29.43337875748521 35.26015816087709 -126.01856917796653 179.6065485503121 200.91956210753327 233.43527248083757 123.27489014893123 169.07436333488346 105.0611170788355 47.77188640905618 -95.64136517833556 264.0048011582324 -28.816915126443604 -100.02613453262305 -104.45409068106083 2.673909877888427 15.252993028016654 229.68718103456155 -152.30034035667896 -59.0505402186117 256.49485870715574 -3.1102160610684986
1501 21014 0 0 0 -268.58454311052026 -244.48665932384165 55.41775365966659 89.14139289671918 61.66755670743454 126.39452466707591 -88.75495658461242 229.04268259863449 -29.41924222706312 35.272569151527755 -122.3030753031373 179.27262319127996 206.0153060734272 233.04064942654844 131.87083649796807 168.8953102302604 100.64698517567064 48.76186724975883 -96.14788509337319 254.56967923966755 -28.82951699563928 -103.87332390737477 -93.55669616873004 2.8660024918738984 16.48319659705473 234.2287967348022 -152.28117199100234 -55.86564566015914 256.52632735396116 -5.248194247185279
1601 22414 0 0 0 -265.9228331241254 -243.76609226105245 56.23729594166103 89.64383440161212 61.6711905687058 127.14978140870465 -89.30779384260568 229.03522247799918 -29.437973535181502 35.25400862860163 -122.95614101852016 176.7794989747283 206.40989090757535 233.74477972207544 132.06496900876826 168.89142279688198 94.58235826367633 49.5225597009567 -97.22138238591249 251.7544840817564 -28.826743909452794 -104.08603250406279 -94.14240497642623 2.278662997093141 15.571887196894973 235.08656626108572 -152.29628785766232 -55.41624532240426 256.079014693042 -5.691809892956242
1701 23814 0 0 0 -265.9649331543641 -243.86529006062474 56.24918824414365 89.65722949105438 61.66808071240028 127.13203207840469 -89.36154396392067 229.03655850025052 -29.433329732447003 35.26019965731218 -122.99959774340837 176.80061108113094 206.44317351084788 233.76840995856085 132.0291205361999 168.89047589792713 94.54288318268843 49.481958829787715 -97.25011768716953 251.78338363344935 -28.817751795657085 -104.10328103120808 -94.14196868950046 2.24600768154201 15.54205453015792 235.19386691458533 -152.29987716778916 -55.328408839808375 256.0802940143411 -5.6935472527283135
1801 25214 0 0 0 -265.970437406208 -243.86375972266666 56.24876287646368 89.65829150301848 61.66826555371586 127.13322655842326 -89.36673934363398 229.03672376972696 -29.43325316378148 35.260293150759665 -122.9921082869885 176.80461867086268 206.45057560977716 233.76855937175915 132.03245814436218 168.89086652934913 94.54022798462346 49.48313991633308 -97.2426151696179 251.77336407683524 -28.81722711217993 -104.10430479167051 -94.13462185738581 2.2497821507723987 15.54817485487091 235.19578988835949 -152.30011499596444 -55.3197718003727 256.0796882389795 -5.687507483064636
1901 26614 0 0 0 -265.9686614430859 -243.8636443502401 56.24882421129133 89.65801389640228 61.66827623639782 127.13294250020894 -89.3678834897008 229.0367230428331 -29.43325447213352 35.260290721936975 -122.99282593367235 176.8025172579677 206.446362415517 233.76896540301428 132.03240771978818 168.891208996602 94.54008599243052 49.48301700083851 -97.2467497940889 251.77090438667477 -28.81720079276308 -104.10764679271108 -94.13428911924952 2.248165874129709 15.54992305331279 235.19795010887236 -152.30012928826542 -55.3193608356164 256.0790680125274 -5.685633284210383
2001 28014 0 0 0 -265.9686669303442 -243.86368505228776 56.24914828293888 89.65766657637803 61.66827524432577 127.13275112770941 -89.36754144593532 229.0367192897733 -29.433255336106388 35.26028720693717 -122.9932562453774 176.8021303416313 206.4460112281118 233.7692593760801 132.03242858027943 168.89105717828318 94.53987425663333 49.48261285309444 -97.24746490539557 251.77109574580084 -28.81721306184668 -104.10837119422183 -94.13398377872593 2.24769799863286 15.549821511779625 235.19726844279074 -152.3001223770293 -55.31915158499406 256.07941032758436 -5.684729168679919
2101 29414 0 0 0 -265.96826266506383 -243.86431831981744 56.249142135221 89.65767214263899 61.66827383583114 127.13297153644844 -89.36702920539143 229.03671905670592 -29.43325629396003 35.2602876990473 -122.99265682872718 176.80206005410034 206.44626738201626 233.76931797349533 132.0319980302752 168.8909140195968 94.53971897206195 49.48324176355004 -97.2475907790055 251.7708418349106 -28.817213540596082 -104.10810802823714 -94.13454626613975 2.2477567069032482 15.549338863599255 235.1977941453204 -152.30012262738313 -55.31918908033046 256.0793478673596 -5.685411728635614
2201 30814 0 0 0 -265.9679686972506 -243.86466073967145 56.24911259852573 89.65767606445812 61.6682738231868 127.13293063890139 -89.36684528314275 229.03671873886327 -29.433256395910988 35.26028745456146 -122.99288339758147 176.80184400180988 206.4464589834913 233.76928490539333 132.03192720474476 168.89096633988473 94.53970469538696 49.483376417953664 -97.24735624791406 251.7705613093895 -28.817213726851385 -104.1081482388261 -94.13439696515493 2.247897392682822 15.54913961795921 235.19782622999662 -152.30012215147656 -55.31905584156201 256.0793357573978 -5.6856229363707955
2301 32214 0 0 0 -265.96777118702795 -243.86471709789288 56.249158332214265 89.65770252058624 61.668273909343434 127.13292548180493 -89.36671572665821 229.03671886030875 -29.433256357071183 35.26028751321579 -122.99313979209222 176.80173119873552 206.44645870737912 233.76928183298298 132.03199187726722 168.8909205308457 94.53961031402254 49.48335853633153 -97.24732497334011 251.77037866682613 -28.817213598812245 -104.10815055191203 -94.13435877275242 2.2479249665214054 15.549059922208627 235.19778114490737 -152.30012214403885 -55.31899466169866 256.0793375119896 -5.685676102022094
2401 33614 0 0 0 -265.967783371106 -243.86474725714953 56.249162582641425 89.65769074423403 61.66827387230513 127.13292241789827 -89.3666673023419 229.03671882141066 -29.433256366748306 35.26028750457197 -122.99314455613539 176.8017401108362 206.44652878370474 233.76928644491102 132.0320434524911 168.89092773305075 94.53959322398909 49.483371514516314 -97.24730987840763 251.7703765817218 -28.817213674210866 -104.108159168691 -94.1343810913011 2.24793954865508 15.549079092759367 235.19774644833282 -152.30012211577366 -55.318978943548956 256.0793465266937 -5.6856906324950645
2501 35014 0 0 0 -265.96779643457484 -243.86476103437113 56.24916271913193 89.65768700304633 61.66827387242007 127.13292582769483 -89.36666423870821 229.03671882168703 -29.43325636463264 35.26028750057549 -122.99314515826495 176.80173789916242 206.4465469240386 233.7692918496825 132.03205503389944 168.89092752429767 94.53959993720531 49.483361520553366 -97.24731547655708 251.7703728490171 -28.81721367744859 -104.10815980620134 -94.13437705450471 2.2479477691921312 15.549083128149737 235.19774119961042 -152.30012211267078 -55.31897454578671 256.07935176061443 -5.685685683422078
2601 36414 0 0 0 -265.967841724641 -243.8649941111377 56.249181857590145 89.65767024279857 61.6682738701725 127.13296445559786 -89.36658250477693 229.0367188251275 -29.433256362484784 35.260287506651004 -122.99309652840508 176.8016878809856 206.44672307122144 233.76931609422329 132.03210103133551 168.89091132287354 94.53959092015755 49.483307108291434 -97.24742786769345 251.7702238124569 -28.81721367133251 -104.10813906412511 -94.13434845027253 2.2479858930783454 15.549123727458543 235.1977245825728 -152.30012211450455 -55.31896938768404 256.07937560660196 -5.685672717104327
2701 37814 0 0 0 -265.96800025677106 -243.865375047825 56.24917061127626 89.65768394105305 61.66827386935152 127.13295520106014 -89.36656049487657 229.03671881623976 -29.433256361039046 35.26028750348023 -122.99322601629997 176.8014371235124 206.4468640825554 233.76929688030054 132.03220397399906 168.89091032433666 94.53969953794793 49.483018644953034 -97.24760177489013 251.77002735728178 -28.817213685830012 -104.10809273489716 -94.13428892433447 2.2481523738755076 15.549328891526436 235.197581921656 -152.30012211403636 -55.31891619940828 256.0793873335214 -5.685668008948369
2801 39214 0 0 0 -265.96799738264144 -243.86555526092536 56.24913732782434 89.65771072856903 61.66827387774903 127.13293917358038 -89.36656812251869 229.03671882121947 -29.43325636021023 35.26028750371007 -122.99327985354908 176.8013542544748 206.44683160440454 233.76931229672329 132.03219667558852 168.8909210610166 94.5397233502608 49.48300994890067 -97.24771474489587 251.76999256032508 -28.817213666385005 -104.10816138993047 -94.13427387528758 2.2481895700017116 15.549365537829493 235.1974947472216 -152.30012211556019 -55.31891056245321 256.07934826190535 -5.685695515338525
2901 40614 0 0 0 -265.96801065813804 -243.86551380747358 56.24913048248489 89.65770039763265 61.6682738727345 127.13294414054717 -89.36654456009893 229.0367188232917 -29.43325636285633 35.26028750342656 -122.9932551026939 176.80135593464934 206.44682594099584 233.7693227143588 132.03215175560703 168.89092020735316 94.5396779507443 49.48306059530326 -97.24774512970504 251.7700697671559 -28.817213675022767 -104.10817785066833 -94.13427787369785 2.2482134469332262 15.549330735827084 235.19746262004966 -152.30012211438313 -55.31894180088312 256.07933865352715 -5.685729103304445
3001 42014 0 0 0 -265.9679769656516 -243.86552941251233 56.24913239755622 89.65770211448653 61.668273872678675 127.13293510363393 -89.36654912063898 229.03671882309513 -29.433256363905045 35.26028750242289 -122.99323774030495 176.8013584332841 206.44684031900587 233.76931931352254 132.0321557906604 168.89090757812423 94.53967569667053 49.483073091018966 -97.24777320686489 251.770026408337 -28.81721367521914 -104.10821140226211 -94.13421691164997 2.248198066184549 15.549306336673531 235.19748204926455 -152.3001221136428 -55.318915546707906 256.079330568493 -5.685741421314871
3101 43414 0 0 0 -265.96798560410303 -243.86554203798067 56.249134215069574 89.65769789260668 61.66827387250641 127.13293240730663 -89.36653358980102 229.03671882278343 -29.433256364146512 35.260287502332844 -122.99322949673358 176.8013661357403 206.44685662667618 233.7693168072218 132.0321555924703 168.890908675845 94.53966938225335 49.48307411347754 -97.24778652478828 251.77003592004039 -28.817213675437447 -104.10820959902907 -94.13422389970901 2.248205197868369 15.549297421827127 235.19747437616707 -152.30012211316958 -55.318922067553544 256.07933139203595 -5.685739783695134
3201 44814 0 0 0 -265.9679871684185 -243.86553851060796 56.2491356951229 89.65769655402276 61.668273872616986 127.13293215040096 -89.36652755534402 229.0367188228583 -29.433256364041195 35.26028750239688 -122.9932127630966 176.80137529542162 206.44686880833095 233.76931506902187 132.03215883246844 168.89090763862202 94.53965651408708 49.48307315274009 -97.24780013146835 251.77002736213538 -28.817213675469745 -104.10820858077498 -94.13421903033097 2.248210652207868 15.54929214134553 235.19748496201225 -152.3001221135364 -55.31892549399578 256.0793324041821 -5.685731530304895
3301 46214 0 0 0 -265.9679906298496 -243.86553488182875 56.249133730393 89.65769684106333 61.668273872519535 127.1329312312564 -89.36652557853961 229.03671882289083 -29.433256364165857 35.260287502433805 -122.993211408035 176.8013720008609 206.44686538623546 233.76931476267973 132.0321549252102 168.89090753815302 94.53965275076652 49.48307272493389 -97.24780700656876 251.77003072490805 -28.817213675414667 -104.10820540139042 -94.13422750050191 2.248213570408528 15.549294678802177 235.19748527297023 -152.30012211338658 -55.31893240783659 256.0793321024625 -5.685728483007215
3401 47614 0 0 0 -265.96799040631555 -243.8655353081125 56.24913373853589 89.65769648908781 61.66827387253437 127.13293037795196 -89.36652176878331 229.0367188228908 -29.43325636416253 35.260287502441976 -122.99321056041668 176.80137212591853 206.4468655944558 233.76931496491903 132.03215546131437 168.89090817048492 94.53965203993351 49.48307256351623 -97.24781050000581 251.77003210732659 -28.81721367538955 -104.10820658795699 -94.13422980248625 2.2482156736754666 15.549293161658179 235.19748809846698 -152.30012211343066 -55.31893263031838 256.07933108191173 -5.685729661123538
3501 49014 0 0 0 -265.9679905446793 -243.86553557781812 56.24913391692545 89.6576964832002 61.66827387253982 127.13292974263673 -89.3665194903475 229.03671882289268 -29.433256364163164 35.26028750243444 -122.99321022958321 176.8013728346883 206.4468653784189 233.76931507832717 132.03215636616008 168.89090849185231 94.53965284067267 49.4830726559285 -97.24781194743116 251.77003284531241 -28.81721367539069 -104.10820768513621 -94.13423075010316 2.248215923702061 15.549292348553456 235.19748894598507 -152.30012211343106 -55.31893124126543 256.07933059134695 -5.68572877135441
3590 50260 0 0 0 -265.9679904665968 -243.86553547992094 56.249134109952884 89.65769651987202 61.66827387254082 127.13292962958855 -89.36651898940423 229.03671882289356 -29.43325636416261 35.26028750243665 -122.99321080328892 176.80137280127428 206.44686619361676 233.76931509386796 132.03215721677546 168.89090841319748 94.53965285128463 49.48307253321524 -97.24781093824778 251.7700322800199 -28.817213675386288 -104.10820761287722 -94.13423016320553 2.2482164406216927 15.54929244684862 235.19748951075928 -152.30012211343265 -55.31892993701795 256.07933069797906 -5.685727632560785
