% # columns="iteration, evaluation, sigma, axis ratio, bestever, best, median, worst objective function value, further objective values of best", seed=819349, Thu Jul  2 17:35:11 2020, <python>{}</python>
1 15 49.13827991028576 1.0000490012005196 73544.11527421349 7.3544115274213487e+04 168189.95569905767 335998.07528568216   
2 30 47.70730209092265 1.0442509514588845 57306.30836403255 5.7306308364032549e+04 143930.00820813235 238828.6442704054   
3 45 48.930072470525644 1.0461883314495106 57306.30836403255 7.4482700662731935e+04 151507.37437342585 374107.9648118202   
101 1515 2.0773742759109695 1.7858489259558916 683.0488824912111 6.8492043104476329e+02 705.5050840907875 715.4807953973286   
201 3015 0.5090892959793597 2.6643191788106755 610.9397357853277 6.1100274705016352e+02 612.312083986763 614.0579652366039   
301 4515 0.3771599701865422 3.83878460549314 591.2242536854523 5.9122425368545225e+02 591.8116404058779 592.1967632831826   
401 6015 0.24984362747074088 5.683371432163754 582.6807190002781 5.8268071900027815e+02 582.8707206897373 583.2601777575626   
501 7515 0.22872677453397625 7.896768840214936 577.9642785971195 5.7796427859711946e+02 578.0829459525773 578.2456072110095   
601 9015 0.2717643145933142 8.733196572432243 573.6863639964264 5.7368636399642639e+02 574.0500298326148 574.2509318559992   
701 10515 0.4986318827339183 8.6007488030367 554.3507325443677 5.5435073254436770e+02 554.9081246381268 556.6111679602844   
801 12015 0.11056309722151235 7.734204476886761 549.8411571988154 5.4984115719881538e+02 549.9015446673611 549.9498566474566   
901 13515 0.027565021799375446 7.707327959987843 549.5249927138434 5.4952499271384340e+02 549.5281185881515 549.5321585266352   
1001 15015 0.045406663141009045 10.13721540300633 549.4235488618398 5.4942584361336526e+02 549.4334633166613 549.4392533868465   
1101 16515 0.06531577924809899 16.514269693845755 549.1901486313791 5.4919254999517966e+02 549.2030421411135 549.2125419385231   
1201 18015 0.09058452135336927 20.511056938711036 548.8708770440894 5.4887087704408941e+02 548.8911901640181 548.9390237476192   
1301 19515 0.03342769262157526 23.633826398897856 548.5907678893441 5.4859076788934408e+02 548.5983615650025 548.6056941028586   
1401 21015 0.1135332298057916 26.82851843338101 548.3775436964698 5.4837754369646984e+02 548.4212953644204 548.4717339254195   
1501 22515 0.23575712949724617 25.307817386635996 541.8231675550402 5.4190389102936740e+02 542.1012599943961 542.3040256374006   
1601 24015 0.14076507663566007 20.97119971498274 539.3613227821995 5.3936132278219952e+02 539.4801029832178 539.7265821444923   
1701 25515 0.4749266636814888 17.692451730629056 492.4535664428755 4.9245356644287551e+02 494.1827992807494 495.35410911307554   
1801 27015 0.5861863342824898 15.555188005279927 456.263226899155 4.5626322689915497e+02 459.62175621177744 462.5060846500525   
1901 28515 0.1587416265508078 13.722379696618402 422.3829033352394 4.2238290333523940e+02 422.50384632063196 422.76557488658574   
2001 30015 0.06782619470848789 12.564981934620283 420.225651492979 4.2022666206584574e+02 420.2539023497553 420.26908762012033   
2101 31515 0.04455059655971446 11.576296876352185 419.8755956621648 4.1988011157463603e+02 419.8842335719496 419.89609079423707   
2201 33015 0.09071815212159948 12.81201307820639 419.546453590736 4.1954688603062880e+02 419.5780948079573 419.60249468973217   
2301 34515 0.096627141585436 18.653047305304465 418.7386188203906 4.1873861882039063e+02 418.79461914980135 418.8656541702664   
2401 36015 0.08061547774434581 21.260117291723677 418.15162943572506 4.1816290173988205e+02 418.18304514783864 418.21306738087253   
2501 37515 0.14894011038094465 24.965176146114395 416.85008715714855 4.1685008715714855e+02 416.9707808169177 417.03998338067754   
2601 39015 0.24771249062818532 25.807362746775862 410.29291818019675 4.1029291818019675e+02 410.53350559451 411.12127034516897   
2701 40515 0.0486590439008245 21.736867958211807 408.1316134701758 4.0813161347017581e+02 408.1468651882684 408.16358619553523   
2801 42015 0.007715601474649791 19.396073001320577 408.0772788586324 4.0807727885863238e+02 408.0775496214592 408.0779233569751   
2901 43515 0.0007718478471885401 17.60658743775488 408.075893056263 4.0807589368325279e+02 408.0758959843332 408.07589894816925   
3001 45015 0.0006286985475788103 16.142415690915 408.07587080367756 4.0807587103634421e+02 408.0758720869366 408.07587353645886   
3101 46515 0.0010471958573364298 15.208939340220049 408.07582730275885 4.0807582730275885e+02 408.07583115081616 408.07583478759636   
3201 48015 0.007225545696066775 27.409713947547832 408.07469276508596 4.0807476179939670e+02 408.07493901760756 408.07502936646745   
3301 49515 0.013313697236390771 35.122545944882695 408.0656139067694 4.0806578078799197e+02 408.066341559348 408.0681394521965   
3401 51015 0.00993848515250865 40.150161374936935 408.051001729685 4.0805100172968503e+02 408.05157062861946 408.05322558686305   
3501 52515 0.029548287604479796 43.741709693689536 408.03003995970437 4.0803099044521446e+02 408.0332393768644 408.0386543639568   
3601 54015 0.014909291237869557 50.36864408345226 408.0135542601479 4.0801383329740924e+02 408.0148478294342 408.02577423469955   
3701 55515 0.08837605578928 61.91889426300225 407.91397840208316 4.0792027589744453e+02 407.94281784560826 408.0182159044984   
3801 57015 0.1817223515832828 54.78511370037673 404.71793913879617 4.0471793913879617e+02 405.0375423271716 405.62284875963456   
3901 58515 0.04552913855522173 45.390762155735814 403.96115616043414 4.0396115616043414e+02 403.9802227838489 404.0094040144931   
4001 60015 0.038158473666351285 37.0292039869481 403.87322162838683 4.0387406424966571e+02 403.8808030413781 403.8959955469667   
4101 61515 0.042340256519915354 31.463734539864173 403.5608918406971 4.0356171865712406e+02 403.5710711243096 403.59011722252546   
4201 63015 0.093101202531677 31.00829371639864 402.955221739044 4.0295522173904402e+02 403.0146644902952 403.1393859903062   
4301 64515 0.06980430203687189 31.043964487040558 402.1789481560078 4.0217894815600778e+02 402.20121881219035 402.2445394632948   
4401 66015 0.08120274316821839 30.763735701580487 401.4492124458823 4.0144921244588232e+02 401.4957675428508 401.55654136085917   
4501 67515 0.06552310142874156 33.421586886410346 400.86410277151066 4.0086723275525617e+02 400.8819339096409 400.9174869010983   
4601 69015 0.02829035436794862 35.3382540303372 400.45298312300616 4.0045298312300616e+02 400.4572500487801 400.46695041229674   
4701 70515 0.04989576039096896 48.01751265468473 400.2350084870874 4.0023500848708738e+02 400.25150750192313 400.2668868767923   
4801 72015 0.03755984068179376 73.40285422890032 400.0520381906001 4.0005203819060011e+02 400.058010408876 400.0641299183335   
4901 73515 0.010333900187629145 106.06054500138086 400.0043502633444 4.0000435026334441e+02 400.005322830531 400.00648087854483   
5001 75015 0.0023511724094914294 126.89733499623387 400.0001643840038 4.0000016627105668e+02 400.0001821015613 400.00021627343955   
5101 76515 0.0005132834580916817 126.71344470839777 400.0000022104098 4.0000000238497569e+02 400.00000320168704 400.0000050716303   
5201 78015 2.194208209913432e-05 124.05037551936513 400.00000001387207 4.0000000001387207e+02 400.0000000167671 400.0000000209845   
5301 79515 6.893583697247927e-06 122.25305170780116 400.00000000041905 4.0000000000041905e+02 400.00000000050414 400.00000000072004   
5401 81015 3.23596902623036e-07 121.02440486522178 400.0000000000019 4.0000000000000188e+02 400.00000000000216 400.0000000000025   
5462 81930 6.415777320193403e-08 121.62615823740323 400.0000000000001 4.0000000000000011e+02 400.0000000000001 400.0000000000001   
