% # columns="iter, evals, sigma, 0, fitness, xbest" seed=721023, Thu Jul  2 11:21:36 2020, <python>{}</python>
1 14 47.03395984085231 0 12172128607.428938 -32.52642792756858 29.485182354424122 51.01322917288644 -5.413943963171282 60.7357660204593 32.39519998369709 -34.46985461309015 57.368777875920095 -55.348891878561076 2.5716774360770076 22.79673837063235 25.604513372231725 10.796679702853515 41.35371268273042 22.666247951307696 -34.11039826788883 -4.925996510661439 -5.515073783007714 14.746697175423657 7.385844063260351 29.460348926050973 -68.21367546792023 85.46122623701908 -84.37275275895212 20.96211135900919 1.8390680312321224 -1.6144885526608903 -6.139999780418367 -38.76329249720346 -75.62982292351782
2 28 45.399040584313404 0 4076838308.168847 40.53317336543249 -2.7870667476906714 -34.47589634213981 30.389054318434077 8.513532897597122 0.6051931932838013 -98.31684998836353 27.988614979240815 26.84938539212391 -10.687880986130061 25.209847911115812 6.729336960186499 -66.18936964176049 -39.13100063883428 22.069107787230948 -30.417025146283315 -79.23416887433007 -79.36987232022264 -60.97021485147448 -21.088569293293755 48.693018327802996 -85.49307376612435 -12.511679860818056 -39.448080697680524 -83.67095010337164 -36.24786005011735 -1.40484802589528 13.996948223565898 -45.182043796744765 -70.61475078461282
3 42 43.666640816940124 0 4285029748.0053797 -33.58719398174411 23.983210987631487 35.294966551487796 3.9779689602097577 11.291970695223538 4.476780027232303 -15.810408052837802 70.3225423792601 -2.8152028830348654 -70.79356484874418 97.70425026586604 -76.88697472741808 -11.323514909658115 -10.899785439916041 27.505806425137138 -32.176127445005804 -12.974074514733779 -63.83991707132358 14.412726934449719 -39.450239526841926 41.608296110210134 -66.58234261394989 29.818100056894604 -46.41536083877841 -98.22788007327523 -25.192202976788153 -82.29551046674545 -8.708778792305825 48.790881900687175 1.0724762309051457
101 1414 12.591177669636037 0 149524156.45936948 -4.953109084380797 -24.338727609737788 39.457585481964465 -41.02865426094738 49.58064079569829 -2.1927478223263397 -33.6845629193845 99.40516446136226 11.386371762865105 -96.97124385315544 73.60732652564342 53.04047989452941 -14.421610644248174 -81.82014695923637 69.58996084758405 -83.34566265237788 -65.02558451386318 39.731401056040006 -42.698624122410024 97.40735433300169 19.932139321675876 -48.15713961839795 94.82794034000148 -16.896769883485064 42.44167272684784 -64.13389386373981 52.20971280449852 52.89873623546838 95.67765410637324 5.766199587374032
201 2814 4.286181944555503 0 10452210.083543077 12.179350452012216 -67.36601414058686 36.904170976464606 -18.004355838544786 27.583648823375057 -1.9040318999460188 -61.07673277857043 88.05011127271646 14.329889680945376 -97.72352109929443 72.04967617003099 50.15601528547873 -4.081271844903936 -87.05110110552033 54.7922814751509 -70.43779944696277 -47.14151574456245 35.81989593767841 6.868255172479934 99.5285562936713 15.382922396990764 -55.67209903691893 83.08815229483692 -88.52733438162643 33.12823826747453 -55.1065804545009 33.11485870677917 29.03840309878501 88.1062715354881 -38.10487325680886
301 4214 1.053183130257623 0 765283.3922373357 -1.7667711946441975 -71.27970512211505 23.336646267917097 -29.417240384520188 32.21686013731073 -1.5128057884488078 -53.143453481973346 96.86040435714965 12.697297398124542 -97.46745789947713 71.42393275871663 50.86025309912984 4.619854382165883 -80.80087415962998 62.47866149951088 -87.20834457785432 -31.597053709137793 36.15492246071668 -11.897277719070814 93.27756631874698 15.171969056982137 -44.29888493118594 79.93708482005403 -85.12212245312806 18.100755994912515 -46.62576258807651 32.14578314006905 41.794462233840605 89.74008772757526 -33.68317721574999
401 5614 0.31912222854118866 0 248116.77820274094 -7.155065125499163 -64.40237689408485 15.18100468778242 -28.622363225201944 33.148890376771135 -1.5246124515031916 -45.4858403884144 98.62182161803784 13.057835637363944 -97.21699732565153 71.09777246446299 54.821176622368114 -0.9457494161708851 -85.17974849126357 59.304012939413695 -87.66889682344545 -31.006624423963054 27.677582051395984 -12.877737014804609 92.16462601940212 15.136906051968033 -39.603758569083695 74.82591274584274 -82.77559836369593 18.90338283147108 -53.04164479765567 35.297943659155806 39.57122806490126 89.37372595064787 -33.31331067603099
501 7014 0.3315915914324508 0 140723.05041482556 -9.908062769344028 -63.61873485413784 8.093212015977738 -29.997313981768237 38.4442686755815 -1.4938202054820517 -39.75592620798938 99.92365955483601 13.017661177978038 -97.27086466862463 71.13049589144187 48.519953629695756 -5.26292411623304 -84.87504348509313 58.354588388407784 -95.03089523869227 -32.62906396165638 26.378222239637882 -6.523874754463236 91.97216428330508 15.242929074236475 -33.790693929043904 72.29537381780884 -75.98452662559943 17.718097133682413 -46.63564958565907 35.50368482772622 44.11882204859574 89.40857717922987 -38.98373496536671
601 8414 0.20275463878960603 0 77323.1338405933 -13.14626709146396 -61.10494785242537 -3.807356200561707 -33.38314041557676 39.63340161908573 -1.3664630938361948 -32.430693448656896 99.642805328672 13.01945711066488 -96.5864495842831 70.85535391733787 45.19250354404275 -12.02386336931654 -86.39336908322056 59.64888515203954 -99.92902510376895 -28.52320129104532 29.23215242105748 -2.1375097994871624 89.47246362810107 15.434426931466405 -24.533540530134623 63.80087859744397 -65.04651818658793 14.455103845444254 -41.57343012993863 36.02099287953713 49.865265864769825 88.72995220964307 -45.55990798216164
701 9814 0.23594728964800826 0 56734.67536932827 -17.001569944038536 -58.84409518339268 -19.45968404971544 -41.252684010729894 43.4315077116085 -1.2577736245389375 -21.99244654330539 94.21357540136363 13.00057070338214 -96.08190986368406 70.61797241466566 38.790295724954575 -19.22277379753723 -90.70370603620785 58.95798422478962 -88.43820214702012 -20.344725309447085 29.77766715652769 3.2511052269427125 84.83712570604067 15.577602128999438 -13.881386218381243 44.99607655253206 -46.45849004935258 9.504755308079542 -31.48496732272446 37.08497241941323 60.502753398782566 88.21784969877112 -59.746430846336054
801 11214 0.13031753325621412 0 52407.84421475263 -20.252758074804554 -54.91704858628992 -33.86454890932491 -47.001492568411 45.53277535839217 -0.9429347943792755 -11.333854363745278 89.26616954240829 12.89209588424217 -94.57572920162097 69.90504211490129 34.392327246364786 -27.54697186165307 -93.66109722116782 56.857441250367664 -74.64019259059481 -14.881022498821423 29.495306661346532 7.675894467271149 81.26076926784569 16.061422498572878 1.1592979480751975 28.741763706529447 -30.96286829475686 5.6420487856358 -21.73974093603199 39.334595258075765 67.64060296063181 86.68403550596037 -71.88616220456673
901 12614 0.2127552564076806 0 50021.66492898031 -22.872152423904677 -50.52802298161939 -48.06137539375741 -50.40563550692586 48.89705011940529 -0.2485621912118228 -0.09339010349259635 82.7270205231314 12.693768996907865 -91.2670227017025 68.37048360373666 30.3234828019523 -35.31077622527529 -95.24840267061671 54.318288893311916 -57.710839131280125 -11.993612730621523 32.58721713561053 10.367918056235169 76.31707555864963 17.084872581928888 16.017844143806673 14.012117689008566 -14.532645355708114 3.82743168222725 -13.097906364155683 39.915207603737116 72.29268211382539 83.30006972893293 -85.54804093390291
1001 14014 0.8493390833078582 0 38018.37785691967 -7.186373163710032 -40.10508904363394 -25.394582215921833 -39.1050765445137 38.875790898054674 2.9839580542442494 -2.949426560800152 80.11605711066497 11.762741490113 -76.15798387002941 61.318670015133335 35.61116757011683 -33.17732275138941 -76.58485562177748 56.17839088744529 -63.09639930472224 -19.902078299111185 53.92693437526053 -1.7640217782456773 78.39150521807801 21.85914667508839 24.252558615355138 27.101116296229883 -6.069342634912506 21.191728634526267 -9.810212121080284 36.292397331556955 49.48273636823698 67.86243162853705 -80.06843518602608
1101 15414 1.0557300951302249 0 10484.62534169665 36.337855644482666 23.980684884857226 20.832922469068826 -17.436375252142426 -13.720421462180497 14.690225407782808 21.091639892057497 93.69835847739623 8.463022137932835 -21.367920091290614 35.755335636692855 63.38991377746757 -53.125830789741656 -34.95236728910901 72.10462942961696 -41.256201138619446 -21.02763138853393 87.3375085086852 -29.14149925865962 81.24384291017746 39.11266493514238 99.87863913994099 4.14502640539282 24.091654934014617 78.46777201743986 8.007548521303484 29.869002028612996 -9.342662355065643 11.8931495509552 -90.8167169227819
1201 16814 0.7305824294684901 0 4704.242092489307 60.132004053127304 65.28040468195351 25.988535016375856 -0.21412939369755168 -46.82107060940601 20.772838252847485 37.579309760851885 99.947378070514 6.72218056709799 7.150028024330531 22.467473817485295 71.27229898984037 -73.81649004606953 -15.685752040513343 84.19270596767618 -38.318010831833845 -25.12315984006967 48.47338991293387 -52.88346515660996 82.85165259639642 48.08886712105572 58.383936537909506 -4.291393891931801 26.48697032282902 98.91495194280098 2.597815379003404 34.38038884056996 -35.29876192398526 -17.23880567885604 -85.11461446290411
1301 18214 0.4258607843908695 0 2351.7043543987306 69.20938377974883 83.51547126315572 7.008234003015111 19.89257359317644 -53.822561145143 23.83527377979994 52.60420729087982 99.85252383734077 5.854555602079097 21.526833315416393 15.753663533887156 64.888372796607 -84.62440615639542 -7.519642601200093 92.32458283913392 -29.127755769872692 -39.864846595373834 36.4753823003131 -67.19657223610898 80.73059324659694 52.62136320298181 31.72582640392315 6.321933901465239 20.212775824565995 84.68583794784846 -9.09557569585344 40.21799959885514 -42.112665729609475 -31.937596268606512 -79.95130514775062
1401 19614 0.18183946942456397 0 2215.838047483871 71.98368007093617 87.6132560989802 2.9613492338335714 24.449117530373165 -56.549571764524416 23.96916600495028 52.23600159809331 99.20279635937978 5.817850047731221 22.152900032557092 15.460767910397138 58.401588409256185 -84.93828884628648 -8.75361337791813 95.63728404709408 -34.28869326142657 -38.5548941652509 37.717230408008845 -69.23537648629872 80.7982037131096 52.82003328680007 31.707761564419343 8.320202764379394 10.940669474795554 83.79393520510052 -11.273518265253118 41.970444077743025 -43.278129936382044 -32.57280178525713 -75.29888945483592
1501 21014 0.10011976485664074 0 2193.397419859659 71.94685536653783 86.94150006216168 2.4926491211689834 23.87962166400047 -56.36216013744982 23.973950084927047 54.19325578829083 99.51489090396842 5.81648067768272 22.174008266165014 15.451728589872651 56.862254891289155 -82.70931151722029 -8.401887277384299 93.49920838725438 -34.301923378475465 -37.909847622061925 41.99139492517756 -69.33955684404481 80.99493096006734 52.82720157631595 33.073303400861334 8.114625435684431 9.198847063540994 84.77827313027964 -9.908441268633435 40.696197416252815 -44.656835964941024 -32.59531168029247 -76.41145593515222
1601 22414 0.06361555977533437 0 2186.7688369438574 72.33088082600189 86.31885299314209 1.3161137583634395 24.567936412693133 -55.77839793376202 23.969672472685655 54.0633763667979 99.65360562617684 5.817355335439664 22.154280402666075 15.460930303263332 55.68647061526091 -82.5853834898857 -8.465809945624484 93.14613583932918 -35.00449215563165 -37.73389766364162 42.26296349609896 -70.15007353648775 80.73526360834327 52.82054558672811 33.34725434545146 8.95923650305481 8.873189779119906 85.01994364610147 -9.678724421465596 40.710507982716166 -44.2713137608797 -32.57466186832852 -76.2947141319733
1701 23814 0.01348697913679946 0 2184.9276173867165 72.2318950411302 86.22502802967645 1.3461020420457268 24.488396048709347 -55.72789813625846 24.005665348039813 54.31077705375815 99.66559817509565 5.8071005840652505 22.322749357997804 15.382116468606307 55.706435491471204 -82.49013013323237 -8.257069435834378 93.0834085320772 -34.73854201024298 -37.7709699186492 42.048981382195905 -70.38538522386514 80.78996228985173 52.87397927766959 33.115367271848726 8.878294666525186 9.017405354620537 84.87573017323118 -9.638515060939385 40.70560673515295 -44.342527451494476 -32.747188142734444 -76.5779171539417
1801 25214 0.008585449816468964 0 2184.1464019737255 72.27612404038919 86.20541691607664 1.349351794759967 24.629561966848122 -55.5808171577701 24.023193922818038 54.592348936998064 99.69446487683824 5.8021598133000305 22.405257667790202 15.343649126501886 55.67582165250271 -82.31456542265269 -8.032094539597589 93.21116808446504 -34.60641340430445 -37.85050360850461 41.906457572859665 -70.40566183093236 80.93558031106842 52.8999304500594 33.07969040018838 8.917907020013345 9.063520673662559 84.64108321712826 -9.727711354537195 40.5748207442093 -44.08995293349751 -32.83153682934517 -76.73142428407041
1901 26614 0.006741122459952228 0 2183.788184501457 72.25969395083173 86.22539958040343 1.3486606276027924 24.597139174946516 -55.613659350381596 24.016775714438165 54.629904764692924 99.74089761859383 5.803939246294356 22.3750014096927 15.357770674942136 55.6914630248414 -81.95347003517811 -8.011412551252434 93.13130157868241 -34.702311932825125 -37.877433696145765 42.13372654059333 -70.44631734688414 81.01982725262427 52.89036311630631 33.34138825568971 8.909200207743346 9.061772163992869 84.6560838699661 -9.70092196111146 40.44595979866787 -44.06295906152112 -32.800611972328085 -76.70854713916084
2001 28014 0.00514379015250413 0 2183.676924517086 72.25825210042991 86.2117946826746 1.3518357464003592 24.578880817404126 -55.61623454381336 24.014392491689883 54.627200580584706 99.78293472249113 5.804639885474919 22.36375652282677 15.363001178618505 55.68920847866798 -81.74642819541705 -8.018303649264638 93.04098944554222 -34.744683672540305 -37.868266480919026 42.17495263576572 -70.5990890761949 81.03202249287281 52.88682653853649 33.5461832561611 8.904036678679978 9.062224895680282 84.69968759033247 -9.717135330748851 40.41566426434612 -44.062130426619014 -32.78910092917471 -76.73544377242722
2101 29414 0.0023070724275094335 0 2183.5654945571164 72.26356571561888 86.21920103262775 1.3534245781541883 24.545083269595793 -55.612280422724126 24.02472000411264 54.652928694865814 99.80786429855473 5.801713407552705 22.41222529397239 15.340401146889615 55.69358703387211 -81.72111778698921 -8.015268454527671 92.90718842047404 -34.70595774388667 -37.86505541424435 42.1317937069777 -70.76793647642441 80.94982088206784 52.90210881805351 33.50497769107017 8.905354404207541 9.061396398322639 84.7659385959906 -9.698237296181787 40.52046171081622 -44.061291501443996 -32.838635259014694 -76.70463508909556
2201 30814 0.002879005109654061 0 2183.494489623259 72.26325424284286 86.2186915233772 1.3443338905720479 24.54603769648592 -55.613419955667695 24.03820949638828 54.721621456035884 99.85401316531329 5.7978793849718455 22.475580928092345 15.31086554455913 55.685814364579606 -81.58691053709613 -8.015565694223215 92.69892108706358 -34.63215508479442 -37.86820130301123 42.06223148315476 -71.07107175624526 80.88207146381394 52.92202382768523 33.55459491535004 8.919102159645462 9.05364593323521 84.84970702570504 -9.714637179384848 40.62086138113307 -44.06165109753704 -32.903380812578405 -76.70488097847603
2301 32214 0.0010931629861813332 0 2183.463616717673 72.26252530262036 86.21720703381297 1.3496616524228318 24.562824839060458 -55.61382768188301 24.038351762912637 54.72666854791985 99.85810014646354 5.7978437241088585 22.476196625682558 15.31056130158601 55.689747024629234 -81.57433365789673 -8.01477185885866 92.69776358466166 -34.64936683940897 -37.86757172207129 42.046610493590464 -71.10317201132597 80.87935836866747 52.92223110139561 33.577029205254576 8.913151225325594 9.059553620254896 84.84309995801237 -9.712070509534772 40.63143367718823 -44.061122420764306 -32.903980535421226 -76.71812254805958
2401 33614 0.0007404947692741529 0 2183.4543836672397 72.2625914204303 86.21707933828097 1.3460815047913153 24.582720409454097 -55.61408097688641 24.039735311915233 54.73016368833973 99.8629543790995 5.797428867042155 22.482677185261718 15.307552619205174 55.687213974876244 -81.5700994457233 -8.014536087542044 92.68945922346657 -34.661784091364495 -37.867488299422696 42.006504378569616 -71.155486204211 80.87617908577398 52.92427710171254 33.5999003805982 8.914484502848648 9.064575467162252 84.84843675124819 -9.715310848940765 40.659716165971304 -44.06095671139584 -32.91060138338514 -76.72230590663501
2501 35014 0.0003686174959670461 0 2183.44680031247 72.26268513341255 86.21716583881161 1.3483850431745732 24.5949762025359 -55.61415292718053 24.039873433761358 54.72719540866378 99.86252967676977 5.797384342631552 22.48333594958956 15.307240813220687 55.687554111391144 -81.57976814118223 -8.014679165224228 92.69780650544025 -34.673128257632044 -37.86740923669641 41.985624046731914 -71.16771582025291 80.87794172208159 52.9244859172822 33.605009287697044 8.91602154991338 9.062727623584266 84.84768280316243 -9.714987206467464 40.673097530256356 -44.06105142906286 -32.91127696661107 -76.71961917678487
2601 36414 0.0011976207382155258 0 2183.4205527703534 72.262757850806 86.21721597554838 1.3520882187527217 24.682979117292298 -55.61416761322417 24.04477197169959 54.73285209634906 99.87604942479594 5.795995972294694 22.50624317062524 15.29657676811243 55.68813471311549 -81.60067929858432 -8.014627128645005 92.67013023143207 -34.729702595958685 -37.86731600189079 41.80751832025052 -71.36736580035125 80.86137103265075 52.93169434136987 33.64434874357863 8.911192230670103 9.069555034941152 84.8377102538733 -9.71615648684443 40.778164302448666 -44.06080480877343 -32.93466555871524 -76.7472072580941
2701 37814 0.0018946826820956523 0 2183.4061447128047 72.26259235929784 86.21724143733613 1.3497698018625943 24.731854034423073 -55.6139026126107 24.04287610525245 54.69963941619684 99.88634320479393 5.796549964520191 22.497406380679603 15.300660889199252 55.68660777572612 -81.58825967278328 -8.014681945697042 92.6598306370657 -34.80149821141518 -37.86737524777363 41.7090866950424 -71.48039698812383 80.85713557255092 52.92892910336534 33.717311650906254 8.916368315018975 9.071649642164761 84.84567506351652 -9.723449406711492 40.834319524266704 -44.06102168413269 -32.92566533680065 -76.74149254222962
2801 39214 0.0009886440084925306 0 2183.3959463683295 72.26265793206646 86.21723778578948 1.3525610043082843 24.7469411964736 -55.61419180441439 24.041586106786667 54.68258722520611 99.89063281430866 5.7969071899119005 22.49134044787055 15.303497628918512 55.6838179431883 -81.58309360989115 -8.014638136991643 92.66128256340141 -34.807925441893076 -37.86752237630785 41.685149897149984 -71.50091058796758 80.85566884186792 52.92701037409188 33.749556772028455 8.91666958491844 9.074343734177944 84.84292741117048 -9.729704529902335 40.829910703570015 -44.06097212460801 -32.91946013102822 -76.7560648376448
2901 40614 0.003998923569455751 0 2183.367727149519 72.26258216480878 86.21714006050391 1.3553773716554154 24.79380214302091 -55.614471113418205 24.037566217984946 54.59023699734915 99.92555868949583 5.7980729416626415 22.47239443524266 15.312335929875223 55.683777933084585 -81.59140118199696 -8.014903541292174 92.56422677922744 -34.79456427005894 -37.8677678156786 41.52714324303463 -71.686382768785 80.79165013609581 52.92101915840009 33.876149357131766 8.915622801532603 9.071177369288637 84.88734287113238 -9.735563022630704 40.83087124500186 -44.060962007440885 -32.900093429857606 -76.75644180635082
3001 42014 0.005614279350320758 0 2183.2884336600705 72.26270053344753 86.21687919254273 1.3571277131033241 25.170178879490198 -55.614119153216194 24.039321431575726 54.655212344798635 99.99345911774486 5.797567843896603 22.480680018457576 15.308484218430634 55.68662991053704 -81.71692491615902 -8.014584734305812 92.34405173640465 -34.745420797655015 -37.86737183766161 40.87083214715588 -72.24113705074359 80.81855797097752 52.923641192540494 34.3000084244992 8.910475488210551 9.06612662229154 84.9101646922854 -9.719276684869534 40.73770640986623 -44.0610235815169 -32.90857099683757 -76.75511060640348
3101 43414 0.0010505564320093018 0 2183.2684915162536 72.26262707510486 86.21720921206597 1.3542410780758622 25.36507139339359 -55.614221472514004 24.038776902073472 54.692832491119376 99.99998405104422 5.797709738580401 22.478168407660736 15.309648434785029 55.68540637878579 -81.71272229703882 -8.01469833627048 92.2510608272507 -34.796940885961305 -37.86751821579165 40.53807108551584 -72.54743572277928 80.84252898488644 52.92285965935438 34.55228045986743 8.917743258039396 9.068717299616004 84.90812362711517 -9.728799621330596 40.76308616194072 -44.06095999839469 -32.9060108029764 -76.75083204629713
3201 44814 0.0005084020707035622 0 2183.266042896417 72.2626377425368 86.2171535399008 1.3545758329631306 25.379884380171916 -55.614179532562986 24.037875748466917 54.7059671311808 99.99999857131706 5.797965060137669 22.47395076096678 15.311608235661648 55.6856908812638 -81.72384191276558 -8.014663026889844 92.26021018105375 -34.789404664291425 -37.86748536386103 40.50905226249776 -72.53414248447797 80.85954542156841 52.921531113361745 34.56426118329816 8.915345088391014 9.070360098328544 84.9011128123594 -9.72755382389428 40.74838551790886 -44.06097820774799 -32.90169254952937 -76.75107620917676
3301 46214 0.00016938262307755514 0 2183.26523451683 72.26263877044559 86.21715261861695 1.3552900989925765 25.3761017678263 -55.61418839556492 24.03788962950094 54.7092710031564 99.99999770966369 5.797960076183111 22.474003949155573 15.311586428664716 55.68569428156687 -81.72263818925263 -8.014668201291625 92.26004626061678 -34.78785102664176 -37.86746868439824 40.50740962978895 -72.52897068805328 80.86264686899545 52.92154681961217 34.55980716403826 8.914780511105953 9.070175511055977 84.90084234239154 -9.726965799658483 40.746690750849055 -44.06097804818174 -32.901745803820376 -76.75008142882433
3401 47614 8.330183294865663e-05 0 2183.2648906926493 72.26264197728923 86.21715043016601 1.3547659720058647 25.378649957057032 -55.61418743934169 24.037642462112043 54.7079641956168 99.99999971352135 5.798028658809385 22.47284416102257 15.312129620954432 55.685439670469826 -81.72315146907279 -8.01467545223494 92.26022203271553 -34.788074662291365 -37.86746753642008 40.503924286934506 -72.53061195156096 80.86410558961809 52.92118091431238 34.56493112544405 8.91534359439773 9.069918168452517 84.90151569418708 -9.727449809722582 40.74509023098774 -44.0609825798836 -32.900562507416424 -76.74958105718707
3501 49014 3.80986862172606e-05 0 2183.2646358645743 72.26264354922805 86.21715215967421 1.3543266715934725 25.378216915312482 -55.61418557553995 24.037441517704448 54.707826122606335 99.99999907454752 5.798086249277779 22.471902175227527 15.312568782663938 55.68527871525341 -81.72294765245354 -8.014675709035272 92.26121228237876 -34.788176212684306 -37.8674677030363 40.50598782390986 -72.52779283670685 80.8645564959667 52.92088513388097 34.564629913932066 8.91575173938675 9.069702038726932 84.90098872348648 -9.727525239292927 40.744283755389596 -44.060981372722594 -32.89960015818852 -76.74948313559207
3601 50414 2.3208138921465747e-05 0 2183.264520027398 72.26264326638646 86.21715240266306 1.3541231559224771 25.37903238937667 -55.61418563506797 24.037420430662465 54.708365878327704 99.99999992597108 5.798092669521343 22.471803156912873 15.312615272214444 55.68535268785365 -81.72260981398144 -8.014675456354107 92.25971422138839 -34.787541625221365 -37.86746746752017 40.504386168415266 -72.52961409931808 80.86464471450594 52.92085366435226 34.56586193625219 8.915714469643495 9.069742840746597 84.90096441771033 -9.727352664589645 40.74385840205149 -44.060981497742645 -32.89949891045282 -76.74990080373435
3701 51814 1.8098025430879243e-05 0 2183.2644308145636 72.26264331339796 86.21715219332978 1.3540492138275495 25.379937912664772 -55.61418566919528 24.037401903595807 54.70907097486082 99.99999979553697 5.798098611080426 22.471715958539303 15.312655884173184 55.68540236944593 -81.72244966633016 -8.014675358050015 92.25823636279385 -34.78713849273083 -37.86746745656402 40.501880856127855 -72.53152700265753 80.86490142841 52.92082624548724 34.56688450474917 8.915684727471712 9.069663695993732 84.90099040157932 -9.727177785058435 40.743641193888955 -44.06098155605297 -32.89940966034948 -76.74991769181915
3801 53214 1.4300012395535653e-05 0 2183.264333792641 72.26264337129395 86.21715222040146 1.3539505912095837 25.381051472405478 -55.61418562002498 24.037366644940906 54.7092037103971 99.99999857482013 5.7981091335302315 22.471550503396102 15.312733128073734 55.685417275915036 -81.72264198851464 -8.01467561477207 92.25686065842162 -34.78708167342458 -37.86746739856822 40.49894010338164 -72.53383170763311 80.8649165620477 52.9207742041941 34.56817864969335 8.915748268854987 9.069520607619026 84.90117875597599 -9.7271145337803 40.74380238247662 -44.06098171477622 -32.899240683405225 -76.74971400523012
3901 54614 0.0005392041482892353 0 2183.262964358369 72.26264311608524 86.21715366911056 1.3534951651622806 25.40547660636905 -55.614184035904 24.035938215016596 54.718631945572206 99.99973829722602 5.7985225228787804 22.46484512277714 15.315861048351124 55.686308214002366 -81.72961365075633 -8.014674316321056 92.23244925527176 -34.78563243992426 -37.86746649637647 40.42568140415966 -72.57142743799471 80.87398144725923 52.91866557699277 34.592640080000024 8.916064019602835 9.06727581624439 84.90249768480402 -9.723760549863467 40.74738652857216 -44.060979914713435 -32.89238955368157 -76.7441377955421
4001 56014 0.002447437686541022 0 2183.2582652306014 72.26264820024475 86.21713668675292 1.3531914868618389 25.379819949324407 -55.61418852744103 24.032105116555822 54.730122692634666 99.99986408625271 5.799603281597465 22.44687839547408 15.324243671273653 55.685421736705905 -81.71233320511172 -8.014681154750756 92.21925502252819 -34.76135514429831 -37.86747012046253 40.332581990489956 -72.54467862449621 80.89253740280795 52.912996446571945 34.527897130160824 8.916225214768128 9.070144994267654 84.88528603352478 -9.725649347879889 40.78793286220508 -44.06098161273105 -32.874030216228306 -76.75200748129868
4101 57414 0.0025047861199125527 0 2183.2452475060036 72.26266491379658 86.21716934199353 1.3540197435377292 25.3001847648819 -55.614159515115574 24.035558157803234 54.67572387458137 99.99967638102622 5.798622714585062 22.46305760125604 15.316699389950703 55.68833209239984 -81.6883908567571 -8.01466130427707 92.13541141776324 -34.708180250221716 -37.86745962275179 39.994698216582265 -72.57689256419812 80.92999194507463 52.91809576702165 34.315564506190185 8.912004048584478 9.061570915348247 84.8230899233271 -9.715460430376819 40.79208809990968 -44.06098524158039 -32.89056703259644 -76.72684512118862
4201 58814 0.00042887663529382375 0 2183.243413990428 72.26264714625053 86.21715358111354 1.3525384794402622 25.32253697469847 -55.61418101610403 24.034862942195733 54.673368337282916 99.9988517918073 5.798828645649035 22.459822137310113 15.318204371856257 55.68762177601822 -81.68196261800813 -8.014675911738701 92.09994279082477 -34.70972093100988 -37.86746610402589 39.93479400589811 -72.63834380144905 80.91939928855349 52.91707858823327 34.3340416855209 8.913681115899779 9.06418800848137 84.81249180752326 -9.718415523182324 40.79725873042108 -44.06097909524528 -32.88726124365337 -76.73419397371494
4301 60214 0.0002190608184769503 0 2183.2432018049753 72.26264606355431 86.21715378242769 1.352615093702679 25.30790163250985 -55.61418177008241 24.03510941239795 54.669632856781426 99.99929277883741 5.798754032625712 22.46098627956306 15.317662558353886 55.68781545331118 -81.68506155465438 -8.014675438664394 92.10843602576327 -34.70833495556556 -37.86746659387342 39.9587210467227 -72.61250362899702 80.91757874927409 52.917442083814706 34.30925252555909 8.913428341708666 9.063923434439827 84.80933112664741 -9.71803750785735 40.79337714084743 -44.06097870980175 -32.88844913703707 -76.73377726072879
4401 61614 0.0001623457643958041 0 2183.243030390433 72.26264647771862 86.2171536884027 1.3526403069300943 25.30733541735415 -55.61418130437082 24.035102885182713 54.669815901405386 99.99911334223751 5.798756231013622 22.460952651688228 15.317679326380592 55.68760322440612 -81.68372489766705 -8.014675907159246 92.0948993208498 -34.70537374010544 -37.86746624693289 39.94478101644421 -72.62459769413368 80.91250138295317 52.917433097463245 34.301632052248294 8.913712664859121 9.064353132282761 84.80784890419926 -9.718488927922001 40.79703193110666 -44.060979045959996 -32.88841566605814 -76.73438029475923
4501 63014 0.0017672036986115549 0 2183.2416730294844 72.262643239825 86.21715302058064 1.3527067086893103 25.282108144028438 -55.614183671403765 24.03437111836798 54.67820087220475 99.99841300543451 5.798963660444965 22.457513283055395 15.319282916885447 55.686585548154966 -81.69179469777902 -8.01467463785953 91.98681543246182 -34.69977320538382 -37.86746918486727 40.003168800457615 -72.6546786171833 80.84170476439446 52.916355690689585 34.17871551900291 8.914621531094145 9.065410240098025 84.79490828776247 -9.721280159870432 40.79042089071565 -44.06098328354593 -32.88490234498434 -76.73560776946664
4601 64414 0.0009255349247502794 0 2183.240071981926 72.26264416864333 86.21715115211387 1.351932443059965 25.213233988001384 -55.61418480724055 24.0346745828083 54.665634959597895 99.99894389822273 5.798877637514175 22.45893852817383 15.318620005457642 55.687987872448154 -81.68472324911974 -8.014676282640899 91.91070784470482 -34.706971653299235 -37.86746671325537 40.057924509584836 -72.61699242262634 80.79987355202076 52.91679738411687 34.01322098950516 8.91261697297058 9.062537674307265 84.79877948465713 -9.715772375445665 40.79026388652992 -44.060982700215085 -32.886357878783315 -76.72865428325956
4701 65814 0.002679657691668338 0 2183.237598832824 72.26264361209574 86.21715537606829 1.3526997254646353 25.089620998886694 -55.61418756466347 24.033669578513756 54.6828208932666 99.99971946404929 5.799160615169454 22.454266505174992 15.320799985745817 55.68885327174851 -81.68545403680605 -8.014674939639482 91.77846357535628 -34.707728351241 -37.86746905651496 40.06133542720801 -72.5010253349279 80.8159994221063 52.9153249351024 33.7134628875647 8.911445167212129 9.063906124816183 84.81903471171992 -9.714713174809816 40.78170136517656 -44.060978809505926 -32.88158500903282 -76.72989912358688
4801 67214 0.00033155350600021943 0 2183.2364847438002 72.26264309474624 86.21715242046267 1.3525051565217312 25.03194584913077 -55.61418572328981 24.034611371726537 54.68345410459641 99.9999999832932 5.798895218430847 22.458650637542334 15.318751967724188 55.68724422445767 -81.68883294738845 -8.014675389848605 91.7382688314871 -34.72102020175646 -37.86746747322843 40.09242253938348 -72.44005993982273 80.82302023323602 52.91670808639497 33.564833388171024 8.91408736345066 9.064709932970304 84.82462101943105 -9.719293113102495 40.77699289204663 -44.06098148153613 -32.88606383278986 -76.7349059430594
4901 68614 8.129917914142825e-05 0 2183.236421567005 72.26264338632933 86.21715223733443 1.35268338204103 25.027883812250703 -55.61418565018923 24.034582000169337 54.68509004541577 99.99999753721865 5.798902245828133 22.458515343844642 15.318815484187537 55.687348614899854 -81.68761713557701 -8.014675574458936 91.73911465986228 -34.71950519209247 -37.86746740677519 40.09332323551979 -72.43106440530366 80.82810831922592 52.91666603980338 33.55877636029433 8.91384768243592 9.064482641320653 84.82569768524158 -9.719075765369922 40.77594169160516 -44.06098168574503 -32.88592668784369 -76.73469162113244
5001 70014 2.2709161434190084e-05 0 2183.2364047816723 72.26264335325772 86.21715220472797 1.3527840807110152 25.02724096847221 -55.6141856528923 24.03457853565517 54.68537653703475 99.99999797936042 5.798903193808984 22.45849937761774 15.31882250444438 55.68736369770507 -81.6864110892703 -8.01467556117874 91.73755956505849 -34.7200364352432 -37.867467418662045 40.09278674594913 -72.43157095945051 80.82822385002949 52.91666091525143 33.55762381870565 8.913806694478815 9.064530891372137 84.82601561518814 -9.719065107551048 40.776420570660505 -44.06098165122392 -32.88590993841015 -76.73473660314401
5101 71414 8.07305983277026e-06 0 2183.2364026925043 72.26264335837915 86.21715220691354 1.352760745442675 25.026781075401317 -55.61418564597179 24.03456633471323 54.68531058677591 99.99999810574614 5.7989068215712045 22.45844197526999 15.318849168782176 55.68736228820852 -81.68646502610638 -8.014675560543097 91.73670606558336 -34.72006882897358 -37.86746741471786 40.09339032790848 -72.43136190619381 80.82795751637836 52.91664288846949 33.556675219435505 8.913834336987687 9.064501951199581 84.82634015769918 -9.719073991378737 40.7762191892708 -44.060981654109085 -32.88585135048325 -76.73470199064185
5201 72814 1.0354602518855312e-05 0 2183.2364008787627 72.26264335922289 86.21715220730081 1.352730343899878 25.02527064587405 -55.61418564726861 24.03453549038245 54.68508672376086 99.99999786854984 5.798915837518947 22.458296577677284 15.318916924419003 55.68733721770606 -81.68633828623341 -8.014675561190048 91.73488815741366 -34.72012552439577 -37.86746741580072 40.095494041242404 -72.43050756670408 80.82702570644803 52.916597185458855 33.55382805299945 8.913853678325621 9.06452426929631 84.82682037451934 -9.719110453566417 40.77606109504314 -44.060981652554915 -32.88570273898594 -76.734813567047
5301 74214 1.3724296723303791e-05 0 2183.236399143768 72.26264335805398 86.21715220867279 1.3527568810309922 25.022313703523185 -55.61418564586299 24.034518589202484 54.685351179245735 99.99999582564638 5.798920675855482 22.458217278861387 15.318953986202827 55.687319276732445 -81.6863637276033 -8.014675560114151 91.73262076813829 -34.71997006580787 -37.86746741396334 40.09778152680536 -72.42752246388974 80.82661099366933 52.91657189922447 33.54743225261461 8.9138448403228 9.064617043443254 84.82714613476915 -9.719154269308422 40.776023992507376 -44.06098165305214 -32.88562170481663 -76.73503963106783
5401 75614 2.0205042121688594e-05 0 2183.2363982015495 72.26264335907717 86.2171522094554 1.3527885678358107 25.022190141972708 -55.61418564575294 24.034485911045373 54.68533212595502 99.99999517858154 5.798929949758116 22.458065269575556 15.31902476552545 55.68729765688 -81.68639124095444 -8.014675560890115 91.73300477650201 -34.720046317898294 -37.86746741509453 40.09810544296104 -72.42662427039525 80.82694691070216 52.91652375862727 33.547426876806384 8.913906758398026 9.064656480615081 84.82719263784614 -9.719314979240497 40.77590817647261 -44.06098165229926 -32.88546612122363 -76.7351786119227
5501 77014 1.350191930913609e-05 0 2183.2363977204323 72.26264335798946 86.21715220799561 1.352768842578923 25.021469611489728 -55.61418564800189 24.034486130623044 54.685387463258266 99.99999483520628 5.798929932009966 22.45806618806134 15.31902438620204 55.6872939163843 -81.68636688911495 -8.014675560818878 91.73248008357835 -34.719710157138906 -37.86746741573066 40.098223323923435 -72.42578168090299 80.8266814453667 52.916524010813404 33.54598095280349 8.91395189588595 9.064655032367941 84.82717566351289 -9.719352038030552 40.77607571206986 -44.0609816522439 -32.88546683930301 -76.73518078055828
5601 78414 4.015237505371983e-05 0 2183.236395938199 72.26264335896224 86.21715220647874 1.352787371518106 25.020946198695587 -55.61418564870459 24.034474001173933 54.68525083145048 99.99999499788863 5.7989335184130475 22.458009837207143 15.319050945445706 55.687295037435206 -81.68634618606653 -8.014675561030245 91.73333770838143 -34.7197082093428 -37.86746741503551 40.097864525795416 -72.42250543063511 80.82682366725288 52.91650629733721 33.5456125647319 8.913926019743677 9.064653737544322 84.82713629539663 -9.719313299929516 40.77602626605891 -44.060981652324465 -32.88540927582605 -76.73514067033788
5701 79814 0.0005020790209650911 0 2183.23631243764 72.26264335610847 86.21715223038231 1.352868202480205 24.968556840319952 -55.61418564711872 24.034487781422424 54.686478461235424 99.99999086839021 5.7989293351327955 22.45807857844869 15.319019697316374 55.68750424743592 -81.68695135469083 -8.014675543462236 91.71922777037098 -34.71957561051386 -37.86746740062519 40.10070170739857 -72.27416244506242 80.81772345916187 52.91653065985592 33.44782023476728 8.914149325009854 9.06489961470553 84.82720363524743 -9.719333863335592 40.77665143597961 -44.06098163361924 -32.88547826215972 -76.73593913186605
5801 81214 0.000673749953804736 0 2183.2350678931366 72.26264314599064 86.21715209721376 1.3528470955674656 24.650824101979502 -55.61418555882338 24.03449513015041 54.684964060749266 99.99999996127453 5.798926743477091 22.45811162027039 15.319002663134624 55.68736790215489 -81.68616270995479 -8.014675345328898 91.65219339048501 -34.7209674240396 -37.867467163122804 40.160559191106245 -71.36033667435476 80.72951248177459 52.916538949547714 32.90219464884407 8.91375531007919 9.065020782802106 84.82691424921686 -9.71932535232512 40.77724740953035 -44.0609816008869 -32.8855137319523 -76.73551282549778
5901 82614 3.126034611070373e-05 0 2183.235045799688 72.26264318779745 86.21715208544711 1.3527878338755568 24.643002567831108 -55.61418554485644 24.034503645618894 54.684978777466796 99.99999998422794 5.798925042334756 22.4581478220189 15.318986367919631 55.68728357668948 -81.68636255228724 -8.0146753546975 91.64760012721062 -34.71974261217403 -37.86746716544969 40.16584083184199 -71.34579513469234 80.7258657280396 52.91654978572844 32.886520224220675 8.913947382875621 9.06466175638057 84.82674927181574 -9.719380198692535 40.77669268464652 -44.06098160606478 -32.88555029305374 -76.73524530414915
6001 84014 1.1026679006485225e-05 0 2183.2350457010807 72.26264318819422 86.21715208553846 1.3527930180325052 24.64284067164695 -55.61418554541493 24.034516166642693 54.68483401087654 99.99999997673804 5.798921475489551 22.458206475273364 15.318958984342363 55.68728054842451 -81.686430543001 -8.014675354760586 91.64783194303762 -34.71976352623733 -37.867467165247646 40.16583040014157 -71.34555704028392 80.72587775906582 52.916568215835696 32.88671911993001 8.913951533645779 9.064674968897698 84.82676729199832 -9.719391531832096 40.776693397073345 -44.060981605505404 -32.8856102364538 -76.73526345992327
6101 85414 6.815229057856247e-05 0 2183.2350453214726 72.26264318778142 86.21715208561344 1.3527777185490906 24.64041907195011 -55.614185544469336 24.034519724890693 54.68473686749927 99.99999999049005 5.798920391462184 22.45822352524855 15.318951122405391 55.68727078677997 -81.6864176311046 -8.014675356154905 91.64674646818908 -34.71976720371708 -37.867467165024216 40.16784394365604 -71.3491165592886 80.7254380189717 52.91657350696282 32.888349880051834 8.91397368303787 9.064685442233369 84.82680278276726 -9.719410661676992 40.776695642611344 -44.06098160596841 -32.88562751860499 -76.73525354837574
6201 86814 0.00024305027751853468 0 2183.2350342790837 72.26264318676539 86.2171520857041 1.352758391053161 24.542612276285567 -55.614185548749816 24.034493615052295 54.68455575551164 99.99999998260284 5.798927795482258 22.458101566703405 15.319007970340156 55.68732340000691 -81.68653382690624 -8.01467535219657 91.60413583359453 -34.7196046807978 -37.86746716892036 40.22894428380053 -71.37756191689803 80.71052252439956 52.91653485307265 32.875561255276125 8.913866671205941 9.064799527354596 84.8264646652598 -9.71929984378445 40.77688806590299 -44.060981600048656 -32.88550275002376 -76.73533335691214
6301 88214 4.399451283925417e-05 0 2183.235024206592 72.2626431884348 86.217152085391 1.3527940941829788 24.386212158697383 -55.614185545019694 24.034514660574523 54.68465128319688 99.99999987623667 5.798921897913333 22.458199396586615 15.318962272907546 55.68728568786382 -81.68652439521836 -8.014675354889425 91.53371070158299 -34.719786538183115 -37.867467164078164 40.325171370802764 -71.43526766973059 80.68807589878787 52.9165659248313 32.86127523347477 8.913933199751613 9.064656357848813 84.82664495240661 -9.719362962893294 40.77678134098783 -44.06098160587786 -32.88560304333646 -76.73521410377747
6401 89614 5.308580724912844e-05 0 2183.235023872149 72.26264318815034 86.2171520856036 1.3527882580319583 24.380369438306566 -55.61418554504533 24.034512985691673 54.68462962848282 99.99999987668512 5.798922323455207 22.45819152836309 15.31896595451347 55.687280587005326 -81.68644989121553 -8.014675354955745 91.53107812676826 -34.71973782878035 -37.867467165345296 40.32782523364514 -71.43505823222438 80.68656953984735 52.9165635760429 32.86066726347559 8.913945128596966 9.064677196821819 84.82664622250323 -9.719384453964109 40.77691381551134 -44.06098160514661 -32.885594860539896 -76.73524434092566
6501 91014 0.0008370818248795863 0 2183.234995590117 72.26264319496926 86.21715208860334 1.3528026620534355 23.99259599446697 -55.61418553013712 24.03457548211779 54.68459334296181 99.99999999909035 5.798904940754875 22.45848589139177 15.318827965868094 55.687249626155875 -81.68744878775449 -8.014675361429479 91.34391418428172 -34.72105943630183 -37.8674671609998 40.48055759545164 -71.46796972022346 80.55510191678522 52.91665646744083 32.91935813880326 8.913949764998424 9.064767075558514 84.82687168466853 -9.719484474722698 40.776907306139385 -44.06098161380698 -32.88589523078511 -76.73546795720644
6601 92414 5.562393580971496e-05 0 2183.234968501089 72.26264318867207 86.21715208575873 1.3527865064442706 23.512083264277003 -55.61418554519409 24.03450749219573 54.684832400481035 99.99999999720329 5.798923955597628 22.458165741035714 15.318977990322278 55.687281651064644 -81.6865705240689 -8.014675354801255 91.10830195307425 -34.71978302444094 -37.867467165045085 40.64640582599202 -71.46428487676599 80.37718787970765 52.91655532750308 32.991636486982486 8.913946566124745 9.064675983296574 84.82678633149985 -9.719382189067712 40.776659957996365 -44.060981605461684 -32.885568572213685 -76.73525833357469
6701 93814 1.263098239665193e-06 0 2183.23496845825 72.26264318826144 86.21715208557711 1.3527902572162174 23.508170010205095 -55.61418554525406 24.034519308970406 54.68482489505496 99.99999999999895 5.798920563281472 22.45822122006224 15.318952105420399 55.68728152074782 -81.6864959626655 -8.014675354842883 91.10660277020385 -34.7197806723164 -37.86746716496228 40.648149836905986 -71.46439497956078 80.37621880041156 52.916572848502824 32.99109202787571 8.913948443716437 9.064670753327388 84.82673736089785 -9.719386642003403 40.776725262370626 -44.0609816055654 -32.88562527713941 -76.73525131548399
6781 94934 2.0091085883688028e-07 0 2183.234968458233 72.26264318825719 86.21715208558149 1.3527904704462492 23.508156963652027 -55.61418554524974 24.034519203673632 54.68482482294155 99.99999999999993 5.798920593345854 22.458220729674277 15.318952334576403 55.68728147491184 -81.68649681379338 -8.014675354842185 91.106597956703 -34.719780464086085 -37.86746716496235 40.64816777287234 -71.4644207798853 80.37622379204069 52.91657269245271 32.99108869798715 8.913948501917332 9.064670888809061 84.82673736177966 -9.719386934393913 40.776726461509256 -44.06098160556202 -32.88562477654051 -76.73525255090875
