% # columns="iteration, evaluation, sigma, axis ratio, bestever, best, median, worst objective function value, further objective values of best", seed=38, Mon Jul  6 12:42:35 2020, <python>{}</python>
1 15 50.8768317605821 1.0000490012005196 7396.675657988644 7.3966756579886442e+03 9296.558197652717 11507.949177910074   
2 30 49.73990918530582 1.044024343175329 6048.250637891031 6.0482506378910311e+03 7170.327881697549 9508.54097099225   
3 45 52.24974261534006 1.0518722494806043 4447.17169874432 4.4471716987443197e+03 6555.762062392776 11571.395388191559   
101 1515 0.999584876612818 1.5773853033800393 3029.5769177193647 3.0295769177193647e+03 3043.5967795245624 3057.3343459378816   
201 3015 0.030839675553693137 1.863193490602629 2980.4631303587003 2.9804631303587003e+03 2980.4789972581398 2980.489553663279   
301 4515 0.0005941368162651713 2.373678171221616 2980.4054323827672 2.9804054323827672e+03 2980.405439802326 2980.405446779119   
401 6015 3.0236447506332832e-05 2.7687504086288945 2980.405405389465 2.9804054053894652e+03 2980.4054054061544 2980.4054054154985   
501 7515 3.951406143705334e-07 2.930395829629567 2980.405405362922 2.9804054053629220e+03 2980.405405362924 2980.405405362928   
540 8100 1.1324298921641664e-07 2.9871742917320425 2980.4054053629147 2.9804054053629152e+03 2980.405405362915 2980.4054053629156   
