% # columns="iteration, evaluation, sigma, axis ratio, bestever, best, median, worst objective function value, further objective values of best", seed=38, Mon Jul  6 12:33:08 2020, <python>{}</python>
1 15 47.585774892546745 1.0000490012005196 1406865.1061932247 1.4068651061932247e+06 39066018.69039411 182285460.29792565   
2 30 45.727493700845024 1.0418373146552253 75699.80459475507 7.5699804594755071e+04 77073695.76852037 1205458552.8437178   
3 45 44.786168584047886 1.0463424246234283 75699.80459475507 1.2003340944134853e+05 4710265.6328900065 412224798.38159245   
101 1515 26.297375676506654 1.6471595415357185 6364.3506944588435 7.3252805342910378e+03 42599.49865635484 449428.4594873201   
201 3015 9.453063367341592 1.9878496271268644 4837.004197360628 5.6030003822644539e+03 7274.008185598132 8521.352550927946   
301 4515 5.827555379347826 2.1628046283402207 4508.4069459991215 5.5216068311922400e+03 6195.323564282874 7233.05078979702   
401 6015 2.9543488048512416 2.2186353885211174 3837.361522118655 3.9672926435617555e+03 5048.113678399757 5690.243546463533   
501 7515 0.9404083773215846 2.364375093684607 3336.259699667383 3.3375603604716275e+03 3525.634989870339 3599.7894358107137   
601 9015 0.40507561076334864 2.6520657936875964 3161.8727112511933 3.1618727112511933e+03 3185.1973914970376 3210.3124797103555   
701 10515 0.12717298337385366 2.896594035371049 3125.727851683701 3.1286188789593975e+03 3131.4801545130445 3135.745618612402   
801 12015 0.03506207353752088 2.8934486050984205 3117.566527916845 3.1175665279168452e+03 3118.876313070344 3120.589575688573   
901 13515 0.015351855803922556 3.274107451211799 3115.6036941355646 3.1156446537583624e+03 3115.765341689388 3116.031702659618   
1001 15015 0.007791500137714264 4.597886960898825 3115.00312706735 3.1150091827639035e+03 3115.062697634413 3115.088329872608   
1101 16515 0.005935900801040044 7.025531157681399 3114.6262786080515 3.1146262786080515e+03 3114.6573158069323 3114.69847825584   
1201 18015 0.007877953654103076 14.63528898913719 3114.1986957006493 3.1141986957006493e+03 3114.2487612730292 3114.2885060530007   
1301 19515 0.00482536966883533 17.4947915222441 3113.9902721697376 3.1139902721697376e+03 3114.006610545314 3114.025172386006   
1401 21015 0.005565911706017053 23.511713886628726 3113.8300778509392 3.1138307983758041e+03 3113.8548983235455 3113.8684391262327   
1501 22515 0.0022134073258702975 28.01887976637424 3113.7728437936325 3.1137757496313679e+03 3113.779683243365 3113.7851684334196   
1601 24015 0.0012941488262232968 29.966330531295323 3113.7540137957694 3.1137557416241298e+03 3113.7576262494013 3113.760376677881   
1701 25515 0.001254378601683467 33.35870845958866 3113.7437007846956 3.1137445287424844e+03 3113.74704182763 3113.749996858477   
1801 27015 0.0010739141990030428 43.5756521869149 3113.731811186361 3.1137328699236655e+03 3113.7339718328667 3113.7360254963933   
1901 28515 0.0009310672749712334 63.16276775031544 3113.721884830922 3.1137218848309221e+03 3113.722963964507 3113.7242220598837   
2001 30015 0.0007163035322852927 79.86600501167291 3113.715563385381 3.1137155633853808e+03 3113.7166190063754 3113.718528430591   
2101 31515 0.0006679483753481851 100.90374051909157 3113.711337094462 3.1137113710964250e+03 3113.7123828450704 3113.71289689955   
2201 33015 0.0008773104751074424 122.61157298549294 3113.7072621892708 3.1137076460709518e+03 3113.708193097637 3113.7097992130475   
2301 34515 0.00028189042931447104 142.7207499563608 3113.7056620304747 3.1137057250139424e+03 3113.705982743536 3113.7062044699574   
2401 36015 0.0002688741587542372 166.01026309326812 3113.704610578433 3.1137046243899058e+03 3113.7048022647305 3113.704994699024   
2501 37515 0.0003076749121844699 204.6469827915497 3113.7036076493027 3.1137036135431563e+03 3113.7037514492727 3113.7040063456852   
2601 39015 0.00023173465580480558 239.0345771962286 3113.702794914585 3.1137028977068157e+03 3113.702958797674 3113.7031041976766   
2701 40515 0.00023822786416578785 288.7485480685102 3113.702409762648 3.1137024097626481e+03 3113.7025762021003 3113.702717644829   
2801 42015 0.0003061268067025306 335.9366609440368 3113.701571272107 3.1137016213537868e+03 3113.7017204939684 3113.70174302111   
2901 43515 0.0002735709236095939 392.4818755501244 3113.700721335802 3.1137007531295549e+03 3113.700804488196 3113.70087873191   
3001 45015 0.0004828064945354413 454.55680529436466 3113.6995407215545 3.1136995768280221e+03 3113.6997127627133 3113.6998913593843   
3101 46515 0.000276620471105113 538.1903573800307 3113.698768651235 3.1136988073009297e+03 3113.6988628793015 3113.6989075157026   
3201 48015 0.00018454779372729837 617.3838208053992 3113.6983527860634 3.1136983527860634e+03 3113.6984058653816 3113.6984532346833   
3301 49515 0.00012233792916151748 715.0450703478992 3113.698194525741 3.1136981945257412e+03 3113.6982238385594 3113.6982462750166   
3401 51015 0.00011054999378698927 834.0652811258241 3113.6980641036193 3.1136980641036193e+03 3113.698085127314 3113.698107175969   
3501 52515 8.652415471424761e-05 979.8074777348663 3113.697988093299 3.1136979916173291e+03 3113.698006210231 3113.6980125257755   
3601 54015 7.367766409049922e-05 1200.6343323611486 3113.69794883311 3.1136979515696867e+03 3113.6979587699866 3113.697976345081   
3701 55515 4.8460733924139934e-05 1430.7713628805866 3113.697920743704 3.1136979231825903e+03 3113.6979295082556 3113.697934261684   
3801 57015 3.4309341073443224e-05 1654.6757127285382 3113.6979038824848 3.1136979038824848e+03 3113.6979075810777 3113.697911738063   
3901 58515 2.4467265520601238e-05 1950.4236822715168 3113.697894257261 3.1136978947821908e+03 3113.697896467097 3113.697898344594   
4001 60015 2.845519036442745e-05 2363.6884938338108 3113.6978831487804 3.1136978842506614e+03 3113.697886645691 3113.6978907956413   
4101 61515 2.776769704259446e-05 2775.000864653378 3113.6978780486834 3.1136978793306348e+03 3113.697880663017 3113.697883652261   
4201 63015 2.510844188216621e-05 3369.148598476931 3113.697873111283 3.1136978733049068e+03 3113.697874667897 3113.697876261088   
4301 64515 1.4991321754475027e-05 3932.4151413461927 3113.697869105576 3.1136978691055760e+03 3113.697869935845 3113.697870621777   
4401 66015 1.6184876843457983e-05 4818.250450252625 3113.697865908528 3.1136978659085280e+03 3113.6978666207456 3113.697867003016   
4501 67515 2.1937233108894164e-05 5837.321235920061 3113.6978632442742 3.1136978634152742e+03 3113.6978641366036 3113.6978654092977   
4601 69015 1.170058433116891e-05 7041.365421148081 3113.6978610876963 3.1136978611599779e+03 3113.6978615014214 3113.6978619425495   
4701 70515 6.896193332154238e-06 8300.322418500376 3113.6978603184007 3.1136978604835804e+03 3113.6978606077364 3113.697860873568   
4801 72015 7.006541892434673e-06 9696.638152815305 3113.6978594676307 3.1136978594918364e+03 3113.6978596766535 3113.697859908366   
4901 73515 5.163856490658418e-06 11428.4922959968 3113.6978588937027 3.1136978588937027e+03 3113.697859023556 3113.697859164829   
5001 75015 4.4824920810316e-06 13648.40005153099 3113.6978584898256 3.1136978584898256e+03 3113.697858606776 3113.697858699572   
5101 76515 3.8450844224470575e-06 59.83572148265035 3113.6978581864864 3.1136978581967733e+03 3113.697858269206 3113.6978583815962   
5201 78015 3.208702921878343e-06 61.6088770646741 3113.697857990856 3.1136978579970710e+03 3113.6978580387167 3113.6978580710083   
5301 79515 3.538361310254872e-06 63.50305244897406 3113.6978578069566 3.1136978578222634e+03 3113.697857849803 3113.697857892167   
5401 81015 4.305283909722099e-06 63.86990259407057 3113.697857550731 3.1136978575507310e+03 3113.6978576072 3113.6978576432075   
5501 82515 5.094517552609234e-06 66.96868687403499 3113.6978573003394 3.1136978573003394e+03 3113.697857311792 3113.6978573640085   
5601 84015 2.6333973525303885e-06 69.92156905998719 3113.697857117638 3.1136978571244581e+03 3113.697857139943 3113.6978571625955   
5701 85515 2.0043915655791266e-06 70.3507781514792 3113.697857044348 3.1136978570522306e+03 3113.6978570581905 3113.6978570799192   
5801 87015 1.6126273793715306e-06 73.53722713622354 3113.697856994665 3.1136978569973858e+03 3113.697857004698 3113.697857012872   
5901 88515 1.8497449480912734e-06 75.93174729337771 3113.69785695449 3.1136978569587973e+03 3113.6978569659855 3113.6978569751063   
6001 90015 1.7920942034840651e-06 76.58942843768199 3113.6978569303683 3.1136978569317471e+03 3113.697856938186 3113.6978569445114   
6101 91515 1.0219327794176028e-06 75.69033482333958 3113.6978569107187 3.1136978569107187e+03 3113.6978569140965 3113.6978569169187   
6201 93015 7.705137753133393e-07 76.6369588358657 3113.6978568983045 3.1136978568983045e+03 3113.6978569013654 3113.6978569035005   
6301 94515 6.769217112373555e-07 76.1849726934328 3113.6978568917953 3.1136978568920199e+03 3113.697856893199 3113.6978568944946   
6401 96015 3.488473842867904e-07 87.30313645796934 3113.69785688643 3.1136978568864301e+03 3113.6978568872937 3113.697856887875   
6501 97515 6.359982184043312e-07 106.06747369598126 3113.6978568815334 3.1136978568829118e+03 3113.6978568833647 3113.697856885003   
6601 99015 3.572538027244391e-07 127.62382390159614 3113.6978568795203 3.1136978568795203e+03 3113.697856880219 3113.6978568807826   
6701 100515 2.1601003716467992e-07 152.1383315285652 3113.697856878085 3.1136978568781806e+03 3113.6978568784652 3113.6978568787795   
6801 102015 3.6170886293548656e-07 179.64606280590212 3113.6978568767827 3.1136978568767968e+03 3113.697856877313 3113.6978568776462   
6901 103515 1.6546032422948347e-07 207.60750981917454 3113.6978568758345 3.1136978568759018e+03 3113.697856876015 3113.697856876164   
7001 105015 1.5347731873954932e-07 242.4503148845413 3113.6978568752934 3.1136978568753216e+03 3113.6978568754075 3113.697856875549   
7101 106515 1.302566608969719e-07 289.2142281764431 3113.6978568747854 3.1136978568747854e+03 3113.697856874901 3113.6978568749973   
7201 108015 1.380463189683737e-07 338.51735583879713 3113.697856874385 3.1136978568744416e+03 3113.6978568744757 3113.6978568745817   
7301 109515 7.843076756800972e-08 419.50699929960854 3113.6978568741333 3.1136978568741442e+03 3113.6978568741633 3113.697856874214   
7401 111015 8.179847631179869e-08 508.02875699532575 3113.697856873869 3.1136978568738773e+03 3113.6978568739078 3113.6978568739432   
7501 112515 8.789456086084535e-08 603.8008467158415 3113.697856873693 3.1136978568736990e+03 3113.6978568737372 3113.6978568737572   
7601 114015 9.750260277401529e-08 718.5594232743657 3113.697856873592 3.1136978568736008e+03 3113.6978568736226 3113.6978568736704   
7701 115515 1.1751561997136351e-07 849.7029348358515 3113.6978568734526 3.1136978568734594e+03 3113.6978568734908 3113.697856873528   
7801 117015 9.030097379322367e-08 1001.0837366573223 3113.6978568732784 3.1136978568732784e+03 3113.6978568733107 3113.697856873334   
7901 118515 1.6776935447383824e-07 1137.4204097538052 3113.697856873144 3.1136978568731506e+03 3113.697856873172 3113.6978568732357   
8001 120015 1.3181520589539723e-07 1321.0412881832535 3113.6978568730256 3.1136978568730256e+03 3113.69785687305 3113.6978568730756   
8101 121515 1.503947696099932e-07 1454.0064216128897 3113.6978568728528 3.1136978568728528e+03 3113.6978568728828 3113.69785687292   
8201 123015 1.4640217009216436e-07 1656.916734852353 3113.697856872692 3.1136978568726918e+03 3113.6978568727136 3113.6978568727445   
8301 124515 8.479659693587719e-08 1923.1603107324834 3113.697856872583 3.1136978568725872e+03 3113.6978568725917 3113.697856872601   
8401 126015 5.6906974253165694e-08 2261.3324759506654 3113.6978568725535 3.1136978568725567e+03 3113.697856872561 3113.6978568725667   
8501 127515 3.934658453405764e-08 2572.074472817206 3113.6978568725353 3.1136978568725367e+03 3113.6978568725385 3113.6978568725417   
8598 128970 3.087390263757164e-08 3038.5005646357226 3113.6978568725285 3.1136978568725290e+03 3113.6978568725312 3113.6978568725335   
