% # columns="iteration, evaluation, void, void, void, xmean", seed=37, Mon Jul  6 15:14:21 2020, <python>{}</python> # scaling_of_variables: 1, typical_x: 0
1 14 0 0 0 -31.220792180616513 -19.364574274045776 27.08627728921786 -10.496458172415654 3.7086743719496225 -4.991956995861419 -9.850923541662814 0.14470645080749367 5.9540963633127575 -20.925048556555403 4.704620633634061 -12.018611422469245 3.717108939852157 23.11020452613863 -2.9824881075505547 29.52347062205892 41.101800083359265 10.459502027313098 -23.701502170922936 -16.645470708573306 -29.563205509788176 20.52468269526404 6.485477994120206 -6.628159219257599 -45.407535533006346 2.450897457371682 -36.344740739272396 -34.000662200018525 11.417327267502264 42.722640437998884
2 28 0 0 0 -35.40603726269878 8.006909091887561 56.89080600216323 8.209354178387326 3.1203956648176785 4.082168506540019 1.2972113126209095 -3.726000985133831 -1.7558161123541893 -42.654793813180575 8.763827817825774 -6.135825108291641 -11.550036544051782 22.969878827402752 14.105676480680135 -7.124868974342736 3.51615416651817 -19.928862097456665 -29.822588409076033 -30.45659620147059 -26.52063027417212 -1.1679837125101038 23.6388421328794 11.727762020016433 -53.1782941544454 -8.483793674923515 -4.115689835619648 -81.3183116244135 11.86069574740801 70.49081494670678
3 42 0 0 0 -61.30291572135732 46.399426531532626 89.86021659367876 -10.230753483835478 12.593234512802363 2.907447128751038 5.304035598114753 23.341160751383793 7.03142056706718 -46.60856350059929 27.53622221939989 -1.5517079833300915 -13.129076520385315 34.09109138729732 36.490775367364165 24.345439936936753 7.5284928668384214 -20.526398146523935 -43.77778308201627 -10.352108986708078 -22.40587189192217 11.148623433431283 36.88871747357149 22.96967220897773 -77.18319265175418 36.382645656315916 -9.360226593687374 -93.88415294623718 -35.35338698444967 49.447866249127934
101 1414 0 0 0 -36.967768250889016 137.2949633794893 -30.12382964916646 95.57517295042936 -82.04801974209269 -46.30140705433176 36.801546360461295 -30.9605165334775 -27.98817846963329 -46.2710867993056 54.42369984418303 107.27584342790658 -88.33717706931982 113.81445826968185 53.488551757861465 213.23554302937305 5.13217336314214 138.8488852523627 -34.57804689518555 -86.19666016595143 -53.84440133152982 21.427257191585856 -82.62100423515 29.559699560722166 43.95329346589921 105.51822747189617 17.324185410543322 -175.67924608835264 -51.56839056029207 -52.13839629375319
201 2814 0 0 0 -26.432805584185058 130.30046983309956 -37.01254368609533 105.42579065820136 -71.07197310154449 -30.624266563748183 42.5134261438168 -44.218729008970634 -30.763727444501807 -42.27229582297771 60.32324173804055 81.85380863757642 -58.35249662370838 97.00575191922677 51.25703274340152 220.77503343680016 -0.31874005742076855 125.88248267104696 -33.65009995132191 -105.88308394593895 -38.777799872017496 7.453415725702924 -105.05162529360327 31.081382905844123 64.14194754845269 105.65150213756039 29.046873705501735 -178.8371864597704 -72.11185369187679 -60.93544055893583
301 4214 0 0 0 -26.73844433367924 134.18793757728034 -36.00269607276361 105.15759132102222 -73.48882017263453 -24.996105501057848 40.84694293493351 -44.28235814461252 -34.8628735560444 -42.280951014367226 62.46631208446089 80.40901815557379 -58.91367510195179 103.56754871169369 49.30595765485353 224.71186835801097 -1.19011933380063 130.53822417239408 -33.42264762588596 -104.82668570305022 -41.968729544238755 7.6308391087270815 -104.80238164693759 32.19216116564888 70.78682447870244 104.85651612312265 22.149710067838466 -180.8053208149559 -74.87124983445943 -56.780565610685166
401 5614 0 0 0 -29.665831178707737 157.76926085113163 -32.25410536845119 107.72723510737563 -76.68561787174453 -8.626651622242834 39.194081974125766 -33.64101380282289 -64.20729190576023 -46.07066788962578 53.71538244455532 76.34017075740304 -54.388544201211154 111.17663520287876 36.51394396311749 235.26664485841923 -0.7318346722873074 156.04450345076634 -30.377374483061875 -106.7542290005431 -47.466050230227964 3.5878239718311757 -102.7415206287327 28.740085618960396 77.7938815369634 103.50765658423883 25.130133565775346 -176.92897319809808 -73.50414435250642 -47.1724863756737
501 7014 0 0 0 -36.495661964700936 199.33289911036232 -33.86542536544365 121.78006611074476 -76.20382907432209 30.253249276567256 37.107846037120886 -32.08418388748909 -75.89587695137487 -59.36985594264415 36.78280807420883 71.1980749658197 -64.88520479148181 102.40008249498375 30.82705133553105 230.31226231397181 11.00779152890042 209.36230868220818 -19.99047690439995 -100.84793242338603 -48.12819453640873 4.906400297147791 -69.54734984732441 20.4545477528501 82.27643456620368 100.82059159646217 23.02532874139052 -173.35045878429966 -73.09503484858891 -36.63423991386494
601 8414 0 0 0 -56.16033410982344 227.43756348712319 -35.52813724961988 131.96984036419175 -68.57354566903774 51.695011369639886 37.45177374666703 -34.89428710139161 -66.56229170841405 -66.2291461951919 34.150861622911684 65.65184544132163 -65.02763356360889 107.32009087614354 5.73389966822763 230.49772012682683 15.0498068864919 251.56503748574048 -3.7521231281258856 -101.39067566225683 -47.952631400850564 15.17490483224432 -24.17809421160691 9.049539506344244 83.12335599367552 94.39175832806878 13.630485512718108 -171.47695667656225 -80.35617538178573 -24.565613677370454
701 9814 0 0 0 -57.57646904590802 227.24592950772745 -34.20833235406471 129.96534846263492 -67.38751766039277 51.824296284104975 36.7875398739559 -36.09639755544981 -66.93808450491952 -65.62039178427774 38.16921745499751 65.32228975037778 -65.23846857433342 105.90229464330008 5.051869040666743 230.84791239812617 14.380180589416597 251.8219663325884 -3.021790529963857 -104.74617766569442 -50.30659656268087 14.732254685924753 -21.614190878002194 8.641980251530336 82.61491340998596 94.97750144537919 14.658959052906537 -170.37165772078495 -81.69851512191522 -24.79183787301841
801 11214 0 0 0 -57.88522212787507 227.30252846025743 -34.120235503209514 129.96567473369146 -67.40964775691334 51.658621082103856 36.807551190809896 -35.95765517826305 -66.90299654331073 -65.6754852825762 38.15263454866172 65.42587330210551 -65.05195226234824 105.15129378682121 5.122584183934212 230.8118660344275 14.321103825411006 251.79029119670685 -2.9902536160922133 -105.05660373640478 -50.6835421170279 14.801291791697768 -21.515205042405682 8.607226627585739 82.42648827142618 95.15922676945839 14.687406151026577 -170.37280081157954 -81.57329650814154 -24.80326137486038
901 12614 0 0 0 -57.88973223507807 227.30720515428214 -34.118658186975956 129.96610097408913 -67.40528238753252 51.64908959386267 36.80118451180092 -35.95145157148453 -66.89996075914127 -65.67404181124333 38.152966051339526 65.43226206206772 -65.03304199486975 105.0518624459694 5.116514650518831 230.81687446342457 14.317135481960701 251.80793913873572 -2.9976785028281907 -105.05107235789836 -50.696485647590684 14.808703929974191 -21.50516734191765 8.602074562364189 82.40618993078402 95.1789112062708 14.675006001259215 -170.3701380121532 -81.56606827703146 -24.804263505589788
1001 14014 0 0 0 -57.88946111163285 227.30757744927732 -34.118274689744794 129.96611279952353 -67.40527947779859 51.649034723693845 36.80112133924677 -35.95229739278041 -66.90023007239199 -65.67347651426849 38.153330481285174 65.43236359947753 -65.03332159304512 105.04996356841694 5.116568466556812 230.81775812257467 14.317246730112196 251.80759827470234 -2.997789829225497 -105.050013517063 -50.696191653199605 14.808783124089189 -21.50512780438784 8.601703164660272 82.40640290582313 95.17858798293959 14.67515169883945 -170.36991764584096 -81.56650128281653 -24.804636124585468
1094 15316 0 0 0 -57.88946710803943 227.30757472846466 -34.118276995595565 129.96611069424895 -67.40527848548471 51.64903586805226 36.80111370758706 -35.952297344396264 -66.90023082262549 -65.67347682591273 38.15334546354242 65.43236907704612 -65.0333246449429 105.05000118795031 5.116581494524388 230.8177686489184 14.317242966367719 251.80759526668666 -2.9977843117643137 -105.05000067953092 -50.69617695266519 14.808783443533558 -21.505128251167765 8.601707318884275 82.40639976666984 95.17858642899425 14.675161783995096 -170.36991511726848 -81.56650867371094 -24.80463676182818
