% # columns="iteration, evaluation, sigma, axis ratio, bestever, best, median, worst objective function value, further objective values of best", seed=37, Mon Jul  6 15:07:51 2020, <python>{}</python>
1 10 49.68458986833631 1.0000450010125153 2721370.2270609858 2.7213702270609858e+06 182538511.06857535 4119567876.324084   
2 20 47.47587886953403 1.2203683112241177 33148.362284861665 3.3148362284861665e+04 11955505.835635422 213013332.5116848   
3 30 44.64843600261143 1.313901899298359 11070.909547531472 1.1070909547531472e+04 9015990.508821985 769172711.9693595   
101 1010 8.463537812423654 27.802191276339624 1139.829504479695 1.1698184912829302e+03 1201.6795933942603 1261.07057740403   
201 2010 0.24466925856822136 18.53133138109948 1114.273637283521 1.1142845781814124e+03 1114.3199056704266 1114.4366481236095   
301 3010 0.5195531712657988 53.76587051867253 1112.8519951248436 1.1128519951248436e+03 1112.9171354305402 1112.9854808131684   
401 4010 0.4030630444666437 103.33193267020889 1111.9655591965009 1.1119678230563420e+03 1111.974952339179 1111.9845508113008   
501 5010 0.006107498351951676 184.3284436235669 1111.939494338173 1.1119394943381731e+03 1111.9394947739302 1111.939495214365   
601 6010 9.009317315562606e-06 241.13577514197576 1111.9394935716623 1.1119394935716625e+03 1111.9394935716625 1111.9394935716628   
