% # columns="iteration, evaluation, sigma, void, void,  stds==sigma*sqrt(diag(C))", seed=789877, Wed Jul  1 17:14:19 2020, <python>{}</python>
1 6 1.3449876283333975 0 0 1.8242428647902094 1.2388663307355576
2 12 1.7440793044201288 0 0 2.5470448145530358 1.7566940203209715
3 18 1.6763969544737178 0 0 2.248023034850959 1.5847310251800861
11 66 0.4844836429032116 0 0 0.18699617882001007 0.23850774144688586
21 126 0.05542029647487792 0 0 0.009039351153587843 0.006617132295262368
31 186 0.007438150278310657 0 0 0.0003713200692916472 0.0003508143611193902
41 246 0.0014144305075026458 0 0 3.0389109005252107e-05 2.6553128485993585e-05
51 306 0.00022163249645708425 0 0 1.7791068649182025e-06 1.3777651870139258e-06
60 360 4.5069728724041815e-05 0 0 1.509513173058486e-07 1.0448358954358947e-07
