% # columns="iter, evals, sigma, 0, fitness, xbest" seed=789877, Wed Jul  1 17:14:19 2020, <python>{}</python>
1 6 1.3449876283333975 0 811.2313940658307 2.210628672424064 -0.8719089290565113
2 12 1.7440793044201288 0 810.218876464201 3.0691523768379785 -1.9730694330702563
3 18 1.6763969544737178 0 810.0771872472235 3.2461385062588057 -1.8342166007685787
11 66 0.4844836429032116 0 809.9743074065733 3.4234938808129605 -1.5172193502487434
21 126 0.05542029647487792 0 809.9495689173607 3.641695792329444 -1.5382342653458787
31 186 0.007438150278310657 0 809.9495604508888 3.6414402784317486 -1.5345418430629545
41 246 0.0014144305075026458 0 809.9495602986923 3.6410147444585665 -1.5341980728756395
51 306 0.00022163249645708425 0 809.9495602985804 3.641010663931873 -1.5342118107925578
60 360 4.5069728724041815e-05 0 809.9495602985803 3.6410100807205303 -1.5342122280928758
