% # columns="iteration, evaluation, sigma, axis ratio, bestever, best, median, worst objective function value, further objective values of best", seed=45, Mon Jul  6 03:40:14 2020, <python>{}</python>
1 15 47.129017124820386 1.0000490012005196 2077814630.3563218 2.0778146303563218e+09 8204366296.244245 25935327279.902054   
2 30 44.91101910119615 1.0385406647775546 599944501.0718201 5.9994450107182014e+08 4952541763.990098 44678660223.126274   
3 45 43.2969435910585 1.046258984824797 599944501.0718201 1.7864816260311737e+09 10691957141.376965 21351829951.738735   
101 1515 34.60267071902248 1.7224221146843335 137671500.28084296 2.8231100481737095e+08 1261169600.795798 15894870653.17077   
201 3015 26.118287177518898 2.00023297269995 28071820.361636363 4.3753795311375612e+08 1111383349.1097405 6375648232.357275   
301 4515 24.72321057347098 2.3334160459922457 13355248.395202035 4.7719916688422155e+08 1672190678.3128054 4515454577.992173   
401 6015 10.338868857324869 2.652053062583406 10573243.396162346 3.4391104494843237e+07 137778885.78424147 690725623.6992508   
501 7515 7.9543001891438125 3.242020227975035 4524445.178762339 1.4349869486532107e+07 60581927.78492737 267095810.56328213   
601 9015 2.910820735204164 4.057540723972078 1553320.004431045 2.1986026091188230e+06 10514790.096032947 21761912.156430513   
701 10515 2.4345295882529054 5.035305431313877 1177145.0666189785 1.9019383343036608e+06 3993256.8687229287 18896896.734048694   
801 12015 1.588176883634891 6.107553148187714 1129197.5806364096 1.2474094954085229e+06 2504089.6065183314 5850836.481589771   
901 13515 0.9448321211594837 7.379512388925092 1009769.1459328902 1.0646161536465038e+06 1753278.7651670286 3100997.4490232035   
1001 15015 0.5941723998481584 8.700240422404148 960587.5738597853 9.6352811288260622e+05 1054635.2674224847 1214935.6011769657   
1101 16515 0.6306623930019911 10.6029077155233 891584.9593189238 9.1682415218938782e+05 949397.260410626 1129231.7037707833   
1201 18015 0.4763091958855833 13.270050749822442 802612.6103693779 8.0530911916056485e+05 824621.3528053729 900740.3534064633   
1301 19515 0.5825601996953282 19.691145765585762 637868.4044696556 6.3930261591076409e+05 682777.8571761193 879542.9326532818   
1401 21015 0.6885231417803147 32.5559141055342 449160.87211493717 4.4916087211493717e+05 498710.5664972948 605494.7917603906   
1501 22515 0.874353618176804 40.57181332759378 341484.3226071696 3.6067068168845435e+05 454300.9496491126 588391.3099765552   
1601 24015 0.6205732054497127 42.35889886634959 271450.2570991527 2.7145025709915272e+05 292028.3867195073 394827.56112331466   
1701 25515 0.6856049696541134 46.12920792786395 217063.07874825937 2.3116062496744384e+05 251515.69115356874 381175.8934738234   
1801 27015 0.49435359635135917 50.21726815255791 195327.18943216885 1.9771124111849006e+05 213522.8145093451 270445.21514508664   
1901 28515 0.3434945799051749 58.476234529273775 180519.15051226207 1.8133373058424785e+05 187210.2721396509 193130.16421421434   
2001 30015 0.4177867975284689 67.68082124526536 163688.62240126464 1.6556862271169524e+05 172018.58930896505 178863.9468476024   
2101 31515 0.5545277708759013 76.7195854918865 135158.5471020833 1.3648965092037752e+05 141204.8414776012 158916.93693198432   
2201 33015 0.7073629336746557 103.94742440666899 84150.54532773912 8.8721765242538007e+04 95546.23013180289 120524.4006478856   
2301 34515 0.5501171666285833 135.2477113841548 66886.13348246735 6.6886133482467354e+04 71360.04118281447 84087.38395726067   
2401 36015 0.3731919121790739 162.58755250831908 60695.68961379806 6.0695689613798058e+04 62334.471007571134 64718.959652641155   
2501 37515 0.4919043069617178 182.64820171702328 51205.39557574058 5.1654306229275906e+04 52414.63486723278 57507.22267237957   
2601 39015 0.6747736620604917 202.271338215496 36226.426507868666 3.6628729910782560e+04 42667.53812208252 62269.98368941194   
2701 40515 0.37952407638493507 225.15083087397804 28154.761566450197 2.8238134424737236e+04 29390.035690129345 30437.28493235288   
2801 42015 0.4650703080945376 255.8326519553988 23832.764454746026 2.3924758389098763e+04 24779.759256274014 28175.96787918355   
2901 43515 0.370120798387191 279.1844820195374 20726.558526986868 2.0907686749129720e+04 21528.60473190152 23104.92997091775   
3001 45015 0.44369437091961217 317.44706955105386 17917.454223088986 1.8051967825015705e+04 18728.849202272486 19753.741562946798   
3101 46515 0.3726919813389714 379.89584458635187 15249.56386586485 1.5249563865864850e+04 15545.924138721337 16528.394661106468   
3201 48015 0.35165022624416514 444.25371368826313 13469.864113884456 1.3492349360965905e+04 13676.625563552643 14285.850412040361   
3301 49515 0.31099974076170606 528.8209885991491 12418.65961972939 1.2448609010620023e+04 12622.192957078812 12798.39950731644   
3401 51015 0.5245534728534158 589.2282532106656 11155.757266676139 1.1155757266676139e+04 11440.535095309951 11991.437532308748   
3501 52515 0.6547701244718509 663.1475648861199 9702.827721876289 9.7705533504182858e+03 10088.548787571503 10666.426804176941   
3601 54015 0.4822047377897836 778.5637358098113 8612.240761550951 8.6579264507789576e+03 8817.510162997727 8963.73914287597   
3701 55515 0.35614950908019416 881.2096714928318 7982.198233827579 7.9821982338275793e+03 8086.1692154785005 8204.625636153993   
3801 57015 0.5419510963785048 973.0617225481475 6970.975500760209 7.0296321032164533e+03 7178.436162749673 7498.717248551389   
3901 58515 0.8243978837371947 1208.1304976163108 5492.100015932507 5.4921000159325067e+03 5725.232508892222 6286.269256847592   
4001 60015 0.676704932489528 1453.200317541108 4249.613100368021 4.2496131003680212e+03 4396.678380371106 4605.145466819457   
4101 61515 0.8922882780557744 1758.8791590623869 3250.404416229021 3.3523834605505599e+03 3512.6209023742654 3727.987366106168   
4201 63015 0.6191531896225142 2181.9123338889362 2393.6891889265858 2.4321283184846989e+03 2472.747076252955 2527.991985494517   
4301 64515 0.2008647750399632 2282.051764922247 2287.755300032283 2.2877553000322828e+03 2297.830634779745 2305.502241481886   
4401 66015 0.17459622551842333 2308.468273306089 2241.0330398718934 2.2413020310821166e+03 2246.7926016207957 2250.358349073069   
4501 67515 0.2528373492671765 2403.908976991349 2171.9961931771063 2.1719961931771063e+03 2180.1259608222067 2186.649734601829   
4601 69015 0.24533657969463518 2812.9367687587337 2085.9114304152004 2.0859114304152004e+03 2093.875432858771 2097.6557985552818   
4701 70515 0.20720847423851613 3329.589971806891 2049.225101625035 2.0507855145231338e+03 2053.455058387821 2058.2354750917384   
4801 72015 0.29541409534085283 4114.882452160259 1984.4047279066233 1.9853765286400178e+03 1989.3429136219434 1996.226044294201   
4901 73515 0.22125763287920083 5998.93208884029 1921.522315690459 1.9234117460825362e+03 1927.3873028455666 1929.8000851598483   
5001 75015 0.04545203587834194 5968.592964108502 1915.8981996140883 1.9158981996140883e+03 1916.3176980741337 1916.972680355276   
5101 76515 0.015790264435111338 5085.067031301507 1915.2650871758317 1.9152650871758317e+03 1915.3041810141478 1915.435196469731   
5201 78015 0.013268301983101407 4615.6661331660625 1914.9267277427039 1.9149339714706787e+03 1914.9483672904046 1914.9958362735326   
5301 79515 0.025403679713615537 4559.062328188068 1914.103189420795 1.9141085461118871e+03 1914.198586575553 1914.3524740369712   
5401 81015 0.07623280759711347 6450.642258829178 1909.9681773676157 1.9100414088781461e+03 1910.3894622773225 1910.7955188521935   
5501 82515 0.12348316950922412 10233.162884128038 1897.156748294191 1.8971567482941909e+03 1898.1068130018887 1898.6700881152603   
5601 84015 0.057711021278709494 12628.291615888062 1892.1175733972173 1.8923684151969114e+03 1892.5367008337814 1892.9670281050373   
5701 85515 0.02838242199570734 12745.430520471924 1891.1222780397318 1.8911222780397318e+03 1891.1690563986685 1891.3191338824324   
5801 87015 0.05900208911642177 13890.613592037795 1889.3684886766666 1.8894052761364462e+03 1889.4829225428598 1889.7032207930738   
5901 88515 0.03823220410255276 15121.960414324622 1887.9814275292372 1.8880013954499188e+03 1888.0710745322242 1888.1718112160288   
6001 90015 0.05029562895119506 14937.826545144606 1886.8493089406093 1.8868493089406093e+03 1886.9517224468211 1887.0514361680248   
6101 91515 0.06715885228456635 15528.718067847123 1884.4700083419273 1.8845197789013334e+03 1884.6097049561918 1884.8610006437996   
6201 93015 0.03368567605262391 15487.05606606856 1881.6354262862212 1.8816719728558703e+03 1881.9244802212581 1882.3922352611862   
6301 94515 0.01933265074985533 15513.267370930758 1881.3475303961186 1.8813738293578508e+03 1881.6656129641494 1881.8448900886542   
6401 96015 0.011988497303603815 15577.814284268487 1881.1757086119385 1.8812584452824574e+03 1881.381629461813 1881.4970544514854   
6501 97515 0.011930037859517387 16129.592748331257 1881.1095978922783 1.8811425553753027e+03 1881.273694033223 1881.4075086027733   
6601 99015 0.010377301449652524 16160.798611912123 1881.0184138958255 1.8810806943755008e+03 1881.1644364463714 1881.2104920982858   
6701 100515 0.007363721956146026 16303.811351798633 1880.990230796453 1.8810096061444017e+03 1881.0562178185303 1881.1175409101304   
6801 102015 0.004963051020985746 15966.416648825254 1880.9624170715053 1.8810018118850578e+03 1881.033222629396 1881.063309686277   
6901 103515 0.003960215713390011 16417.9179543275 1880.9609914604869 1.8809885461520382e+03 1881.0203224835282 1881.0551792503313   
7001 105015 0.004485511226541144 15479.313821335252 1880.9422693874833 1.8809537565320738e+03 1880.977070144819 1881.0177835435263   
7101 106515 0.0023471252035282045 15172.351257630826 1880.9176370259042 1.8809219144466490e+03 1880.9487270731463 1880.955785812791   
7201 108015 0.0023002555169273227 14733.584458402654 1880.9140117340476 1.8809152449709595e+03 1880.9276796017857 1880.9507290011309   
7301 109515 0.0013513378983046299 14333.613665527684 1880.900807478685 1.8809054382417978e+03 1880.9154454900267 1880.9260608265179   
7401 111015 0.0012686077851701474 15059.370468014684 1880.8954249496298 1.8808967794834191e+03 1880.904130182924 1880.9116788888755   
7501 112515 0.0010982085163062938 15199.296547098375 1880.8824480172539 1.8808824671563896e+03 1880.8909165506911 1880.8991913558175   
7601 114015 0.000899264022631702 15703.463542225927 1880.8743817880327 1.8808758049791224e+03 1880.881011939019 1880.8866292202306   
7701 115515 0.0028047095129578137 15464.045286400613 1880.8482095862323 1.8808496258058738e+03 1880.8599663980112 1880.8696180311674   
7801 117015 0.002044488691468279 14688.384951223952 1880.8274526773303 1.8808309138614497e+03 1880.8377823434412 1880.848643699359   
7901 118515 0.0016533697296536737 14210.558853876524 1880.8247579899707 1.8808250890983559e+03 1880.8297641744234 1880.8363148307583   
8001 120015 0.0013788414055611164 13122.230380480254 1880.8198119541094 1.8808207183581428e+03 1880.8252494551198 1880.831153777105   
8101 121515 0.0018901924194301945 12337.528843211056 1880.8136335318386 1.8808155640046925e+03 1880.8202446125542 1880.8249713979799   
8201 123015 0.0016162667595051997 12249.162296098437 1880.8072736361253 1.8808078750736181e+03 1880.8113572561824 1880.8151909335795   
8301 124515 0.0017279112560548463 10996.076654989032 1880.8041607071948 1.8808056451902708e+03 1880.8094694035833 1880.8135915914709   
8401 126015 0.0011100139675434026 10764.492105892035 1880.8001176018965 1.8808011419692191e+03 1880.80307278382 1880.8060167465808   
8501 127515 0.0009785586798152477 10331.332628312006 1880.7979900447428 1.8807986304784201e+03 1880.8004632768034 1880.803272066326   
8601 129015 0.0006921253192857104 10138.865747880734 1880.7976496889141 1.8807981023111090e+03 1880.799104938062 1880.8011156333905   
8701 130515 0.0008003987577690508 9952.857597435568 1880.7969148673264 1.8807977884086540e+03 1880.798927682489 1880.8003557162106   
8801 132015 0.0008044330819941686 9772.297817914558 1880.7956260299975 1.8807962753674424e+03 1880.797561793651 1880.7988037566356   
8901 133515 0.000607262990245435 9107.71757069 1880.7953008984125 1.8807953210249359e+03 1880.7966247212098 1880.7978257933144   
9001 135015 0.0005949248058242498 8761.367887221491 1880.7942134825646 1.8807945513227742e+03 1880.7954712903984 1880.796214366779   
9101 136515 0.00034494457810781024 8630.039622172815 1880.7934940683622 1.8807935936666713e+03 1880.7942608836304 1880.794842348544   
9201 138015 0.000364947688533961 8855.497235999648 1880.7928414814278 1.8807931488825370e+03 1880.793491722994 1880.794238933441   
9301 139515 0.0003441658848203461 8258.57822936552 1880.7924619029045 1.8807924727664001e+03 1880.793132264947 1880.793788314682   
9401 141015 0.00039462205440606425 8114.170475733891 1880.7919952676177 1.8807921490295425e+03 1880.7924671303776 1880.7929991285575   
9501 142515 0.0003807670698974822 7684.248630173458 1880.7911530094357 1.8807914295428543e+03 1880.79180661141 1880.7923516849332   
9601 144015 0.0003449637064018409 7351.883835607162 1880.7908526131696 1.8807909800078676e+03 1880.7913376655722 1880.791729908611   
9701 145515 0.00023785558805094426 7386.840992143002 1880.7904851327 1.8807906029362662e+03 1880.7907343019901 1880.79097119613   
9801 147015 0.00030096492557384335 9013.620810546878 1880.7900106118855 1.8807900831018305e+03 1880.790316263432 1880.7908247951625   
9901 148515 0.000393799286231392 10307.413986757178 1880.7890976199435 1.8807890976199435e+03 1880.7894787557777 1880.7898836480945   
10001 150015 0.0005141745761398127 11029.779795973123 1880.7880498009129 1.8807881435486217e+03 1880.7884393202419 1880.7889971944742   
10101 151515 0.0005978677036303233 11775.638131470716 1880.7866537320783 1.8807866651327729e+03 1880.7869722755338 1880.7875732976897   
10201 153015 0.000936511358550159 11241.66977247318 1880.7845988210188 1.8807847149934630e+03 1880.7853950255233 1880.7858388046877   
10301 154515 0.0006489341071368842 11131.236022084106 1880.7832176090524 1.8807833409267205e+03 1880.7836220424504 1880.784332022859   
10401 156015 0.0007238545338829564 11308.253044015419 1880.7824670856166 1.8807827311168048e+03 1880.783064114356 1880.783509965705   
10501 157515 0.0004703769916011502 11701.0959417065 1880.7818762872766 1.8807819366778319e+03 1880.7822643325965 1880.7824185794839   
10601 159015 0.0002923446140901242 12518.013171608884 1880.7815285791567 1.8807816540737385e+03 1880.781860108598 1880.7822273210843   
10701 160515 0.00020418148282028863 13721.53370256655 1880.7813278749613 1.8807814501743458e+03 1880.7815542471496 1880.781671536355   
10801 162015 0.0002343160955704087 15370.427213262536 1880.7811373861803 1.8807812128773824e+03 1880.781322585091 1880.7814911425075   
10901 163515 0.0001910707598181884 17626.03069886514 1880.7810400503172 1.8807810635426558e+03 1880.781187859259 1880.7813244718127   
11001 165015 0.00029333464009502144 19674.260208551954 1880.7807725372675 1.8807808047005853e+03 1880.7809828348975 1880.7811110142386   
11101 166515 0.0004291380487110278 21585.74202303804 1880.7803519238137 1.8807803803448135e+03 1880.7805553500743 1880.7807647157638   
11201 168015 0.0005780177056473954 22721.27075702098 1880.779737013424 1.8807798825150112e+03 1880.7800124436228 1880.7801701342166   
11301 169515 0.0004940697096619263 23252.997654047373 1880.7790583693045 1.8807791645962134e+03 1880.7793413869722 1880.779552608542   
11401 171015 0.0004057178991664913 24098.877244848434 1880.7788415465036 1.8807788580010356e+03 1880.7791229452473 1880.7793378864196   
11501 172515 0.0002946550220221936 26131.980312873562 1880.7786939226482 1.8807787121938431e+03 1880.778811980133 1880.7790073073174   
11601 174015 0.00019595368353431095 29877.201662115596 1880.7785027126472 1.8807785712278942e+03 1880.778704041045 1880.778802602902   
11701 175515 0.00016637709575759185 35550.44904762239 1880.778441729892 1.8807784474356604e+03 1880.778541916306 1880.7786712457741   
11801 177015 0.00023394320750709432 41163.71842060646 1880.7783378352224 1.8807783378352224e+03 1880.7784492951355 1880.778519783086   
11901 178515 0.0002451850404927137 45507.15614248632 1880.778218320933 1.8807782305078983e+03 1880.7783335121908 1880.7784351681066   
12001 180015 0.0003703764973693649 49202.86448506859 1880.7780089138455 1.8807780310952464e+03 1880.7781415392792 1880.7782672693074   
12101 181515 0.0002474424603026776 54037.91206620238 1880.7778679805724 1.8807778766660895e+03 1880.7780027858958 1880.7781032523683   
12201 183015 0.00016701295128463545 57504.080220239775 1880.7778127014567 1.8807778482311642e+03 1880.777901988312 1880.7780412845686   
12301 184515 0.00010304214043741042 61574.156601348936 1880.7777613665774 1.8807777645033345e+03 1880.7778393685533 1880.777873449621   
12401 186015 0.00010508061607647161 67810.348829489 1880.7777331499537 1.8807777586803600e+03 1880.7778023945277 1880.7778649878906   
12501 187515 7.145937971851583e-05 79504.40334312321 1880.777685847983 1.8807776858479831e+03 1880.777737423608 1880.7777737140614   
12601 189015 8.396033655117146e-05 94896.43345661052 1880.7776542910347 1.8807776553396434e+03 1880.7776850782138 1880.7777431570191   
12701 190515 6.713298142621805e-05 109806.32956990783 1880.777629284799 1.8807776303482701e+03 1880.7776737817298 1880.7776920698388   
12801 192015 0.00010280013448688096 130812.564834097 1880.7775986443035 1.8807776057621647e+03 1880.7776535249855 1880.7776858424027   
12901 193515 7.924361146267512e-05 146043.72871246628 1880.7775568290183 1.8807775686089099e+03 1880.777589675115 1880.777608636611   
13001 195015 9.024022539680828e-05 168778.25537689842 1880.777512883765 1.8807775128837650e+03 1880.7775561993444 1880.777577610666   
13101 196515 0.00010247713088790883 184646.7084841759 1880.7774490113602 1.8807774627768124e+03 1880.777502425521 1880.7775352623498   
13201 198015 0.00010315834002908778 214207.8009368942 1880.7773703506673 1.8807773703506673e+03 1880.7774116552391 1880.7774310454074   
13301 199515 0.00012936023610139914 228575.09834184253 1880.7772943770485 1.8807773154618815e+03 1880.7773363567044 1880.7773754025702   
13401 201015 0.00013916720334352669 250664.00303103993 1880.7772100113218 1.8807772152215755e+03 1880.7772439056373 1880.777275322528   
13501 202515 0.00013603565150177943 264564.86611183966 1880.7771455678817 1.8807771461118796e+03 1880.7771764636002 1880.7772166575078   
13601 204015 0.00011237973675320224 274357.42908217263 1880.7770793349266 1.8807770918071296e+03 1880.777118504446 1880.7771576646016   
13701 205515 7.371744434598466e-05 285434.1198253711 1880.7770429977538 1.8807770519785845e+03 1880.7770710022512 1880.7770887397028   
13801 207015 0.00011715971421044542 319839.7951885577 1880.7770334053528 1.8807770360433674e+03 1880.7770591926735 1880.7770937334012   
13901 208515 0.00011782676871354266 361107.6165773373 1880.7769999219238 1.8807769999219238e+03 1880.7770264714582 1880.7770448001945   
14001 210015 6.964831835218182e-05 398704.5530813246 1880.7769710347259 1.8807769710347259e+03 1880.7769910310046 1880.7770121359106   
14101 211515 6.850494814035859e-05 463344.79413529986 1880.7769387167423 1.8807769450287576e+03 1880.776954607999 1880.7769714457797   
14201 213015 3.768333922342701e-05 555394.1036028033 1880.7769195275532 1.8807769195275532e+03 1880.7769337633774 1880.7769371436439   
14301 214515 3.784392424667943e-05 676447.4513429145 1880.7769075250076 1.8807769078959589e+03 1880.7769166585676 1880.77692575077   
14401 216015 6.361121500354932e-05 790155.0320938055 1880.7768889842366 1.8807768908448136e+03 1880.776901678094 1880.7769121198862   
14501 217515 9.274247619530656e-05 941910.6321187918 1880.7768446565779 1.8807768453477474e+03 1880.7768612037028 1880.776874713419   
14601 219015 9.024400924926887e-05 1.5448261080191972 1880.7768122954774 1.8807768250000552e+03 1880.77684120753 1880.7768725084995   
14701 220515 7.985188522750795e-05 1.8287978375442457 1880.7767836036348 1.8807767904134084e+03 1880.7768095449885 1880.7768316449583   
14801 222015 7.054163248298383e-05 2.3883057963445253 1880.7767618880207 1.8807767618880207e+03 1880.776782669006 1880.7768107739644   
14901 223515 0.00010635828078877998 3.0316363679963927 1880.7767246167946 1.8807767312431392e+03 1880.7767486316882 1880.776776329005   
15001 225015 9.019497477420135e-05 3.411160121829856 1880.7767131152682 1.8807767131152682e+03 1880.7767312838077 1880.776759139468   
15101 226515 0.00011474968882409365 4.314783030666342 1880.7766783028228 1.8807766783028228e+03 1880.7767099357486 1880.7767338559413   
15201 228015 0.00013742746688260034 5.177923533188617 1880.7766586893742 1.8807766695903440e+03 1880.776690029633 1880.776712279804   
15301 229515 0.00015791410636679422 5.895563237488391 1880.7765985515393 1.8807766070673636e+03 1880.7766426458993 1880.7766584767821   
15401 231015 0.00012714039531864054 6.873481083992079 1880.7765635359635 1.8807765659066556e+03 1880.7765813398546 1880.7766340029482   
15501 232515 0.00012367324752704544 7.761291466920426 1880.7765395698243 1.8807765454691130e+03 1880.7765670461029 1880.7765781987418   
15601 234015 0.00010492136798720598 8.994588208551685 1880.776512752897 1.8807765242225134e+03 1880.7765378866436 1880.7765556272743   
15701 235515 0.00010053641700670192 10.712390852568326 1880.7764984231048 1.8807765021091045e+03 1880.7765231441817 1880.7765427758604   
15801 237015 7.688413486190421e-05 11.833570039797403 1880.7764870920278 1.8807764911589043e+03 1880.7765089712852 1880.7765314800718   
15901 238515 7.111163585134935e-05 12.996464631812017 1880.7764815065514 1.8807764815065514e+03 1880.7765021628595 1880.7765132146333   
16001 240015 0.00011670143386192876 14.57915740866251 1880.776465950841 1.8807764714812140e+03 1880.7764866780708 1880.7765148191015   
16101 241515 8.54470390948035e-05 15.767345206087557 1880.7764579660045 1.8807764687891076e+03 1880.7764789558794 1880.7764944432395   
16201 243015 7.647391217507595e-05 16.34379886226773 1880.7764472997478 1.8807764573186241e+03 1880.7764770028655 1880.7764984249511   
16301 244515 8.026697233781581e-05 17.420266567117107 1880.7764472997478 1.8807764507587481e+03 1880.7764700520552 1880.776484420166   
16401 246015 8.168635195221254e-05 19.537463709994558 1880.7764328115766 1.8807764389651259e+03 1880.776456825467 1880.7764704714896   
16501 247515 5.689304874833473e-05 19.48675121826966 1880.7764269512884 1.8807764307422865e+03 1880.7764526704057 1880.7764734579832   
16601 249015 4.6133214370482385e-05 20.491895398589996 1880.7764242002954 1.8807764339057792e+03 1880.7764481932186 1880.7764614981083   
16701 250515 5.073477389145188e-05 20.725859187957784 1880.7764200196898 1.8807764231562232e+03 1880.776439175056 1880.7764552828048   
16801 252015 6.096470829427647e-05 21.957578335354103 1880.776415901789 1.8807764196949900e+03 1880.7764387740347 1880.7764607343713   
16901 253515 3.8083549390497994e-05 22.91444264756377 1880.776414770913 1.8807764250253358e+03 1880.7764369911517 1880.7764527846762   
17001 255015 3.9881831036326085e-05 23.713934858574962 1880.776414770913 1.8807764209181655e+03 1880.7764465127198 1880.7764557728976   
17101 256515 4.0437269259001664e-05 24.09132527962843 1880.776414770913 1.8807764332792924e+03 1880.7764403759065 1880.776451504748   
17201 258015 2.9016828732040516e-05 24.494654235577823 1880.7764122883984 1.8807764210635401e+03 1880.7764312225088 1880.7764460940505   
17301 259515 2.715281095087336e-05 26.832053698594933 1880.7764116430444 1.8807764134442759e+03 1880.776436525679 1880.776450424767   
17401 261015 2.8925041366115213e-05 27.097811234773506 1880.7764110189823 1.8807764191057756e+03 1880.776433685987 1880.7764605654481   
17501 262515 2.2678577945621216e-05 27.38402962473515 1880.776409441114 1.8807764123377865e+03 1880.7764329401646 1880.776456561152   
17601 264015 2.3442948856245013e-05 28.359319184834128 1880.776409441114 1.8807764129779657e+03 1880.7764295203133 1880.7764441649308   
17701 265515 3.151481915953671e-05 29.718432225532577 1880.776409441114 1.8807764169241987e+03 1880.7764329000506 1880.7764462046284   
17801 267015 2.9215023897600953e-05 29.554179994420494 1880.776409441114 1.8807764133484402e+03 1880.77643377391 1880.776443114223   
17901 268515 2.8604352536997942e-05 29.84838813105418 1880.776409441114 1.8807764153447506e+03 1880.776438594859 1880.7764479484647   
18001 270015 2.693674118936208e-05 30.252445060121328 1880.7764076423023 1.8807764140392012e+03 1880.7764275373268 1880.7764440667336   
18101 271515 2.870049392379214e-05 29.810614059071355 1880.7764066922339 1.8807764106282073e+03 1880.776427670873 1880.7764358663383   
18201 273015 3.702803368504644e-05 29.408082142422632 1880.7764066922339 1.8807764097954018e+03 1880.776431294383 1880.7764402331945   
18301 274515 2.8173458850088787e-05 30.199306488026075 1880.7764062134604 1.8807764086332877e+03 1880.77643172811 1880.7764497867113   
18401 276015 3.304737764502178e-05 30.347844159536187 1880.776404886038 1.8807764124905589e+03 1880.776421416587 1880.7764462292191   
18501 277515 4.054662298180056e-05 33.0232634307606 1880.7764024065518 1.8807764086691336e+03 1880.7764255151815 1880.776440003217   
18601 279015 4.444975270929957e-05 34.38847221698612 1880.7764010228186 1.8807764093038732e+03 1880.7764208856722 1880.7764381804807   
18701 280515 4.135236408083455e-05 34.512129296027304 1880.7763988962101 1.8807764083681234e+03 1880.7764192475624 1880.7764378354314   
18801 282015 3.3623884873302276e-05 36.649157770768355 1880.7763962958 1.8807764020244547e+03 1880.7764175011005 1880.7764241852399   
18901 283515 2.5808476469297337e-05 37.46480385142411 1880.7763962958 1.8807764100024431e+03 1880.7764210711412 1880.7764383064305   
19001 285015 2.1635460164743067e-05 38.9653233641022 1880.7763962958 1.8807764018685805e+03 1880.7764187365 1880.7764357562908   
19101 286515 2.3397947127544195e-05 40.802309622427586 1880.7763962958 1.8807764076689543e+03 1880.776419648521 1880.7764406409538   
19201 288015 3.2298985017846634e-05 42.8296988074836 1880.7763962958 1.8807764038986829e+03 1880.7764195718391 1880.7764463725525   
19301 289515 2.6041729063777808e-05 46.047932325336724 1880.7763962958 1.8807764045131762e+03 1880.7764202642825 1880.7764349811375   
19401 291015 2.3801205894133646e-05 48.28503408133509 1880.7763962958 1.8807764013956307e+03 1880.7764171078632 1880.7764310393072   
19501 292515 2.8470125639647263e-05 51.38135747331576 1880.7763962958 1.8807763983770105e+03 1880.7764151345514 1880.7764288884714   
19601 294015 2.0978070524013127e-05 54.746355418984166 1880.7763962958 1.8807764075270095e+03 1880.7764251090655 1880.7764384223271   
19701 295515 2.0678754266645328e-05 55.86971406833669 1880.7763962958 1.8807764007476553e+03 1880.7764159763872 1880.7764275342522   
19801 297015 1.9054622197451226e-05 56.801992299195234 1880.7763962958 1.8807763987782341e+03 1880.7764197890522 1880.7764449729732   
19901 298515 1.5021602028199154e-05 59.51316050268217 1880.7763962958 1.8807764070615115e+03 1880.7764198806601 1880.7764331413007   
20001 300015 1.126774695794019e-05 62.255946463556164 1880.7763962958 1.8807763969434743e+03 1880.7764149532975 1880.7764283392094   
20101 301515 9.295555343119838e-06 64.95556653532036 1880.7763962958 1.8807764034188813e+03 1880.7764175184839 1880.7764348326932   
20201 303015 8.551874325057104e-06 67.1255243301024 1880.7763962958 1.8807763981328815e+03 1880.7764202582634 1880.7764361124848   
20301 304515 6.824636617818791e-06 65.7955796851913 1880.7763962958 1.8807764112762163e+03 1880.776419340053 1880.7764316353098   
20401 306015 7.985163588283953e-06 67.03028289808105 1880.7763962958 1.8807764015244486e+03 1880.7764227160815 1880.7764392818544   
20501 307515 7.29727041868455e-06 67.89884594599577 1880.7763962958 1.8807764065913134e+03 1880.77641544683 1880.7764325882936   
20601 309015 6.8486050457110235e-06 69.03524465887307 1880.7763962958 1.8807763991016495e+03 1880.7764188617646 1880.7764329136166   
20701 310515 7.468778980476713e-06 71.23168658529757 1880.7763962958 1.8807764101711937e+03 1880.7764155175225 1880.7764259356982   
20801 312015 1.0164320429201144e-05 75.54760686601784 1880.7763962958 1.8807764103933005e+03 1880.7764225826254 1880.776443037139   
20901 313515 9.604142285223578e-06 74.64276905333959 1880.7763962958 1.8807763984319222e+03 1880.776421958127 1880.7764357633184   
21001 315015 9.048961542420934e-06 76.40624225407063 1880.7763962958 1.8807764047261094e+03 1880.7764181589512 1880.776439404616   
21101 316515 7.82857087633739e-06 75.75627547773514 1880.7763962958 1.8807764015769349e+03 1880.7764177045794 1880.7764365405665   
21201 318015 4.892077503989338e-06 81.290418909634 1880.7763962958 1.8807764021616715e+03 1880.7764184769767 1880.7764376826165   
21301 319515 4.522732690033598e-06 83.0591470229019 1880.7763962958 1.8807764029803338e+03 1880.7764163318172 1880.7764326582374   
21401 321015 3.9508088826999365e-06 85.62726639063453 1880.7763962958 1.8807764042207018e+03 1880.7764172278585 1880.7764376869184   
21501 322515 4.212590302025946e-06 90.78631522915742 1880.7763962958 1.8807764101834603e+03 1880.7764227583123 1880.7764335054449   
21601 324015 3.714539368473517e-06 92.75936768752479 1880.7763962958 1.8807764054251390e+03 1880.7764190286236 1880.7764256129171   
21701 325515 5.943155969788551e-06 90.97942966299743 1880.7763962958 1.8807764037297013e+03 1880.7764151626077 1880.7764322527203   
21801 327015 5.7076761027924784e-06 91.20755925413422 1880.7763962958 1.8807764031319937e+03 1880.7764251310687 1880.7764405683895   
21901 328515 4.6769574046115895e-06 95.63921956015372 1880.7763962958 1.8807764014803899e+03 1880.7764133434787 1880.7764293141095   
22001 330015 3.1513345494319915e-06 93.11981798542487 1880.7763962958 1.8807764032854459e+03 1880.7764127922142 1880.776433755288   
22101 331515 3.4501547188502164e-06 93.44121111388914 1880.7763962958 1.8807764108052233e+03 1880.7764234879955 1880.776438138608   
22201 333015 2.525363950530195e-06 94.9037928000351 1880.7763962958 1.8807764074616171e+03 1880.7764191009978 1880.7764334051112   
22301 334515 3.253876214851475e-06 101.68805918871928 1880.7763962958 1.8807763994899183e+03 1880.776420334056 1880.7764459962748   
22401 336015 2.931498782405419e-06 107.29562552731737 1880.7763962958 1.8807764079051401e+03 1880.7764169052753 1880.7764278824782   
22501 337515 3.86068688823948e-06 106.42632356932026 1880.7763962958 1.8807763982985787e+03 1880.7764223948648 1880.7764304987654   
22601 339015 6.067693628567643e-06 107.52865375887698 1880.7763962958 1.8807764012996911e+03 1880.7764195799168 1880.7764359201603   
22701 340515 7.062783575244396e-06 110.91776304225819 1880.7763962958 1.8807764067125584e+03 1880.7764199055478 1880.7764365496037   
22801 342015 7.843059358743641e-06 113.2006026977709 1880.7763962958 1.8807764010405313e+03 1880.7764245359965 1880.7764343466552   
22901 343515 7.062613393148859e-06 106.93136379664821 1880.7763962958 1.8807764015198170e+03 1880.7764192793177 1880.7764421954812   
23001 345015 6.189680353626928e-06 105.1693313568905 1880.7763962958 1.8807763999108199e+03 1880.7764235347354 1880.776431351329   
23101 346515 6.170639516931686e-06 107.09464513195357 1880.7763962958 1.8807763994347797e+03 1880.7764120053769 1880.776432604331   
23201 348015 4.952252382437964e-06 108.89391145412291 1880.7763962958 1.8807764069222367e+03 1880.7764204092225 1880.7764289735917   
23301 349515 2.5265344233711134e-06 106.56714404283836 1880.7763962958 1.8807764015574307e+03 1880.776423977844 1880.7764396345033   
23401 351015 1.784539960239917e-06 110.83556503101767 1880.7763962958 1.8807764096453336e+03 1880.776421635045 1880.776433715431   
23501 352515 2.4448788207366674e-06 113.51273955231146 1880.7763962958 1.8807764098185066e+03 1880.77641703106 1880.7764343998776   
23601 354015 2.5845573103625696e-06 119.1509664708307 1880.7763962958 1.8807764013872029e+03 1880.7764185961937 1880.776429985009   
23701 355515 2.5880429889918266e-06 121.80371807556511 1880.7763962958 1.8807764009398236e+03 1880.7764181393504 1880.7764323184274   
23801 357015 2.3071466367767543e-06 121.06615369066598 1880.7763962958 1.8807764046252582e+03 1880.7764174987392 1880.776422953338   
23901 358515 2.2576069076107344e-06 123.45173774382154 1880.7763962958 1.8807764059999097e+03 1880.7764218168074 1880.776431342591   
24001 360015 2.1167939518578385e-06 122.32194226891514 1880.7763962958 1.8807764068173615e+03 1880.7764149266277 1880.7764295162171   
24101 361515 3.212005923362092e-06 125.8160983054366 1880.7763962958 1.8807764026281593e+03 1880.7764136998405 1880.7764320587803   
24160 362400 2.942736233935436e-06 127.82563059144069 1880.7763962958 1.8807764011212882e+03 1880.7764193101539 1880.7764340084577   
