% # columns="iteration, evaluation, void, void, void, xmean", seed=38, Mon Jul  6 12:19:22 2020, <python>{}</python> # scaling_of_variables: 1, typical_x: 0
1 14 0 0 0 25.51629323083889 -19.72637269831335 60.69337367297454 6.622015623459795 -7.01653272511434 30.90005072328357 -20.59331269751781 -31.76806878253266 6.8504909154207825 -18.89678000783162 -2.316414748827042 2.9431643888218035 47.48316900110212 -5.36328217607455 60.76857000208503 32.91655830788584 41.533009291449844 -16.60501557065274 55.44617114807518 6.305196700301043 15.514060468490474 10.047598271592237 15.124156144427152 10.464982083714217 -10.355224021418431 -11.650862988838837 26.4404391552415 31.395541313306065 -12.875652551513081 36.583909685096785
2 28 0 0 0 10.425074885976215 -23.076684971222814 74.0419670819682 0.09513828961799575 22.51782039203723 35.49041918365427 -6.308181104050291 -8.770004799812355 50.428367705912066 -24.47053046030484 5.676495150419862 24.81034334820557 25.612641436320267 42.087277389984756 47.69576646141346 52.831479487464044 50.78964261530494 -26.363956797414684 41.181264937284936 10.202566426140686 -11.227665260946896 37.3962050971435 44.976134028817164 -15.376842062130175 23.94196695707349 -27.08904695947595 53.16404635308204 20.07887751016057 9.212390819288355 61.28209593919644
3 42 0 0 0 4.862023676290262 -20.587443962176536 64.87715263326596 7.281561856253659 4.137780973181339 31.241516506380368 -10.535892336911747 -10.526063977216712 50.32810857692258 -43.74725136890725 -18.096789275179113 35.32553931273387 68.9159214394052 49.28756072843634 4.573274773547389 71.2422615081857 44.495362721985195 -15.14504004575326 23.86156787495456 7.091291272009566 -20.263631158943603 70.00338130076689 44.14629855841944 -30.516065014370017 6.8962530625469896 -16.5615218667134 18.249455810180436 29.100930382472228 -2.452190197029699 70.4106866511335
101 1414 0 0 0 -91.44769813140694 -57.63774789188407 105.79170384392357 -59.74755200220543 -32.123516358110365 60.316604547277514 8.793203820276867 -65.5545927101774 -3.73589963017726 -39.582184585442704 56.01946240690828 -17.90480389279729 80.01618238024545 -17.174530383251156 -72.62649343272994 92.93003239447766 43.61470826550814 -67.25145871390633 -24.154983431322435 -16.002386978114846 -51.34328854541818 -32.694347525499495 -28.495517629123864 -65.59527557548245 1.7387141715665788 -27.681413747024596 -0.5138835790546841 -23.297663042527702 -3.0230285369495964 36.266387995343635
201 2814 0 0 0 -91.5978556951375 -56.37938022183725 102.10020569863404 -58.23977970669472 -25.74958711781565 53.57827112172179 0.0944203850972462 -60.61665998984434 -11.461859732153716 -34.77079387030153 50.57369896774461 -38.852836689057355 75.17968774451217 -19.84494000629492 -71.64526120807106 87.25707204354991 47.76755714452223 -67.84963398943272 -13.251082161994036 -0.39472883882954357 -53.55801552812904 -38.152879805006805 -27.63560819530264 -68.4062895615915 6.167321634863424 -25.487289019419027 -3.378055809468729 -18.458361655762133 -0.12721020804351837 33.4284875790246
301 4214 0 0 0 -92.68258956962484 -55.46148118819148 101.38261680133236 -57.04489820823506 -25.257634458735144 49.97161687040481 -5.625053962179682 -57.99833780397481 -18.045231696925562 -33.253479046834464 45.085651493559624 -37.9528246059942 71.46073697321364 -20.15531142815833 -71.6251107261658 83.85740642335459 49.03956182065103 -66.63260256807787 -12.157672978175317 6.847495384339011 -52.23769406553604 -31.176748456407584 -25.671392901774823 -64.27060058287834 9.748347869764894 -26.432051879772928 0.6611202686530299 -18.740953540220474 0.9407781035497824 30.061474623627387
401 5614 0 0 0 -92.68884566521099 -56.91386687354352 102.93618657109447 -47.86120556428371 -30.715558616288572 33.74930125118743 -27.211787762524768 -42.07288863425526 -56.06285348574627 -28.179610070334423 20.002200900419687 -0.829254265694719 52.440872260986 -17.98417677891538 -76.7032370909981 65.49644369933834 44.76020559537352 -52.82727756815893 -8.796903629154766 26.347695225909533 -40.65968689287294 15.645471204909654 -11.937885203221612 -41.00854036892527 29.0076018022791 -34.15664583091658 31.04502321749942 -22.393144766261262 5.3937157310580695 18.03061110683579
501 7014 0 0 0 -91.33534719745921 -56.96983676951717 101.67911096167366 -47.39378425224191 -30.31709012209716 33.38123239370656 -28.993362692677103 -42.14483188987665 -56.60734190317071 -28.779660331904605 18.663337263338605 0.3400421297148035 51.99231178501694 -18.93058920481287 -74.98946674735053 65.01847779473454 45.251786092905796 -49.09096102815213 -10.61259094193961 25.179885157959152 -39.096657909418454 13.858009582028487 -11.814669486262696 -40.07801404073233 28.9080644709193 -33.337382109473246 34.752615426088035 -23.544174237968953 6.0017851304280905 19.422047305679932
601 8414 0 0 0 -70.74214113500928 -54.83036472909204 86.8855300657403 -40.951942110511105 -24.559189035715946 28.791041538343922 -50.16895251203245 -44.239439230914215 -58.557740020794085 -37.402002175180016 4.04621273350108 11.659371473636893 44.95894287390361 -29.81742691031469 -45.45144302398072 64.80109066590113 54.65679879795191 8.7090439945767 -42.75880925271076 4.833433447037395 -26.05098990427741 -19.022742171594906 -4.606844209610812 -27.300788060114037 25.912574735580716 -20.134890847988995 89.16799292675559 -34.82187814618302 9.497319089362477 39.06441694362982
701 9814 0 0 0 -67.78856864397451 -54.55715564917232 84.89640614141597 -40.26202274605591 -23.56441778736502 27.943881987343975 -53.52142966503655 -44.67707448263218 -58.67836436452447 -38.81194738520963 1.7848207394687343 13.08546475694721 43.849011168576645 -31.416463102972322 -41.63219264404674 64.3440276842665 56.52755096082207 17.33594777624772 -47.4442065143809 1.696994761644758 -24.733344635703705 -24.450432709059342 -3.6815456406971303 -25.304380894716683 25.15713987049411 -18.04376313445989 96.79009808820777 -36.15237132260537 10.18238870465037 42.08487942001871
801 11214 0 0 0 -67.06107174727987 -53.686262110515806 83.35301370691421 -39.94160493509567 -22.566492811714657 27.641897375870574 -56.03015524701652 -46.15214925041105 -58.92791200709846 -40.47868499255096 0.040316380489073655 14.458341665634888 43.180945796449585 -32.636232488150775 -40.217754349412715 63.10728146303855 58.12849660583133 22.896356852979093 -50.74172783687544 -0.6884170379427298 -24.0789545930093 -28.277187867081512 -3.31821581476723 -23.90451250124701 24.50100588939998 -17.21468724539982 99.09618379729567 -35.7999453287902 11.711064822262419 44.861031093343996
901 12614 0 0 0 -66.12473515244834 -50.89124568761473 79.5585699882011 -39.325374443599294 -20.14395007675117 27.196912542169123 -62.03748864043824 -50.04114770196497 -60.07874310636492 -44.35564542447944 -4.266381401870023 17.986913278697052 41.32586271837697 -35.37002638776311 -38.045090638721916 59.489671579935944 61.70958519242935 35.32044726448845 -58.433812924266974 -5.653829892366446 -22.006426032155275 -36.17598681007569 -2.121563937117002 -20.221916011678317 23.470175773453114 -15.875896512942068 102.2665621179292 -33.62878348587746 15.372502511320645 51.72525303895121
1001 14014 0 0 0 -65.58838259660824 -46.35228806946501 74.25141221311308 -38.838926409733176 -16.462222545402714 26.86952520639439 -70.30851509864856 -56.03810716220611 -61.71483179317775 -50.160326449130686 -10.24253054370866 23.146517806080716 38.776120685810454 -38.99509678962579 -35.81178427467742 53.94600192373705 66.49307325078892 52.12778906835604 -68.9931991125126 -12.691941720901097 -19.445753961584522 -47.04754613690561 -0.5777297887862298 -15.37999660220318 22.13067803258269 -14.17547938270328 105.33538116900544 -30.221366429933177 20.795817131326785 61.67723805886669
1101 15414 0 0 0 -65.36226710596154 -44.128426313000006 71.6798350864789 -38.68217802063726 -14.75853622092195 26.840882291471182 -74.11414380486103 -58.76615157177334 -62.44410426431179 -52.801306433518015 -12.958838484370377 25.297267485019187 37.60913465683071 -40.73271131489687 -34.84236759614128 51.38597035055274 68.83355684523285 59.66240227625387 -73.7400526881856 -15.794306460598781 -18.312698462041823 -52.07005196933511 0.10252836848318726 -13.127473323096973 21.639896825012737 -13.447500594767812 106.45436522720296 -28.617160467444567 23.320037767407502 66.2399060858442
1201 16814 0 0 0 -65.1202633993985 -43.01091503642654 68.07637810465744 -39.4933766254286 -14.58993456803384 27.78825151293253 -74.33270739133945 -58.28149970695098 -62.31926271452809 -53.64802296915167 -13.039094917017453 25.37645963975767 38.63482684818263 -42.69068846539403 -33.48529754121681 51.6517390613818 69.93955955302299 59.347418506841464 -73.47838404233674 -16.321743046637792 -18.40245003687268 -52.90194633561717 -0.8076224355824798 -13.491349614501681 22.252891397078802 -13.320387806353287 105.94385359110615 -30.70812756674008 24.52087341859429 67.21479106036148
1301 18214 0 0 0 -65.1841972381792 -35.45032719656067 44.360142389020965 -44.57600568204612 -12.923602545733713 32.08359802339181 -77.84191487186006 -55.56064893944763 -62.85636065828166 -59.928425284849205 -15.521282106546078 27.13098116310979 44.428337425744 -55.28711181065724 -25.159973794561683 51.29067858707104 78.4176575787548 59.47126860664754 -72.96144427348165 -19.1577118814708 -18.819600452438078 -57.70459643795694 -6.385328746105947 -14.54157622582918 26.857503142197302 -12.411105093152335 102.62871279484233 -43.026339309780234 33.56314537364171 73.70199030209035
1401 19614 0 0 0 -65.84498366193807 -34.33044732649662 38.48463294059621 -46.1674679220738 -13.069513793423903 32.97227410847789 -77.67751394815785 -53.31427248495851 -63.798425718849 -60.77677707686981 -15.738435229452207 27.95473696667135 46.34839706046685 -58.36235651224751 -23.840356939661422 51.4242444753657 79.8578371987899 56.04947469825553 -70.49603820519279 -18.04418875056938 -19.2468672034323 -55.2496400237351 -8.180883431813713 -15.043483263249803 29.06650533398933 -13.189911300262263 100.75536890838289 -47.33677876067968 35.28545489356445 73.72402548716468
1501 21014 0 0 0 -66.53833738492655 -35.00755264411189 36.26464673572612 -47.62564654285067 -13.027924765112667 33.735511913866105 -75.37047873536623 -51.15241760690687 -62.870689279828746 -60.45562721215015 -13.919463825165558 26.113405042821427 48.48051347796077 -59.863608517545075 -23.44871637273453 53.071776357740916 80.45177971508447 50.27571510728066 -66.99815429476354 -16.574156605159892 -20.42204707493164 -53.287167656596964 -9.778161518818777 -15.992821279199156 29.951977079748662 -13.786321503451667 98.26152322809828 -50.906348921076365 34.90932660793473 72.6619440517002
1601 22414 0 0 0 -67.47216890998399 -35.80227813375015 35.41268159251607 -48.746356173120546 -12.689305172119075 34.16790958441632 -73.62576646290452 -49.93686227312886 -62.18916845462551 -60.61899323480418 -12.556939486891904 24.94114923715889 49.73290350818339 -60.871178027365346 -24.005878709445522 53.913358949532345 81.12849254238299 46.26209051858683 -64.75760880219143 -15.624750501230094 -21.13131033512704 -51.823648483292736 -10.705355736934218 -15.940254940810537 30.581182371891916 -14.542947995449095 95.88590636644098 -53.267388762474816 34.44926493386113 72.59451002216359
1701 23814 0 0 0 -69.85722626793752 -35.52454259402565 30.814889152971325 -51.50921136385546 -10.741413894056699 34.92940769991449 -73.30157019436314 -49.048791222319764 -62.518592816405246 -63.52172674147539 -12.430994443799799 25.06624232925666 51.07328189746917 -64.60815377477645 -25.382857299876164 52.87442829035312 84.97854495234984 42.94966215436364 -62.92363068329079 -14.956880963212173 -21.57868928819793 -50.538026839568055 -11.809676074144281 -13.01147241597432 32.84480146484728 -16.096482335667194 90.91179091409785 -57.50123837099978 35.8344874469948 76.54691605819465
1801 25214 0 0 0 -77.71782699987753 -38.46031689386647 23.96380237938442 -59.77794550070393 -5.197935167214777 36.68630982007259 -68.34716410838713 -45.51354435758921 -61.6029241629125 -69.9906647416137 -8.893200156155892 22.047386329056295 55.016897954459516 -72.65291551804624 -32.62599989498396 51.75054910784259 94.32627406391487 27.02544209578599 -54.44904950965626 -10.672711776425462 -23.8718761404568 -43.86359882070151 -14.742192530469904 -4.6427587350544 38.74892781260567 -21.752675186893825 74.06727416691325 -69.3157371162741 35.9926565031352 85.83873958817136
1901 26614 0 0 0 -77.32442344077516 -37.795099854366946 24.416565574001734 -60.46894676408228 -5.1655360199684175 37.255992221428926 -68.08171026587087 -45.99472764982787 -61.59468551532884 -70.35831988312923 -8.711649063331233 21.970534859872885 54.86697567847248 -71.33127886471652 -33.75849793241654 51.514758523246215 93.48574506309306 27.212570348448775 -54.12752081438587 -10.446135775569989 -23.203976017519246 -43.43071838471777 -13.95415960054119 -4.184836981291335 39.580100580099504 -22.266651650394458 72.95977686375701 -67.93148835658305 34.60001458265783 87.2395148467293
2001 28014 0 0 0 -73.76047045937068 -29.166957849748677 20.412195578872517 -68.42178824711243 -3.0722911425104247 43.53821708211858 -68.48310525843378 -51.51975578196213 -61.65071062622452 -76.98225450363398 -8.996094457550067 22.139456835649447 54.946834169669316 -64.24933868838143 -41.62503156539286 47.89659303297892 90.49268065909303 32.16307920840745 -53.42233411604482 -10.758701270245226 -17.352193902089294 -43.993408566838525 -8.531665598174378 1.1657165372712297 48.35089867483022 -26.500066722371102 61.83018354344521 -58.341082179763504 25.896565337823752 105.12955762315097
2101 29414 0 0 0 -75.03844438892214 -29.0536298439135 19.221224369620007 -67.57843832285474 -2.794316997702829 43.04163030785629 -68.31247712965212 -51.37620896118306 -61.673517434409625 -75.71905488453608 -8.885638680637411 22.06065812221541 55.44029686426829 -66.25826227820762 -40.25481714432901 48.21650552988574 91.39948335602755 33.0890540607685 -55.4863013402393 -10.560774642880666 -18.108158166539205 -43.67135461625228 -8.912693287256863 0.8743066374090399 48.34194784933426 -25.903560700025892 62.13031640765697 -57.83853281014691 26.033334539495613 104.94055821734783
2201 30814 0 0 0 -82.62281820267974 -27.53401064354268 15.730530696142873 -62.9639980102643 -1.8083904905873065 40.91984118430291 -64.29271341951402 -51.74555429377584 -60.961564401215725 -66.14412225222907 -6.0174849041939735 19.727399747517435 58.464419851162994 -74.9057054980635 -34.519326305990504 51.16552462071951 93.89962168775334 39.2843762940901 -68.74673686391577 -7.133115833732004 -21.713062799782865 -38.21257572695423 -8.423123972833977 -0.45936355270639545 50.00425990539336 -23.46001800334813 61.03553639311974 -48.302313183274194 20.146334434376946 105.819194351508
2301 32214 0 0 0 -84.04435479331624 -28.834157696831877 17.319547394819505 -62.04461678415734 -1.342334546851814 39.86393160207895 -64.14994357213727 -51.54387949048281 -60.912738815314945 -66.65906851401158 -5.9091361963803255 19.631315984933543 57.6949321434738 -75.41591999540589 -34.78567941331466 50.96786696204045 94.00399532056322 40.44173918579938 -71.1927171028032 -7.042158789485543 -20.861334728547437 -38.074002652372755 -8.057969929736252 1.4679004812503784 49.31937211178935 -23.133509772520753 60.52339636743035 -48.31029456932371 19.94215888200215 105.66825372550846
2401 33614 0 0 0 -85.25126415946357 -30.03570044961889 18.35638008309702 -61.37114214204337 -0.8650450962011145 38.934987981696985 -64.31620970673688 -51.33291982640351 -60.9599874107872 -67.79006853581377 -6.032395041502428 19.73172926922083 56.93391127898636 -76.08018308351045 -35.08375237967379 50.5819599020797 94.5057439358344 41.28899497475192 -73.03101985477495 -7.154037161336068 -19.986395827305873 -38.25405377778006 -7.88429849600297 3.4760539350631143 48.62042719268459 -22.957958213418845 60.04024841853441 -49.25222336679744 20.498204086840776 105.59951168625605
2501 35014 0 0 0 -85.82045584054158 -28.843934905236573 17.938000748943825 -61.970137132859456 -1.779727780345474 39.35670998620832 -63.79238815064508 -52.44810242671167 -60.88380922068609 -68.3800070759861 -5.664010758327406 19.435146248342022 57.05212255508913 -75.29506905197175 -35.49897283291531 51.55096672849021 94.47988918740492 41.407746844579364 -71.83125094167909 -6.684357229978555 -20.378869239281784 -37.503436368672205 -7.156856050222643 3.054271810396431 47.99047761665719 -23.038896322134317 60.45632275472319 -49.44276132948452 20.403733087754468 105.17086133872085
2601 36414 0 0 0 -85.7497888216633 -28.567835812183976 17.889518416729413 -62.03222564547542 -2.36516157670277 39.696265469957694 -63.645788148198704 -52.75144486891884 -60.854373498032615 -68.51346557176213 -5.557959313831554 19.34894133378465 56.78695630575087 -75.00172025506204 -35.817996558558164 51.898202030767834 94.29084425068723 41.498620605429906 -71.44819306827026 -6.567002430902527 -19.998978572158077 -37.31621237453029 -6.823203268372573 2.703672550363547 47.844763131527905 -23.564063857329483 60.63335950605489 -49.41800855269489 20.277135386853104 105.32084222372877
2701 37814 0 0 0 -85.83454182427185 -28.948664501423238 17.990562341016464 -61.647646974698254 -2.69878929690523 39.82633057194368 -63.69482520250413 -52.560979432631825 -60.86746029593346 -68.52149225774002 -5.593482878164985 19.381945183053638 56.189003165239676 -75.46394803142854 -35.895790665075104 51.99628470313048 94.25383330465255 41.62056371690346 -71.70710846653085 -6.606260436978466 -19.311414871361727 -37.37529984713985 -6.674081567210314 2.6777520069465806 47.63406089793732 -24.441637927876638 60.68412032032443 -49.73001875078378 20.37391841840341 105.48587887439858
2801 39214 0 0 0 -86.4529819273381 -27.777210257728136 18.019893770726977 -61.652345668761626 -4.671277103214984 40.864299298667824 -63.82204947743633 -53.47393816357922 -60.89102610805374 -68.68030989958324 -5.684024169638385 19.4528030320977 53.03820385109308 -75.26650049727405 -37.06584475260417 51.63696086901352 93.42564228126179 41.63707547907326 -70.11606612935917 -6.7088038968234605 -19.719918086683638 -37.542217396023005 -4.813880911124936 2.213258941121432 46.90076080395625 -27.156376439131048 60.2435365521748 -49.45366471085324 21.082214939518774 104.88774142388274
2901 40614 0 0 0 -86.02729665041491 -27.11713652152716 17.936673273952305 -61.426302370995266 -5.321836756692736 41.12359709062034 -63.8307720913249 -53.589979965123355 -60.887576862364135 -68.22213616771505 -5.688601250798587 19.454811101091664 51.88432178668686 -75.34803694195718 -36.94093681201633 51.74472497119525 93.34487319482479 41.579865384799426 -69.53691340388445 -6.725904644872417 -20.04750753403936 -37.571100304224196 -4.042677748252947 2.4219195629156878 46.59809212864828 -27.037482665718553 60.431756179228 -49.1740957388399 21.5750475419701 103.98239465192792
3001 42014 0 0 0 -85.47196693290988 -25.91145014935086 17.65357917772513 -60.97823219872765 -7.494364407192663 41.42438726033652 -63.62681259375635 -54.14309118666143 -60.856998478029425 -68.02771194802988 -5.544634526686492 19.340366352087635 49.854876699153245 -75.28181989930503 -37.441452351962845 51.87761734816152 92.94928151176431 41.7227384470438 -68.66810657148667 -6.545799585692563 -19.79561132803575 -37.281712757839344 -2.471436995487644 2.118407142235212 46.268817393873576 -27.13412403213258 60.57956086647492 -48.872812616046524 22.500260849390976 103.03172680953816
3101 43414 0 0 0 -85.64988273507528 -24.718072801650006 17.431309630469563 -60.94691936639419 -9.017267387907602 41.427309390041074 -63.42567266139675 -54.54080059345158 -60.810353320722484 -68.52040394580544 -5.397796682399756 19.212887568038482 48.66315984815784 -75.2019561443595 -37.35886981426232 51.79785579359568 92.68233827203392 41.508470887214116 -67.84219862259411 -6.385731156895094 -19.528589202774608 -37.03464989993133 -1.142362604232924 2.058603808287522 46.45378379717065 -26.867441120048106 60.05801320354155 -49.11379210963487 22.79922515652709 102.49362765123044
3201 44814 0 0 0 -85.45448740099258 -16.411391232118252 17.389238289035994 -60.485590672352636 -16.935796703232114 43.29581184432593 -63.71939607188215 -56.47421308499419 -60.88902482885722 -68.42886199083368 -5.616223606889807 19.408518148740953 38.19323171313004 -75.15417090164246 -33.365289677692395 52.6278021120336 89.6998149528242 41.20463909872833 -61.76040544892477 -6.609907220404142 -18.876283230113728 -37.37325253480749 8.76381724700338 3.0306701087461008 45.30277471770115 -26.232440014374184 59.71369739201978 -48.957048687265 23.416597823527695 95.7403492093963
3301 46214 0 0 0 -85.55628915747238 -2.635745366098452 17.468548133209786 -60.820958633216826 -29.24207342232484 46.88321690610044 -63.80706754921374 -59.66290116740798 -60.895419499680585 -68.23458302364199 -5.675637174703136 19.447817501821888 23.19496504523983 -74.90089091580528 -25.862308054405286 55.15688943512725 85.26813677244867 41.01942805351493 -52.312080207973736 -6.688118266947058 -17.74064939694742 -37.507456145787394 23.966078115596805 3.628195143790749 44.28288759969743 -25.282044424829998 59.90341102965128 -48.82962094755535 22.67807729198041 85.97040881125247
3401 47614 0 0 0 -85.80615247676862 -0.1968900062032069 18.10146200238202 -61.873026231379335 -32.69275146985896 47.41886317714254 -63.678257073175054 -60.05491487174898 -60.871794526762464 -68.37569305050978 -5.583374587479696 19.370977097766538 20.44675480410929 -75.53696233925727 -24.92385910764142 54.88797353899457 85.3820580340233 41.61719877282529 -51.77959216104933 -6.579740568623052 -18.61427218497495 -37.33694781023992 26.218945961502364 2.70939041614643 45.96508628813883 -25.632428837976544 60.09446014673725 -49.251067820595964 22.719902225422153 85.695805849006
3501 49014 0 0 0 -85.88831739749955 0.6848341238713587 18.170549447823568 -61.97420276486432 -33.479798389831444 47.70692115879057 -63.62516202727207 -60.224867069653406 -60.857170357070316 -68.35918343432597 -5.544239097759678 19.341956172127873 19.605423851167785 -75.80720175376807 -24.43727219542341 54.670860309094884 85.5080391761464 41.9616006891949 -51.487457373911205 -6.543476460887141 -19.082936103597383 -37.275507301588256 27.06342088975061 2.691911132873771 46.41115783142737 -25.794118987748067 60.104966771873386 -49.207850793234606 22.378223572558674 85.6010135466432
3601 50414 0 0 0 -85.57267522549243 0.4201661692219098 18.02381221480411 -61.54191269569683 -33.097613942643044 47.695997226270855 -63.526650669706655 -59.95846306707012 -60.834491200228975 -68.51337625832647 -5.472116338145142 19.27706203475477 19.79374187818928 -75.77184352403906 -24.44560683387885 54.62931865729372 85.49809424237088 41.832053579151555 -50.54287433264493 -6.4631405365828485 -19.49491652308861 -37.154091835420786 27.101503280347657 2.6924642562595356 46.47814764652437 -25.990689851205875 60.115748413152296 -49.42449234496813 21.633670271554703 85.58271675450369
3701 51814 0 0 0 -85.59982228161466 1.0066660207844964 18.06902079802515 -61.77364405046896 -33.74792466192511 47.67240317680935 -63.65739898830877 -59.70353769857978 -60.864346868976355 -68.58227200042397 -5.567521142670692 19.36273940074291 18.039418238566956 -75.95111911330842 -24.491107550767904 54.69407302465727 85.49032807152591 41.984283444252654 -49.218716571537314 -6.571257789611903 -19.78524818016472 -37.31790305451251 28.17232655246677 2.6962786170934065 47.134233091453325 -26.23489164932667 59.944065147225885 -49.41586658690342 21.41637490440493 85.59287057110099
3801 53214 0 0 0 -86.13022069843885 2.2324501750698813 17.825410822510506 -61.703580764195294 -34.235764562574914 47.59337773429637 -63.889766757180844 -60.081931230116766 -60.888701348494806 -68.57925676175924 -5.7281509287735926 19.482942136903524 14.28480326694976 -75.59550081284941 -24.43836157605381 54.762124407052895 85.65839877921503 41.75977343650298 -45.64772879994436 -6.78703433743013 -19.701176859939444 -37.672161340402795 30.208266016999485 2.6442909396197067 47.68274084258858 -26.675194761051255 59.944410524531854 -49.27272042472903 21.209112359633956 85.50741001858405
3901 54614 0 0 0 -86.55335781955368 5.628626437748001 17.60720965615659 -62.00106238669214 -35.922527117411626 47.635560376442996 -63.704344525568935 -61.30158028097662 -60.85379945284005 -68.37036548854603 -5.595865707344442 19.372770719040663 7.485772621028282 -75.25200133846907 -24.491905627796058 54.665135993932424 85.56392853675594 41.53051519165422 -40.53722926784543 -6.627356581046645 -19.686292613027295 -37.420040909297 35.06220384964601 2.6939296745265002 48.20294563448385 -27.027386384203293 60.45220402455104 -49.26307958008657 21.28409397103492 85.57790713040043
4001 56014 0 0 0 -86.1076872729903 10.285005641506325 17.92386245692585 -61.23594411700321 -36.56360483538883 47.63186577282634 -63.71927244681398 -61.47303278139044 -60.87156835569493 -68.44330310509766 -5.610889572878046 19.39539540852806 -2.8010899713983917 -75.38642374392926 -24.41523876138402 54.765145438497754 85.57814609629455 41.55985343378515 -32.3592625982881 -6.62580605005597 -20.150423531166584 -37.407208827440506 42.674881300667764 2.7136588395849714 47.36264693341 -26.65241676830388 60.31778520494839 -49.376570590311594 22.085054996690047 85.64622590780952
4101 57414 0 0 0 -85.8515206000474 11.5918882936183 17.953131734733617 -61.54580803905476 -36.80770296127497 47.6254048491534 -63.77319964523839 -61.746728485495154 -60.87778417044253 -68.37465324398332 -5.648086644978577 19.423075819179886 -6.092494272469685 -75.55957906300631 -24.462004575978508 54.683910325635544 85.58596895834908 41.63530421198656 -28.4213979178035 -6.675826788578143 -19.536820048842195 -37.489680414837075 44.937600451382046 2.70233404597107 46.77582586507973 -25.898826604046988 60.23619076411865 -49.32693196440835 21.44354234293499 85.61121509933301
4201 58814 0 0 0 -85.78218346152026 11.741238763209376 17.8820427473578 -61.68320758479539 -36.55721955696086 47.61678800502765 -63.76195858368555 -61.644845451131644 -60.87715802894668 -68.35162392826187 -5.640477743350004 19.41691658597882 -7.07906911320674 -75.62290102692462 -24.458972372882382 54.687114905241266 85.5854016555554 41.66329258916585 -27.039737912914898 -6.664342660292907 -19.552439024133744 -37.471458844068465 45.081545465135804 2.695394721094022 46.64939975122071 -26.117708191570422 60.221212850463786 -49.30885429648613 21.36350942820869 85.60280287687192
4301 60214 0 0 0 -85.6860017289909 9.162056732199966 17.947058526510848 -61.765287057500075 -30.394966444942156 47.56828636054558 -63.7301923553636 -59.121148969808466 -60.86536086494139 -68.44485685081993 -5.615849654016541 19.38932018146898 -7.325998686159908 -75.61047173897214 -24.42193657453718 54.71900177708042 85.63578976176993 41.72500911506256 -15.868686175398084 -6.640464318911002 -19.501025540099228 -37.44142720485239 36.35499907105121 2.7352250483180494 46.569682695902 -26.363228354113687 60.20608190990188 -49.356184746370495 21.43837266153388 85.64249725709335
4401 61614 0 0 0 -85.89674660540403 8.89545956970217 17.987363708718686 -61.62304850316531 -28.5413442951684 47.63649248396496 -63.71194056644196 -58.61045608632416 -60.86745890322269 -68.35273833689308 -5.60460723308722 19.387539417576896 -8.147995862085596 -75.64499452863028 -24.45590045661468 54.669016869324246 85.56424127721073 41.75816211685678 -11.690943557627772 -6.622798868394408 -19.52139490258343 -37.40536854863409 33.95502286218115 2.6959169733958013 46.7982008411169 -26.052730912141552 60.26307389451598 -49.30312475755834 21.53321415914491 85.60335875394654
4501 63014 0 0 0 -85.93238112875744 8.416460008189079 17.94602401928944 -61.48431441328239 -21.88792959846382 47.65752211884643 -63.76499366934259 -59.609549249073076 -60.88948486836031 -68.2861854372198 -5.646041940033531 19.43136649244432 -12.54583458403891 -75.62330703201741 -24.465746654242125 54.707134923922375 85.58444562417279 41.749653077977435 -11.143236698528277 -6.655909217394137 -19.316652413468326 -37.44785303281597 34.641432776099094 2.680748746180487 46.79232381193108 -26.15039973259177 60.23881965509072 -49.19925418135171 21.53371307398726 85.60784678258291
4601 64414 0 0 0 -85.99600678814828 6.861327896033802 18.02659444038538 -61.70456650057351 -1.9470985781108938 47.67124808017572 -63.67056816163489 -63.84757447728882 -60.86080769795108 -68.30268792948176 -5.574872112150944 19.36345110886422 -22.866242596090522 -75.74099351880214 -24.447906448617676 54.6492820153461 85.53584810575664 41.933272405532975 -18.189921072596736 -6.5885193801730155 -19.469383430732872 -37.35089506253743 37.76095318802801 2.6947049059196697 47.155209891352435 -26.08888716198387 60.30269723556984 -49.22915153877961 21.708495603359914 85.58292169501303
4701 65814 0 0 0 -85.99721078962418 6.84141969138278 18.03024392676798 -61.71076781347537 -1.953546133612674 47.67191654997213 -63.6739130936831 -63.82156999483422 -60.86084476994766 -68.30520355127459 -5.5772333739014055 19.365304383440403 -22.864450912581084 -75.74294230324814 -24.445721064934162 54.65249836051277 85.53733394735707 41.92045479561533 -18.11043875640467 -6.591748912166284 -19.4626916861557 -37.3560090101727 37.715386549635376 2.69593787452074 47.157795906890456 -26.098215719194304 60.30936803368101 -49.247303778711405 21.702637600455184 85.5805704927904
4800 67200 0 0 0 -85.99721089839346 6.841419564265196 18.030243924143594 -61.71076788231873 -1.9535522161220462 47.671916520236415 -63.673913033849225 -63.82156959638813 -60.86084475579701 -68.30520360620228 -5.577233329368483 19.365304327764957 -22.864444832374904 -75.74294240112458 -24.445720991730724 54.65249830402329 85.53733414066845 41.92045510289927 -18.110443472027928 -6.591748853120721 -19.462692500094246 -37.356008938419485 37.71538565138188 2.6959378693504625 47.15779644850655 -26.09821560372199 60.3093684027626 -49.24730394046098 21.702637597533748 85.58057046250221
