% # columns="iteration, evaluation, sigma, axis ratio, bestever, best, median, worst objective function value, further objective values of best", seed=37, Mon Jul  6 15:09:27 2020, <python>{}</python>
1 14 48.99582158997193 1.0000483345014077 37632.91191184456 3.7632911911844560e+04 73591.7784359151 109811.27892952542   
2 28 46.93867152878103 1.0535575286522543 34485.55154230946 3.4485551542309462e+04 46110.89426774902 86491.55931081486   
3 42 43.73902511043209 1.063263112223858 29371.48640551809 2.9371486405518091e+04 58456.18264670987 86049.87562524658   
101 1414 1.9386136447689144 1.6939928214652455 980.3678746950543 9.9178913583047006e+02 1025.0736746962266 1076.6871653678193   
201 2814 0.03159181183483247 2.413038996294342 906.1800712944355 9.0618007129443549e+02 906.2112072442726 906.2358962964772   
301 4214 0.0004691018224842242 3.38582306425346 906.1274343037461 9.0612743503512706e+02 906.1274384413052 906.1274450916769   
401 5614 8.86019079333535e-06 4.154212098546784 906.1274267248999 9.0612742672489992e+02 906.1274267262197 906.1274267281683   
501 7014 1.5164553732618187e-07 4.818718213382104 906.1274267214711 9.0612742672147112e+02 906.1274267214714 906.1274267214718   
518 7252 4.4555801725929614e-08 5.025369343475026 906.1274267214708 9.0612742672147078e+02 906.1274267214708 906.1274267214709   
