% # columns="iter, evals, sigma, 0, fitness, xbest" seed=44, Mon Jul  6 01:05:41 2020, <python>{}</python>
1 14 46.89292282774246 0 1649622776.181902 -0.8343505392590154 -46.151735762950885 73.2511986069251 -14.876996532637095 94.19897921367911 35.76373329823428 24.54595241644726 -33.03894874931345 9.405442335061796 -37.48611974163519 38.76743404876906 -4.876567789072513 3.184165638700386 96.95357685223546 -48.28275420163751 -60.50739392617142 -21.43109578611959 30.65632340368064 85.80056230203017 -19.998243890983762 46.86087022892561 -33.19823144049133 0.660182320919171 -90.8204319268451 -68.90161608196676 47.045390609908736 55.44481498908706 50.1195053933663 23.320453344320356 -75.48847527882697
2 28 46.13855522917978 0 2399515867.2550974 -31.749182613137755 -9.408778890091883 46.565322231428084 28.48792258428717 99.05144448711575 24.08405662331021 14.121133946595837 -62.97677888343808 -3.7277152917126557 -47.19876670205032 63.34662803629804 -57.09612697970527 22.095387046294867 47.19293784518915 -13.134681041455334 -39.75330816310128 -5.478796211564359 45.18807751154225 35.25365131805931 11.029780293849683 45.11498997636986 10.428968914335213 -9.303015125079147 -97.40451531135365 -52.283737141777024 15.775976487281936 75.26530610778455 70.34195602797344 13.411300574425596 -88.26220438228802
3 42 47.73485168919469 0 2041274088.5367243 -49.10366737191983 55.2894623615166 59.050506239001116 23.46093458127187 97.26980524764659 -4.177408106819495 -10.834287699763912 -64.33572401766432 22.60412379620765 -51.924171490458974 27.180063154495976 -46.635152104659596 -23.802704061922604 46.62144310225174 8.009505258578251 -7.584243450982061 -10.244784724147088 22.08584511320073 54.48159801660248 50.06034570637822 21.49894023907224 58.93385777082508 -31.803108561667525 -20.6280111058758 -88.73490766671728 -6.7772712881765855 43.075891871792926 88.53336005969817 30.558960455520214 -79.16653238466307
101 1414 0.06172730303847124 0 1011293.2466815317 -25.51842720007359 -11.153015804503704 -8.132070125428275 -7.75519885159071 95.26223553299877 24.8325747150051 -11.770075080093099 -95.67724524731831 5.517703968676695 26.596606645920915 13.406659206997015 -50.43314433100102 0.41819381357498114 42.83443929490208 -21.481984055869 -20.052132646956746 -11.033214405480669 49.07390317218611 8.746007700311903 -9.078134068316684 54.18546296052875 -5.881430249133407 -39.12828270675722 -16.7594277439544 -20.422487377882874 -37.934486925895364 97.00418176443047 64.62996617588178 -37.070541832471484 -66.87789612377102
201 2814 0.23707836914173744 0 470280.05144576426 -26.033785419114015 -11.411971290821763 -10.56239212485896 -10.255035264242181 97.39273391040706 25.129317393324094 -11.154041997724462 -95.6086104386264 5.465035472391818 27.88801118395131 12.85625940496121 -43.34322447536633 2.3306575229063244 45.66861565984568 -21.546893347939708 -18.656214291197426 -13.295182458536482 50.306381458407934 9.933609608711716 -9.378051012304649 54.53859476809495 -5.813710577742866 -40.61336114469958 -14.300098155043502 -19.858421132197698 -34.51397564643883 97.35052246420744 64.05660386334172 -38.48818688951479 -71.22120312956547
301 4214 0.09636042059696631 0 101446.05349233927 -28.25648427016403 -12.928186052664724 -15.754679718078394 -11.92977046502235 99.70009586015033 25.5239625085584 -11.283911448788379 -96.96530045735274 5.3690012568439425 29.371470886566037 12.067661106629728 -29.91104169251375 2.0319242260669625 45.663336088854614 -22.729294688028784 -16.611545469000838 -14.142052881044352 52.961124646739485 9.739800261611599 -10.076939793638312 55.07653595313421 -4.2640451381709 -43.5594876897525 -7.528979210024306 -16.473390219186616 -27.443559326296107 97.57389535411895 60.983549145204236 -39.954547476311326 -74.63907222606038
401 5614 0.1125019100205243 0 15797.726664292157 -31.700664303438963 -14.071167433356337 -22.08466793101175 -17.711352765369902 98.40714979700674 26.156535351217503 -10.670790702929981 -99.18732553361455 5.197112223257086 32.24682279901834 10.77111671864782 -6.000125047976919 3.1988503820755656 48.29641517118298 -25.324084887739595 -13.014355887699601 -17.079784751563388 56.339698024857235 11.944677834125928 -11.50861120335949 55.99646216229266 -0.7856051542204161 -48.59664464817166 5.029498570706741 -11.730024616658863 -16.40466251885772 98.76966831206688 58.07946867499334 -42.8796276288969 -82.52619470169887
501 7014 0.019314652762604422 0 5130.056848793367 -34.86631323674568 -14.88843890990146 -29.10474505686273 -23.2269322995005 91.80045787543187 26.766058344284477 -9.689715337305019 -99.98998386505838 5.026333606065234 35.24899858090127 9.352240685627729 15.56001229993951 4.786923627979864 50.458877882842515 -28.08911100152675 -9.405976382711572 -19.214668863933017 58.79284462234574 14.158225242375941 -12.244624185573832 56.94601295201743 2.305688466779582 -53.047422916334966 15.797849032106466 -7.5919254834841325 -7.308918912494304 99.49187373823459 55.66981391297849 -45.9521476318136 -88.8185397698195
601 8414 0.0016040469581634078 0 4376.3267009974425 -36.97849954469096 -15.589101445579486 -33.63222116361222 -26.916828311213287 86.64714961278364 27.19591605535886 -9.000644514617038 -99.77668566511586 4.9008808815183045 37.27052183816743 8.4104489310229 30.412477445654318 5.7435977072310305 52.06398545460293 -29.850138163753215 -6.97743280552002 -21.051930597934298 60.83171053762477 15.575306764233241 -12.885242712495536 57.58203994032784 4.430705128662636 -56.03555472214649 23.103410534187276 -4.876281882280725 -1.0087322020948137 99.78115944939394 53.705328972826436 -48.018005657045585 -93.38624150390706
701 9814 0.0013496881779651714 0 4373.611605976628 -36.98443996595482 -15.589685830960441 -33.630489233464175 -26.931479205398908 86.64790205179816 27.191225968605796 -8.998388421311502 -99.77594470916239 4.902214336771331 37.248220223248886 8.42055046044034 30.41607229441272 5.728857446185375 52.057430606773856 -29.85446642647327 -6.982724033772148 -21.05620818381409 60.81674806223295 15.580751892412506 -12.900906889302815 57.57497887848683 4.42379318436702 -56.0462346773674 23.097328163727216 -4.864784599677973 -1.009879632136058 99.78236468628413 53.71251324856628 -47.995162434230494 -93.39259506594234
801 11214 0.06066470139545308 0 4194.167610998158 -37.64347103392883 -15.35043088031008 -33.37666741595523 -27.519919889251945 86.59700704801264 26.85054972319591 -8.732188020445376 -99.63787427944973 5.003667173810475 35.652887189320424 9.166232512087163 30.634949837553584 4.976962838069106 51.53803129469557 -30.256039481297822 -7.473801011341436 -21.003180332907906 60.1179950026472 16.049304686274176 -14.223701374025376 57.07388075599447 4.006121325391349 -56.150793714088486 22.509550209110717 -4.646700767381061 -1.1231331128359399 99.80376570937574 53.83723677705971 -46.36534487840752 -93.58738553471942
901 12614 0.04947332516151385 0 3147.735882430956 -40.80784187742179 -14.134516103705865 -31.65495418701436 -29.22269000801599 87.98988430944297 24.86837995323573 -8.374116917015364 -98.49999658619383 5.564423351471128 26.35201064659113 13.500818563071256 30.713079225650112 0.6813279372581104 48.44820536508119 -31.800237195797433 -9.896060256883532 -21.18177193425963 56.3013472764945 18.408273797238845 -19.891251390479795 54.14345517583297 1.7573006042800212 -56.402207353129484 17.91422616717063 -3.0578644950147558 -2.6220387226613466 99.94338187093717 55.54454197231364 -36.86097084009954 -94.14062874558167
1001 14014 0.01946545549455364 0 2868.0307544287507 -43.50072011554318 -13.663121247583966 -31.584565339766144 -30.91487301216337 88.06979455287873 23.72027444559438 -7.894755155509817 -97.12109667683379 5.888179926885635 20.98405324765107 16.0069448207915 33.70231879390031 -2.015414365071033 47.01155557236597 -33.13947100158248 -11.147020049385482 -21.415450032660548 54.37093395046585 19.964441874259872 -23.368788359673804 52.45119751651701 0.6687026436395374 -56.41009781867465 16.278071312599696 -1.8564914126209768 -2.505042236811608 99.98720233110089 56.32610844496377 -31.378286986690128 -94.97965131481874
1101 15414 0.061222883019358985 0 2563.4888936132297 -44.56282105824955 -13.51525349848751 -31.17167652501558 -28.40897706014941 89.97645440833554 23.89298889743963 -8.468122527745631 -97.64948750912447 5.840546823516521 21.792164663648865 15.629000782844889 32.88487532365742 -1.6211433143265748 48.20271957954751 -32.89873234138763 -12.333473544134316 -22.109872846145848 55.118975537689636 19.354315001157527 -22.112084471071537 52.70524504412051 1.0212274406961044 -50.617158429614435 14.844112781748683 -2.7821414514915106 -3.7890016580796084 99.88176553855821 54.94827885792833 -32.206888542871646 -93.27017016156564
1201 16814 0.055216468142435166 0 2255.2961962666127 -49.411931627532184 -12.669953920361744 -30.245351814472002 -22.926039127716727 93.93871205092299 24.040078269434925 -9.494673827316834 -98.93484278164327 5.797563630041701 22.486119346918535 15.306069162391218 34.920180867594055 -2.5142558527466354 52.304359215162314 -33.359380125115685 -14.683008672053095 -24.708369617160585 57.34496402797562 17.66255475246933 -19.31366395479134 52.92454586234059 3.1682774893545247 -34.84054647714826 11.683210722030417 -4.444317535544967 -6.391869751203652 98.84576036044 51.27766626722825 -32.91457651210586 -88.89261500580137
1301 18214 0.001229419610053466 0 2230.7690891143798 -51.048281911670315 -12.583957613034322 -30.17964802354722 -21.45832938367569 94.5970653730993 24.093623044992302 -9.828587804013317 -99.09187121726303 5.782109299193784 22.7347916375755 15.189907673342395 36.40887856699842 -2.59366974164042 53.428815920436236 -33.65360638058359 -14.979535873246867 -25.420975225169613 58.038218637368495 17.436494980705717 -18.691049753636932 53.003745804963266 3.6827655175389142 -30.847289631522163 11.21569212737731 -4.621841779954549 -6.5409766687931405 98.53404603488235 50.21378239094644 -33.16828703512877 -87.92709543574914
1401 19614 0.0035447660493328386 0 2229.155530143254 -51.15789791735283 -12.572411701806677 -30.150617280182846 -21.579578835896527 94.58962599184812 24.05316112702396 -9.87323257294776 -99.04948372154627 5.793633830837802 22.545432408900062 15.278167671885871 36.55172531163823 -2.7118285558850075 53.353313324950555 -33.746748037074745 -14.946129721680254 -25.352587240381066 57.95077172770153 17.49061214020582 -18.858699485020313 52.94415997109212 3.649071733878592 -30.899022479025756 11.208590666216542 -4.415149184722507 -6.46715055918577 98.57166978330355 50.28328014607216 -32.974608997460315 -87.95596245355624
1501 21014 0.014485821623310354 0 2218.156409052944 -51.48608992620791 -12.402928167180116 -30.282952926737497 -22.25984642884308 94.79922632555696 23.90996104607823 -10.344636277911482 -98.88506259676672 5.833969881603215 21.875799954720723 15.59047868387726 36.67577678166073 -3.4876183002919885 52.82977456869888 -34.11114484116274 -14.349684703631839 -24.54871339171023 57.2783076532854 17.372757492223627 -19.491689566593784 52.73308464802798 3.4285914249519207 -31.009144052837346 11.16557178657786 -2.8220915943589144 -6.262044617767001 98.76620449397633 50.78785055417903 -32.29050223112593 -87.74646843812414
1601 22414 0.009686925803387944 0 2209.8741087681565 -51.751941419084815 -12.128085346026118 -30.364701301055504 -22.750831473495065 95.10435650899953 23.895883267682507 -11.04930592746016 -98.69281847572012 5.838219102744808 21.809450324895458 15.62166826220268 36.8073363864156 -3.848857102419777 52.68194013604331 -34.41573788289898 -13.399803158029364 -23.71286753536335 56.81004365051523 17.121936715755467 -19.710319156898592 52.71187157107726 3.4140938291859815 -31.061258519475956 11.160947787479483 -1.1267493232028583 -6.120241551865566 98.88989245546104 51.24984885816802 -32.222918555640504 -87.62827441921506
1701 23814 0.008481289184906355 0 2203.421080268308 -51.73081561319193 -12.019625005914866 -30.2752385670456 -22.528197035864157 95.17890403121912 24.10037833095701 -11.51620133751191 -98.62030064283893 5.7802105674910615 22.76662444982569 15.175022667229099 36.73488858641596 -3.2462137394307358 53.128492629501984 -34.41925786458132 -12.555438975533152 -23.420397161166502 57.057284139856655 16.91489591666652 -19.189578478006446 53.01380902541511 3.596078625423588 -31.019355980607493 11.172463071572217 -0.6188452647690849 -6.239379424091325 98.84710918255345 51.18843331422832 -33.20066143151367 -87.77239211228977
1801 25214 0.014440128142339186 0 2201.2743004722115 -51.76833333423226 -11.777369495436206 -30.24407600101316 -22.30799396172475 95.22890618283282 24.114599626740233 -11.865691701687735 -98.51912698993367 5.776318506463944 22.833167444257974 15.14389507984222 36.62411511137571 -2.8708988378744857 53.150926341352964 -34.45201722228793 -12.372190930116892 -23.31540822503691 57.2399875468724 17.02185983218275 -19.13543249389569 53.034592221086484 3.5863278527123867 -30.969903882648754 11.194790497809455 -0.5836752801900718 -6.341320562320946 98.84018952980524 51.14089961016733 -33.268657071694385 -87.82126225662432
1901 26614 0.01790968552256073 0 2180.7679833707075 -51.65817557794416 -9.241724357385435 -29.933812815364387 -19.634302179143347 95.69755508909411 24.082915825895896 -14.869777876576212 -97.33207724981015 5.78523852842634 22.68498412043332 15.21298569074459 35.37608838887346 1.6017519371567575 52.93192536095084 -33.93231796534299 -12.149806597913598 -22.829305941095342 59.00401459899868 18.457956816722238 -18.771339360236027 52.987975684060515 3.4523355838444125 -30.26279414620986 11.411127292197865 -0.9493906242488712 -7.498046855781048 98.65481651721798 50.44680146220002 -33.117058497713245 -88.32889865413401
2001 28014 0.006414542799756564 0 2178.175544562292 -51.684142016870965 -8.761493594241424 -29.863569142923815 -19.25952048962203 95.74695307364418 24.028635534827448 -15.577684206523967 -97.18284183178226 5.800637124546193 22.430740143777726 15.331796634590289 35.24941026127144 2.066566550197446 52.68565702452047 -34.12695618595081 -12.147631969280168 -22.73737833907716 59.080253163569594 18.665378701129573 -18.865393633609497 52.90786518968867 3.3776463495006492 -30.202875512915202 11.423665318107613 -0.6556163256440779 -7.634952583478815 98.6201488404816 50.378254836313 -32.85751283579355 -88.45250838025703
2101 29414 0.035097930466269044 0 2172.701615573598 -51.22781971806891 -8.444938596110736 -29.806674605417868 -18.602709560580234 95.25597169490167 24.039212092325716 -16.368160107469112 -98.24473783713009 5.797311850584204 22.480576638536093 15.308549849270928 34.887379496867176 1.4551715943038028 52.330207104351615 -35.385079830310566 -13.338943613342432 -23.782125223960012 58.3709151887627 17.974328179480146 -18.181800635869575 52.92364805180343 3.421712034561695 -30.022911265297747 11.42879996905487 -0.18457276959044683 -7.9424817521891296 97.94185435836658 49.96350728274715 -32.90847051752495 -88.5567351824306
2201 30814 0.0004139548381798971 0 2170.5470076497004 -50.937214278010586 -8.38261488117635 -29.72962446459698 -18.165489098742214 94.95119124707975 24.047483584040528 -16.71600560721839 -98.7073021872526 5.795215568479504 22.518987639144946 15.290609846314506 34.80988443890689 1.18322280388966 52.13492239778709 -36.016347350284335 -13.98746355499172 -24.43297606210846 58.11886797696248 17.64141148111594 -17.83451624481705 52.935720003717805 3.5387365473139685 -29.986620483129638 11.43477279149197 -0.06717288328007479 -8.04895927566943 97.49621139233167 49.7014827944064 -32.947680330067136 -88.65336776968523
2301 32214 3.401974351796188e-07 0 2170.532788612274 -50.93660820274383 -8.383016184528106 -29.730809150463305 -18.16601570840156 94.95268841404439 24.04746412872777 -16.71382249632575 -98.70691294686475 5.795223250249127 22.518893776239548 15.29065634701376 34.80832865803863 1.1845332628700727 52.13493898714418 -36.01358721908353 -13.987306365244901 -24.431436199225885 58.121245248012116 17.64247928849599 -17.835104425168616 52.9356864398552 3.5384360699314787 -29.986360179516602 11.434546247954154 -0.07064320522240045 -8.048833390631513 97.49712581385464 49.70163651263584 -32.94757967545965 -88.65214830187932
2401 33614 6.719972643259565e-11 0 2170.5326840564785 -50.93660807800771 -8.38301501298644 -29.73080852054413 -18.16601471834858 94.95268821812392 24.04746425880658 -16.713823655473487 -98.70691244220374 5.795223210763844 22.518894369959636 15.290656070070737 34.80832858430852 1.1845356179411164 52.1349395790016 -36.01358754543488 -13.98730557129771 -24.431436701754905 58.12124549470199 17.642480202765718 -17.835103483259232 52.935686630292196 3.538436476242821 -29.98636018574089 11.434546474122907 -0.07064302393683244 -8.048833870914775 97.49712550307304 49.701636472943896 -32.94758028055246 -88.65214924067733
2501 35014 3.3641030958323406e-10 0 2170.5326840320313 -50.93660807829458 -8.383015013277689 -29.73080852120486 -18.166014725958146 94.95268821780756 24.04746425735088 -16.713823655532753 -98.70691244550233 5.795223211201843 22.518894363039276 15.290656073286817 34.8083285881395 1.1845356052751739 52.13493957928796 -36.01358755518499 -13.98730557856197 -24.43143670201774 58.12124548615433 17.642480196406552 -17.8351034873445 52.935686628105515 3.5384364749564017 -29.986360193397292 11.434546471546998 -0.07064301404263304 -8.048833866559551 97.49712549792113 49.70163647298803 -32.94758027352636 -88.65214924136318
2601 36414 1.349293373526784e-09 0 2170.532683843212 -50.93660807773839 -8.383015012954017 -29.730808527727795 -18.166014767698478 94.95268821754914 24.04746424461059 -16.71382362828734 -98.70691246457575 5.795223214957358 22.518894302561467 15.290656101355102 34.808328609002764 1.1845355429530307 52.13493957951504 -36.01358759702772 -13.987305645904257 -24.431436702732267 58.121245456883564 17.642480185050278 -17.83510352319179 52.93568660906264 3.538436464670742 -29.986360259150565 11.434546458197007 -0.07064299697451643 -8.048833836539792 97.49712547267953 49.70163647351208 -32.94758021203619 -88.65214924349281
2701 37814 4.033299961429295e-09 0 2170.532681519069 -50.93660807790712 -8.383015011899138 -29.730808626009377 -18.166015307706182 94.95268821877234 24.04746409198091 -16.71382321653787 -98.70691264292505 5.795223260017843 22.518893578784315 15.290656437618402 34.8083288092036 1.1845348347296816 52.13493958043898 -36.013588006038326 -13.98730635117317 -24.43143670116836 58.12124512134273 17.642480065848204 -17.835103904718135 52.93568638138394 3.5384363085641506 -29.986361005479843 11.434546283255925 -0.0706428533378726 -8.048833502695416 97.49712522415295 49.70163647340465 -32.94757947609665 -88.65214925692666
2801 39214 1.894641805234773e-08 0 2170.5326704215504 -50.93660807463785 -8.38301501530129 -29.73080911737615 -18.16601788179491 94.9526882186682 24.04746330445201 -16.71382101733181 -98.70691343190097 5.795223491593325 22.518889846892 15.290658171933075 34.80832978577999 1.1845316008772466 52.13493957628886 -36.013589853996955 -13.987310094411757 -24.431436698053567 58.12124372781946 17.642479739804294 -17.83510595817088 52.935685208486696 3.538435487095493 -29.98636483712552 11.434545454986061 -0.07064273261242808 -8.048831793779213 97.4971241272983 49.70163646755429 -32.94757568200868 -88.6521493073885
2901 40614 1.4819319552110113e-05 0 2170.522400235116 -50.93660514193769 -8.383017777605485 -29.731832220631365 -18.170439578933507 94.9526877342995 24.046108547725645 -16.709861712333332 -98.70836339417285 5.795621546383172 22.512473653169806 15.293640051381141 34.8100045677969 1.1788551417489213 52.1349390129402 -36.01665457363507 -13.994005193031409 -24.43143639934504 58.118808796318525 17.641936905757422 -17.838603180949416 52.93366698874419 3.5370119989197994 -29.992889652707508 11.433243767178288 -0.07056327771141818 -8.045832047934454 97.49510057616435 49.70163460786023 -32.94105187530239 -88.65186078511893
3001 42014 3.1697942056829427e-09 0 2170.522044200914 -50.93660807792268 -8.383015013372836 -29.731823566341056 -18.170376702454085 94.9526882182829 24.046120319264666 -16.70989441400491 -98.70834627586427 5.795618118021855 22.512529551234802 15.293614089666303 34.80998874428402 1.17895027109715 52.13493957889005 -36.01659129178621 -13.99397146622293 -24.431436701506897 58.11885715671858 17.641960839436223 -17.838582629782536 52.93368441845529 3.537021914082451 -29.99281341828938 11.433263237611929 -0.07060685266011932 -8.04585993591791 97.49512801971598 49.70163647303879 -32.94110883763081 -88.65186012357633
3101 43414 1.562633053838373e-08 0 2170.5220431370863 -50.93660807771525 -8.38301501214851 -29.731823560063862 -18.170376163906827 94.95268821946499 24.04612057704684 -16.70989520002489 -98.70834623440824 5.7956180438382985 22.512530769740827 15.293613522252452 34.809988642603194 1.1789509730566197 52.134939577658784 -36.01659097271295 -13.993970437035397 -24.43143670143444 58.11885743721994 17.64196066705829 -17.83858193889386 52.9336848002229 3.537022248763396 -29.99281203995177 11.433263658886446 -0.07060640534729616 -8.045860233230313 97.49512812557798 49.70163647376902 -32.94111007724451 -88.65185996303025
3201 44814 7.028818194584918e-08 0 2170.5220294577102 -50.93660807616066 -8.383015013308109 -29.731821567927604 -18.17036035860421 94.95268822543244 24.046126556509744 -16.70991331090998 -98.70834276500744 5.795616308491143 22.512559080292235 15.293600350018563 34.80998426369427 1.1789711472587467 52.13493957454429 -36.01658063829683 -13.993944046213086 -24.431436701025966 58.118865773712024 17.641959554888167 -17.838566662351184 52.93369368105399 3.537029494982623 -29.99278080294859 11.433271847735975 -0.07060087465595029 -8.045869702719484 97.49513343768137 49.701636478488076 -32.94113887794789 -88.65185783964365
3301 46214 0.0003248240285610582 0 2170.5096958035742 -50.93674444466702 -8.38316462361701 -29.734749610457538 -18.177775148100114 94.9525319114969 24.045194093667096 -16.70677497413676 -98.7129649235771 5.795904377561467 22.508085556050617 15.295667783539109 34.815214512544074 1.1713071606478946 52.135004958972296 -36.02227828634721 -14.002818087429501 -24.431447212413843 58.1150206188585 17.639132987966036 -17.84241364966937 52.932270687711224 3.537126034704562 -29.99420072535398 11.434703979702059 -0.06549064860076577 -8.039409582704602 97.48845668262126 49.701525178865026 -32.936609831669 -88.64918061525299
3401 47614 0.0016828008015632985 0 2170.467438825798 -50.93692875742522 -8.383289026727299 -29.7394706253018 -18.196167329757667 94.95206769400457 24.041912733451863 -16.692711611567752 -98.71722806076954 5.796824226335904 22.492700992378772 15.302866274846332 34.82798329124945 1.16280688016951 52.135127881234695 -36.02938787061717 -14.015808642624556 -24.43173578088188 58.11325016861445 17.646685560006773 -17.856568380300626 52.92742016001498 3.5372804530764905 -29.992940475742703 11.435780751746227 -0.07314314000013995 -8.029170586680072 97.47542872450407 49.70210865082131 -32.920873472115474 -88.64069497668122
3501 49014 0.004312594372199434 0 2170.182690067652 -50.93573135640869 -8.385830247351482 -29.77000940320874 -18.348640107473102 94.94741712256825 24.02055225366792 -16.61487739101989 -98.78474966818769 5.802869618542703 22.39283891850029 15.349439078937476 34.9238984376546 1.0550730729616542 52.13680965365772 -36.15295866186515 -14.130608963021993 -24.430990015640994 58.06081612409058 17.659054772899434 -17.937922316929342 52.896042965963865 3.52056951815944 -30.054090616360796 11.424704058093125 -0.05961113323997081 -7.93767776573057 97.35345112536665 49.70677747371795 -32.81893974727911 -88.59536641087682
3601 50414 0.006635127188762503 0 2169.750788451372 -50.932956750717224 -8.389976066900353 -29.818193573079675 -18.576317893733748 94.93832309841139 24.01024719944406 -16.59146797545938 -98.91841623513609 5.805719529212097 22.344825005483877 15.371883345192202 35.1085333294411 0.9079131646913524 52.14263259781192 -36.419388549478505 -14.254929106640343 -24.4294527048125 57.966691438474086 17.617730359217678 -17.995600112483086 52.880872214521 3.5211256586053503 -30.12924439301343 11.428624572105846 0.05552717093060824 -7.772666695644644 97.09673556118496 49.715024817014054 -32.76978845363274 -88.51564456513495
3701 51814 0.00682315084975786 0 2169.092016048386 -50.92624100068559 -8.384666343262328 -29.883177446519788 -18.691948024972252 94.9357079572888 24.04219088084126 -16.643289541617225 -99.07586367705078 5.796698444983786 22.494450492415663 15.302026736422977 35.27705094878416 1.1201436875563886 52.15332056062625 -36.69889703203084 -14.314241317540795 -24.427277021964223 58.1608027916594 17.59557305135986 -17.91808030530068 52.928008579342084 3.4687199687146504 -30.214611388589592 11.416412542329677 -0.07860401019409041 -7.607286916890045 96.73362878451111 49.718893926441666 -32.92268834968689 -88.42150753829307
3801 53214 0.0021438794771572733 0 2168.9045351302366 -50.925949955188784 -8.380791474906477 -29.899163593641216 -18.740368037557328 94.93539626211123 24.053611707107695 -16.64601576689371 -99.11901006732872 5.79349713197766 22.54770863018162 15.277228588274767 35.34092652478005 1.3213358585445554 52.163575405701295 -36.80308067218499 -14.27637561348389 -24.42934000269232 58.300529167536055 17.63656532409214 -17.86204410018193 52.94476812256836 3.393451073984608 -30.246559231422165 11.41520058722895 -0.22310394762843969 -7.546671926121022 96.58406460998822 49.722882534427704 -32.97704189821639 -88.39997805720027
3901 54614 0.0044233277062189465 0 2168.6768567160207 -50.93475898214058 -8.376155960571513 -29.89350177097694 -18.920770966568373 94.93993840166397 24.03853923248704 -16.600056468115053 -99.13843631301745 5.797792153865539 22.477076719451972 15.31016005902407 35.32530060979513 1.4760586410665386 52.16156085509287 -36.983658382647384 -13.988897491600516 -24.424209003539044 58.31874437460336 17.66980345680947 -17.792422827804824 52.92252004691373 3.1365676954802035 -30.234121860208923 11.416323815030863 -0.26536765620589825 -7.562756281436064 96.46719962787431 49.72666011558434 -32.904871102544476 -88.40597264326239
4001 56014 0.0002624912840083912 0 2168.6154218540137 -50.9350285268833 -8.377777505097033 -29.895572779431987 -19.019601949350932 94.93751255640007 24.03319704876917 -16.57233209968276 -99.15909235582329 5.799289512537956 22.452064307306077 15.321821554525956 35.33071886496761 1.5549210865526992 52.16096265297798 -37.09215027909204 -13.876490766465269 -24.424979325070062 58.33333851172113 17.69615671902276 -17.74244856261799 52.91463035768144 3.0336527474270034 -30.23989657511034 11.416261531173717 -0.2988324054490348 -7.556395625207029 96.3641272168519 49.72821383031468 -32.87933086484532 -88.40422826150653
4101 57414 6.551125405846701e-08 0 2168.6141659400723 -50.93502145408959 -8.377758744862003 -29.89548190984586 -19.01903128728437 94.93753138470339 24.03322627093387 -16.572818471924215 -99.15890723099243 5.7992819480079705 22.452207274635747 15.321755599851292 35.33055688103986 1.5552081472385804 52.16099406991811 -37.09202721730288 -13.876723266129728 -24.424973324246942 58.33362739429671 17.696006229563608 -17.742359352257008 52.91467441001639 3.0340264889409885 -30.239860435107975 11.416052553920931 -0.2989084711865631 -7.556619433778219 96.36440369389761 49.728264741882526 -32.879475688904726 -88.40440265182391
4201 58814 1.9530991003610864e-08 0 2168.614165290519 -50.93502145532731 -8.377758744510345 -29.89548181386396 -19.01903153283435 94.93753138300607 24.033226306607265 -16.57281838188013 -99.15890725387358 5.799281938004556 22.45220743994681 15.321755522702171 35.33055647716646 1.5552083178223728 52.16099407257917 -37.092027403372235 -13.876722558071837 -24.424973322495404 58.33362733035414 17.696006177541186 -17.742358938776437 52.914674462241216 3.0340262752355778 -30.23986029943115 11.41605263062548 -0.29890854591829225 -7.556619788567951 96.36440348977631 49.72826474390935 -32.87947585782138 -88.40440274639185
4301 60214 9.722010555993419e-08 0 2168.614159681016 -50.935021456342284 -8.377758746481819 -29.895480749649984 -19.019033975336058 94.93753138426194 24.033226667539473 -16.572816665477266 -99.158907038977 5.79928184244272 22.452209095747293 15.321754750420734 35.33055045388946 1.555209031346196 52.1609940715947 -37.09202790280405 -13.876712244444466 -24.424973323040234 58.33362639107778 17.69600488508422 -17.74235297693733 52.91467498600885 3.034023893544859 -30.23985816536208 11.416053995715965 -0.2989094535518891 -7.556625033065467 96.36440294404765 49.72826474405425 -32.879477547999684 -88.40440402232834
4401 61614 0.0023200082113553444 0 2168.606761999537 -50.934989341157184 -8.377789384628873 -29.892981653395413 -19.030219551815208 94.9375326167935 24.034230195891194 -16.572473073800104 -99.16199996677658 5.799009435621978 22.45688980599712 15.319571315553961 35.31728496074242 1.5548056127158982 52.160953252940644 -37.10792898070486 -13.845389932944059 -24.42488570045572 58.32956605145882 17.687257456248375 -17.722739134575942 52.91617006270878 3.0241054331220525 -30.236800390801292 11.417178939687172 -0.29282319096602566 -7.568225446451758 96.35086415440703 49.72816746309633 -32.88426882606638 -88.40907971803558
4501 63014 0.008293443312492326 0 2168.548112753035 -50.934818615786014 -8.377680179926532 -29.8690758119003 -19.08874462068699 94.93710819636703 24.02796425441228 -16.526291153097432 -99.16823505679136 5.800792751579708 22.427567278218557 15.333229924885671 35.25310317976918 1.5562496556949372 52.161479330111945 -37.15253013189432 -13.799682675148247 -24.424964966767618 58.335785608711895 17.714813788504692 -17.680379864387874 52.90692247115852 3.0019163614559634 -30.205049800184927 11.422093107794806 -0.3590166985662689 -7.630619478266912 96.27691889267803 49.728634936689105 -32.85432109733298 -88.44570811820165
4601 64414 0.0018073952227172917 0 2168.4923790030944 -50.933860693182375 -8.377440957981023 -29.855867703262398 -19.13478831546192 94.93655882202799 24.034911042302813 -16.479453787047714 -99.2252522990339 5.798813994248942 22.46004634590792 15.318097117554771 35.212346803063284 1.4397972794402114 52.16259916552407 -37.19680268429263 -13.873489768182191 -24.425045943114917 58.35057773523762 17.67957126154142 -17.625507919144574 52.917134782536074 3.112933594118079 -30.181175818253106 11.422984050600215 -0.38083056309185315 -7.670252670660265 96.12443064231891 49.72799312563419 -32.88749048547087 -88.46523240741135
4701 65814 1.31272825037108e-06 0 2168.4886821529553 -50.93378238678521 -8.37745535277384 -29.854350297776964 -19.13484293452331 94.93655062618461 24.03589026607424 -16.478955433086327 -99.22734142174038 5.798528280686556 22.46466192909133 15.3159446273666 35.20838746332037 1.4323591609754187 52.16262798230394 -37.19654900705727 -13.87716604615178 -24.42499654960259 58.352844917457475 17.67508062894412 -17.622384801093695 52.9186058210864 3.1237948970307348 -30.180011395672928 11.422758833543252 -0.3827228358543879 -7.67402521346711 96.11777755704124 49.728009641181565 -32.89220500531945 -88.46701809215658
4801 67214 1.1176046612234172e-07 0 2168.488672391668 -50.933782394135925 -8.377455331566786 -29.85434999267702 -19.134844108935027 94.93655061402964 24.035890740772412 -16.47895680579751 -99.22734248243792 5.798528146358992 22.46466415067485 15.315943591523238 35.20838761574711 1.432362061973493 52.16262799882876 -37.19655273081104 -13.877162301654002 -24.424996545834503 58.35284567986291 17.67508081211987 -17.62238287371494 52.91860651775016 3.1237923466231723 -30.1800104446299 11.422758683336204 -0.38272357306750077 -7.674025545410912 96.11777367511007 49.72800966107034 -32.89220727348463 -88.46701832017716
4901 68614 3.6861207161975824e-07 0 2168.48866952026 -50.93378239591496 -8.377455328408681 -29.854344820262277 -19.134857732098027 94.93655061759497 24.035893553807785 -16.478957231848987 -99.22735277206719 5.798527394810623 22.46467729318119 15.31593744761569 35.20836416506706 1.4323403276822637 52.16262799599357 -37.19657104123627 -13.877147380696046 -24.424996540764234 58.35284351477082 17.675059815172055 -17.62235592762855 52.91861065551035 3.1238067857134837 -30.179999367425957 11.422762619411953 -0.3827196713226898 -7.67404667959953 96.11774083217448 49.72800966004587 -32.892220708955584 -88.46702515053552
5001 70014 3.8497410511156285e-05 0 2168.4885465411585 -50.933782316205 -8.37745518405674 -29.853928348185377 -19.136096229017877 94.93655055206665 24.03610213548587 -16.47895897492768 -99.22820119550555 5.798472356116937 22.465651493173624 15.315481761086762 35.20656707211496 1.4305097389825112 52.1626282341055 -37.19811163312831 -13.875960684714881 -24.424996555665086 58.35263826906684 17.673384338827653 -17.62028548555517 52.918917209098865 3.1249345696290365 -30.179169809459985 11.42308028174547 -0.38244350061922094 -7.675688696477976 96.11508175830362 49.72800946979391 -32.89321691575205 -88.46756928989302
5101 71414 2.7308598094586e-07 0 2168.4884568619964 -50.933782395517305 -8.377455332200954 -29.85379781793049 -19.136458509093796 94.9365506144303 24.036214576125065 -16.479150702768308 -99.22858352954945 5.798441776961794 22.466177790582723 15.315235870865504 35.20603616569551 1.429635743273029 52.16262799902261 -37.19877265680408 -13.875817096565823 -24.424996543189305 58.35254371658228 17.672621170803822 -17.619550175105807 52.91908264429732 3.1256276852342575 -30.178855771513057 11.423186437426184 -0.3820930661179711 -7.676193239647976 96.11394948262293 49.7280096607798 -32.893754782455815 -88.46774245481174
5201 72814 1.1735421617890805e-06 0 2168.4884499434634 -50.93378239238551 -8.377455330087068 -29.853842619101567 -19.136369839275673 94.93655061775087 24.036195579377424 -16.479146202814853 -99.22853849024335 5.798446802887517 22.466088996672298 15.315277392417329 35.20622967453009 1.4297209939283826 52.16262799668955 -37.19867568928881 -13.876024095821359 -24.42499654431804 58.35255552852814 17.672750067309735 -17.61976012584426 52.91905464918268 3.12558245543573 -30.17894270960924 11.423146716260614 -0.38209793129639175 -7.676016953798589 96.11411192195318 49.72800965486156 -32.89366398870962 -88.46768587464437
5301 74214 5.606224460028534e-05 0 2168.488222943591 -50.933782441333655 -8.377455163173833 -29.85388984279575 -19.13728449487326 94.93655056534945 24.036384703447073 -16.4793528897551 -99.23004041207396 5.798393558584912 22.466977070471412 15.314862606740009 35.20653695193749 1.4264682500295272 52.16262801317649 -37.20076506954402 -13.879272100120994 -24.4249964519203 58.35259812493641 17.671030925256343 -17.619479914047265 52.919332831681054 3.1283654139506525 -30.17897935822339 11.422928412265483 -0.3814539385502519 -7.675771434941144 96.11007295251851 49.728009710608646 -32.89457120487396 -88.46770423544076
5401 75614 8.632649625280508e-07 0 2168.4878576148712 -50.933782394469894 -8.37745532913558 -29.85360282312454 -19.13963931455786 94.93655061476167 24.03689676172656 -16.47929049436787 -99.23339518542575 5.798249003937625 22.469375276492176 15.313745293278572 35.20552389098767 1.420030900034505 52.16262799895876 -37.20539110870332 -13.884511466599125 -24.42499654598468 58.35302539263814 17.667057172411475 -17.617169272746388 52.92008453882798 3.1341980934057196 -30.178464105573216 11.422837970464984 -0.38079109181856896 -7.676707189384983 96.10048379811094 49.72800966057502 -32.89701982977781 -88.46824258123199
5501 77014 4.703478079337946e-06 0 2168.4878456934666 -50.93378239335109 -8.377455329285167 -29.853623784180407 -19.13970553843005 94.93655061026715 24.03691992621034 -16.47930884851913 -99.23360511137346 5.798242112251723 22.469484333297885 15.313694504107787 35.20563697670705 1.4195773431360945 52.162627998656674 -37.20563133499956 -13.885194517306823 -24.42499654418521 58.35307649469716 17.666858179400272 -17.617237184374037 52.92011872043182 3.134660432151357 -30.17850216795672 11.422780872750767 -0.3807656646366805 -7.676609449619937 96.09990861113364 49.728009660373736 -32.89713121478232 -88.46822427399276
5601 78414 5.185977334043438e-06 0 2168.4878191240487 -50.93378239562358 -8.377455334337416 -29.853549130029535 -19.140251087186396 94.93655061553824 24.03705936472048 -16.479363677550765 -99.23444942181108 5.798202772054115 22.470138540670995 15.313389312284775 35.20534876358966 1.4178532299672633 52.16262799642908 -37.20676582426631 -13.886664838548473 -24.424996547111878 58.353212867793616 17.665777876969713 -17.616718706195652 52.9203243520402 3.136260958259406 -30.17833396150771 11.422741902569825 -0.38070245673148656 -7.676888965044219 96.09746404964301 49.72800965649059 -32.89779964773251 -88.4683383001236
5701 79814 0.00011018010757757817 0 2168.4875219942924 -50.93378268614931 -8.377455271643624 -29.852798660408553 -19.14103368731021 94.93655051574865 24.036923830712155 -16.478222114842485 -99.2349940065258 5.798236071804704 22.469506386925495 15.31368716836399 35.20321136071966 1.418871921802641 52.16262808412219 -37.207881364910776 -13.888421222052722 -24.424996562710906 58.355248036870876 17.66622130491364 -17.6158463054396 52.92012947462 3.1362242843429704 -30.177398233688038 11.422839554390373 -0.38592213961052824 -7.6789024625730375 96.09340259801128 49.728009707003814 -32.89715577620275 -88.46931759676498
5801 81214 7.954080570875992e-05 0 2168.487324068097 -50.93378240824505 -8.377455350978819 -29.8523271944987 -19.14242154383149 94.93655069545088 24.036974640766477 -16.478218798538755 -99.23602221866248 5.798221777131359 22.46974231855036 15.313577592889754 35.202455041503434 1.419650134248075 52.162627936026446 -37.210767761513615 -13.889358483494664 -24.424996595205478 58.35728320777371 17.66597304929473 -17.61433107051577 52.92020382516403 3.136279099241613 -30.176872326049708 11.42308020125891 -0.3891593729722582 -7.679772436007018 96.0884877786792 49.72800957653321 -32.8973976211244 -88.4701108350202
5901 82614 0.00014066169701497386 0 2168.4870376666045 -50.933782342259384 -8.377455274428756 -29.851546536790174 -19.143189152158374 94.9365506482446 24.03663824939079 -16.479320842123673 -99.23570152455316 5.798319102826371 22.468150391689996 15.314320569493093 35.202375021446954 1.4241761795951133 52.16262804918541 -37.21368292866502 -13.890032829152405 -24.42499652831046 58.36040492798177 17.66782930124274 -17.614561392290216 52.91970289529736 3.1333891425157847 -30.176374088018935 11.423066378925666 -0.3952741627023306 -7.680350931004583 96.08514071114622 49.72800962450436 -32.895775510544496 -88.47111824548138
6001 84014 0.00027289580504596473 0 2168.486656990932 -50.933782229075454 -8.377455219466256 -29.85099664681757 -19.14398523224205 94.93655049073695 24.036475810594936 -16.48293488057846 -99.23376779680896 5.798370261780253 22.467374605281506 15.31468574685305 35.20050829728744 1.4285247514439074 52.162628161225044 -37.216616760532816 -13.883136953259807 -24.424996367811325 58.35983309937741 17.666925706862312 -17.613214596949145 52.919457224299705 3.128386834864637 -30.1755134145708 11.42315347219963 -0.3947606950975997 -7.682331109109955 96.08601779323357 49.72800971309825 -32.89498301659269 -88.47165772474808
6101 85414 0.0013491566171530255 0 2168.4835649703678 -50.93378327474111 -8.377454483408085 -29.85065691797953 -19.155106389685333 94.93655081317738 24.036012842365174 -16.51148446865108 -99.22949959882101 5.798505662643729 22.465204651193876 15.315693549696768 35.19630358798405 1.4217061302207998 52.16262668851111 -37.24340585297974 -13.892674443756947 -24.424998064148447 58.355110221524605 17.64278635514968 -17.617686297832023 52.91877797169101 3.1307345276128493 -30.174064459766008 11.422829196048482 -0.3874428815226424 -7.685555039735514 96.0657503362498 49.72800957364511 -32.892768974261465 -88.47259332513327
6201 86814 0.00020391244143718888 0 2168.4810040271204 -50.93378227411316 -8.377455901047941 -29.85062785671172 -19.15564255817409 94.93655093508369 24.03434730703181 -16.542650724377832 -99.21268795155467 5.798973140023118 22.457406040964262 15.319332147071497 35.196669712935616 1.4273066549348028 52.16262451657715 -37.24801793156482 -13.898427255896602 -24.424995423206642 58.34988068821095 17.62824923582536 -17.633818521930635 52.91631922966791 3.126720900391471 -30.17436566543506 11.423061498116734 -0.38391860986152965 -7.684972289042642 96.08115565743744 49.728009505572736 -32.884792945914825 -88.47250463216182
6301 88214 0.0018690084244063537 0 2168.478635842529 -50.93378173679209 -8.377455574872391 -29.852013109581023 -19.17947128418915 94.93655176406668 24.03364353950467 -16.54224590523339 -99.20645143047177 5.799171478238084 22.454125708918674 15.320863998686441 35.2022154432917 1.408775818716949 52.162627336434106 -37.258491279219996 -13.88893196193288 -24.424995843379424 58.349073846051475 17.622265842873443 -17.636957876291124 52.91528745072951 3.1311021437314746 -30.177683312434635 11.423295600914326 -0.39320352774358647 -7.679844750614303 96.07802352660627 49.728009622137066 -32.88144708460576 -88.47012409715916
6401 89614 0.0007245098922767908 0 2168.4742506830157 -50.933782517029385 -8.377454879347155 -29.854810632023614 -19.235219663742072 94.93655126753382 24.034733558844902 -16.54699647178613 -99.18709959768923 5.79886108197849 22.45922491419643 15.318482865176144 35.20732358433129 1.380476839150937 52.16262871697049 -37.287407061973646 -13.843940485948103 -24.42499691474811 58.363543066535456 17.605751767444165 -17.628584711149607 52.916885993087256 3.136382840779126 -30.179820472463298 11.422789143189393 -0.4361741260921875 -7.674379754842995 96.06869913549306 49.72801052540253 -32.88664932439755 -88.46614077320096
6501 91014 1.0615903006371032e-05 0 2168.4739676884924 -50.933782395903236 -8.377455329160115 -29.854593717846832 -19.23906901476425 94.93655061587722 24.035074304664636 -16.54843095062874 -99.18455923937604 5.798763881524399 22.460819259809824 15.31773968216438 35.20779648887927 1.377214995667923 52.162628000342835 -37.28851677976835 -13.84023842095154 -24.42499654558524 58.366026814662796 17.604152966110025 -17.62764420514282 52.91739053071749 3.1388359032770596 -30.179865587362098 11.422630297589457 -0.44141413676519914 -7.674208846535953 96.06971210904496 49.72800965993159 -32.888279194113096 -88.46658105583198
6601 92414 2.5640408335318278e-05 0 2168.473954741245 -50.93378238719984 -8.377455331972174 -29.854545969453902 -19.238227049798468 94.93655061500706 24.035089758308295 -16.548805545318164 -99.18402388677744 5.7987584527895955 22.460894865165034 15.317704484885883 35.20768646764312 1.3770619995492266 52.16262799884546 -37.28737016021572 -13.839888411940521 -24.424996545216924 58.36542293381426 17.60417367170993 -17.62792974742143 52.917414800458516 3.138953900483564 -30.179803120955043 11.422651916233345 -0.4405624023092506 -7.674298229214409 96.07168654011295 49.72800965955686 -32.88835588815622 -88.4666856655365
6701 93814 9.997554109384146e-06 0 2168.4739449154745 -50.93378239441751 -8.377455329178472 -29.85430991856196 -19.23800256881761 94.93655061610937 24.035089827153616 -16.549115958905922 -99.18386699148613 5.798758350291256 22.46089643826329 15.317704113586418 35.2071073280849 1.3767647358837287 52.16262799859699 -37.28724257151285 -13.839975250400554 -24.42499654246438 58.36536546846952 17.603949452780036 -17.62779280087604 52.91741553629128 3.1392862715639924 -30.17948500653452 11.422697724688504 -0.44073024856758813 -7.674867014261164 96.07182664172015 49.72800966193136 -32.88835770611387 -88.46706781084804
6801 95214 1.2944999899504995e-05 0 2168.473939231565 -50.933782395899236 -8.377455328338797 -29.854091783699122 -19.23781109642397 94.93655061339794 24.035053248731558 -16.54936725871056 -99.18361667662835 5.798769251509589 22.46072461473076 15.31778436034853 35.20669918008901 1.3762945830626452 52.16262800261069 -37.28698927714598 -13.839790410079878 -24.424996544787195 58.365013822400016 17.603829399436247 -17.627840787986578 52.91736140009313 3.1394638723964188 -30.17922219506585 11.422763625587226 -0.4405571707525539 -7.675330527680032 96.07244629574897 49.728009662966244 -32.88818255055179 -88.46740519726141
6901 96614 1.4172458619473647e-05 0 2168.473935463759 -50.93378239609573 -8.377455331139362 -29.85403019732131 -19.237058369330814 94.9365506120391 24.035034714695836 -16.54923968548619 -99.1836654773517 5.798774589528095 22.460637292548746 15.31782547457082 35.20650324175677 1.3759348294257732 52.162627999314346 -37.28625270539769 -13.840438531129985 -24.424996547210135 58.36474922757874 17.60385049383941 -17.62808648175611 52.91733405716805 3.1398383895890425 -30.179110608621176 11.422747793473778 -0.44022622857361476 -7.67552818091921 96.07305419014482 49.72800966234924 -32.88809387161502 -88.46747567194981
7001 98014 2.340571389283705e-05 0 2168.4739251595647 -50.93378239456862 -8.377455328169262 -29.854035410429614 -19.236627680429418 94.93655061365482 24.035074893595745 -16.54936965584301 -99.18362937511596 5.7987631109780295 22.460825970957824 15.317737557914349 35.20643765121827 1.3759190262798928 52.162627999885665 -37.28603569655151 -13.840685271125894 -24.4249965461019 58.36511250921712 17.603390157884753 -17.627873523798208 52.9173937499483 3.139982863581863 -30.179097027154725 11.422739912014295 -0.44064389705666823 -7.675581023744357 96.07328484826466 49.72800966210353 -32.88828668401731 -88.46748514698676
7101 99414 0.00011250935549130134 0 2168.4738838815683 -50.93378239044464 -8.377455326921012 -29.85399378478695 -19.235118959626185 94.93655062628883 24.03517227574315 -16.549901620694577 -99.18332200159986 5.7987357822879115 22.46127957592181 15.31752583514214 35.20597727892994 1.3758740780103316 52.16262798504216 -37.285085258923424 -13.841102030828964 -24.424996536651708 58.366206860046 17.601093485185693 -17.626950688521493 52.917535958929065 3.1400757576928315 -30.17892553078112 11.422753032181108 -0.4418598722412161 -7.675930155349888 96.07474396037468 49.72800965359122 -32.88875027848613 -88.46758761657802
7201 100814 0.0010191545316395809 0 2168.473336521752 -50.93378232075629 -8.377455338924811 -29.85354903553327 -19.22375811187447 94.936550596182 24.03510139895654 -16.551440629595124 -99.18825661514869 5.798754539657888 22.460951895406446 15.317679549275383 35.20455498809261 1.377234005896708 52.16262799394331 -37.28792050866273 -13.836337729061842 -24.42499657502184 58.37236937612843 17.571350489770275 -17.610189430927452 52.91743345493657 3.1266275241994177 -30.178267074765383 11.422866691563389 -0.444293924483702 -7.677309960428914 96.07898002507014 49.728009614785115 -32.88841423512945 -88.4684547677908
7301 102214 7.722038069258256e-05 0 2168.472981068457 -50.933782396224615 -8.377455332487832 -29.854353907334428 -19.215501287746275 94.93655060818139 24.03453094977759 -16.552701308476298 -99.19468589805072 5.7989173818768895 22.458275650834363 15.318926680847138 35.20740873341489 1.3768030792648156 52.16262799772226 -37.293670622882665 -13.83975737490074 -24.424996550901046 58.37936107404655 17.540221890455747 -17.597427476209045 52.91658968734374 3.1143826063916022 -30.179585980679622 11.422730761030278 -0.44739328249492544 -7.674650380745544 96.07761752236179 49.728009661805 -32.88568047594715 -88.46700317473234
7401 103614 3.3596546601808136e-05 0 2168.4729722816614 -50.93378239399242 -8.377455330716758 -29.85428034567135 -19.213566395632274 94.93655061381693 24.03446806654883 -16.55333185273205 -99.19563605391454 5.798935143290549 22.4579807822042 15.319064204409433 35.207336934996476 1.3774740662272018 52.16262799954085 -37.294776284590014 -13.839132339220662 -24.424996544845754 58.380508922939306 17.534522558649083 -17.59443703914061 52.916497080030666 3.1112810241816113 -30.179506175003024 11.422729688567314 -0.448049313453706 -7.674752314969101 96.07795181954296 49.72800966168016 -32.885379261721134 -88.46710187440392
7501 105014 8.532428379914111e-05 0 2168.472963198854 -50.93378239712017 -8.377455331979748 -29.85420622194345 -19.213088153932855 94.93655061794922 24.034464229897534 -16.553382102083695 -99.19587867291602 5.798936010458077 22.457962604514268 15.319072090797205 35.20713833087509 1.3778244871115144 52.16262800083894 -37.29469312847272 -13.839851869433094 -24.4249965442942 58.38022476730533 17.533884826567146 -17.59381984012223 52.916491361535634 3.110540212746064 -30.179421150914017 11.422741096124213 -0.4482294922427221 -7.674949265018416 96.0782518586521 49.72800966515437 -32.885360879564736 -88.46721783863096
7601 106414 0.0007496501103457169 0 2168.4728379783073 -50.93378239508017 -8.377455358337325 -29.854476584146216 -19.217359789757673 94.93655059592956 24.034483448976413 -16.555709642654723 -99.19628910987365 5.798931500515641 22.458050013260113 15.319031642824093 35.20740489782555 1.3768833740358162 52.1626280067045 -37.30047055941169 -13.841323472112977 -24.424996546207357 58.37125815114396 17.529231601214143 -17.58787882003512 52.91651775026558 3.1016215221084305 -30.179576830813353 11.42270323263369 -0.44719595840913984 -7.674540266868932 96.08026658283624 49.72800966957937 -32.88544968780659 -88.46690784804562
7701 107814 0.00020621781197884144 0 2168.4725926361043 -50.93378240114803 -8.37745525015464 -29.854482292391463 -19.2334720510712 94.9365507089793 24.03444365485799 -16.558860512665827 -99.20018427646296 5.798941819144543 22.457865016135614 15.319118508744495 35.20780459815078 1.3795114550688157 52.16262806478782 -37.32214656520723 -13.843092364818029 -24.424996428648566 58.345174824165035 17.516669572535484 -17.564748907943763 52.91646036923226 3.0676884827672763 -30.17976792956606 11.422664750684538 -0.4504493953860732 -7.674278548580738 96.08057529712936 49.728009611656475 -32.885261213135074 -88.46679347139987
7801 109214 5.020862414027767e-05 0 2168.4725848106286 -50.93378240194252 -8.377455259280536 -29.854418666768456 -19.234780918343162 94.93655070286314 24.034471325644887 -16.558584122317146 -99.20027863988517 5.7989342052678134 22.457995920329658 15.319057033580924 35.20770890477811 1.3793728532067449 52.16262806435362 -37.32290850911499 -13.843532614288435 -24.424996431778183 58.34182773300626 17.51628225499433 -17.562589091995576 52.91650185377887 3.064736394122652 -30.179708223285463 11.422689975967614 -0.4504371075462619 -7.674385304678569 96.08214704659453 49.72800961251998 -32.885394948786804 -88.46688562615536
7901 110614 0.0001694861487872646 0 2168.4725662768633 -50.93378240290255 -8.377455256276681 -29.854486639148234 -19.23790509843408 94.93655070466625 24.034462531944726 -16.55765979908933 -99.19947355536327 5.798936709932955 22.45795264040367 15.31907739223956 35.20790456307513 1.3793376761047407 52.16262806035068 -37.32370096876425 -13.843501217827058 -24.424996426112358 58.34194029534314 17.51263336352337 -17.560258687442243 52.91648800271396 3.0645142834099843 -30.179814698517678 11.422671934135975 -0.4501953798693227 -7.6742012823292844 96.08164139647884 49.72800961412957 -32.885350616414335 -88.46678299164411
8001 112014 0.0002998724005068776 0 2168.4725292486864 -50.93378240406261 -8.377455260496708 -29.854467847814746 -19.243443617776993 94.93655070180648 24.034518169455 -16.555214384696377 -99.19604468346354 5.798920851621109 22.458215209077707 15.318954914731071 35.20800022673291 1.3803406246029282 52.16262806552273 -37.32151617402119 -13.843032072273461 -24.42499642481602 58.34597502210917 17.50502632521687 -17.55757787707404 52.91657105317872 3.0695100161340454 -30.179836658880294 11.422700043889307 -0.4479747815298632 -7.6741453600216065 96.08120520751336 49.72800961291994 -32.885619136769 -88.46680254951055
8101 113414 2.6608945338900933e-05 0 2168.47252489601 -50.93378240196158 -8.37745525931037 -29.854413634502556 -19.24586982331088 94.936550702255 24.034496230678027 -16.55385133987366 -99.19500676832419 5.798927088793883 22.458113133894766 15.319002524909637 35.20784094613256 1.3806995698009554 52.162628063994504 -37.32109812200942 -13.842492434234018 -24.424996430768193 58.34627749538777 17.50245960077844 -17.55591405183431 52.91653878416063 3.0699427638100745 -30.179743724997536 11.422696057052558 -0.44718548267867986 -7.674301893560773 96.08142313783678 49.72800961193044 -32.88551486024381 -88.466885840386
8201 114814 0.0001313955736016358 0 2168.4725226020073 -50.933782401603764 -8.377455258948162 -29.854438753447713 -19.24854839705873 94.93655070126576 24.034521025160902 -16.55393419888235 -99.19495388662037 5.798920247303429 22.458229683263543 15.318948023729838 35.20790716141762 1.3804575289310623 52.1626280631083 -37.321608505258055 -13.842896444440827 -24.424996429274998 58.34574329623185 17.500423672952014 -17.556594969542147 52.91657558043594 3.0694162310211905 -30.179764359958522 11.422688925512395 -0.44696855588237666 -7.674230021658261 96.08142931538295 49.72800961216729 -32.88563421498821 -88.46685412201695
8301 116214 0.0002785097299895741 0 2168.4724876655146 -50.933782403906584 -8.377455264921677 -29.854440335335656 -19.28197132254964 94.93655070197346 24.034501963512824 -16.553560036179867 -99.19529626153559 5.79892603080704 22.458139636062793 15.318990106447307 35.20791002488682 1.3807097991350668 52.16262806027748 -37.32486774927615 -13.842559237200996 -24.424996434653227 58.34468598552104 17.479850564275257 -17.573863806735915 52.91654728789116 3.062219534150732 -30.179772728287592 11.422701019962254 -0.4472969410770273 -7.674239476827266 96.08245690695917 49.72800961185034 -32.88554201204725 -88.46686079868162
8401 117614 1.1262580676934156e-05 0 2168.472467828925 -50.933782402355405 -8.37745525932743 -29.854367235187002 -19.32541941621481 94.93655070230437 24.034522432736566 -16.553741655128494 -99.19541211475311 5.798919681841867 22.458235878323602 15.31894527682216 35.207677296828095 1.380872200429099 52.16262806446052 -37.330782309739305 -13.843030378298353 -24.424996431261892 58.343934184292415 17.447323449749387 -17.59249422520176 52.91657748055237 3.0529538363513122 -30.17966343679921 11.422700275771106 -0.4468700779419315 -7.674452126610225 96.08215794174073 49.72800961214657 -32.88564025566446 -88.46695763307146
8501 119014 1.0198278297770796e-05 0 2168.4724678200428 -50.93378240222259 -8.377455259447226 -29.854369495175334 -19.325428374951834 94.93655070228886 24.034522053097003 -16.553764640198203 -99.19541666589704 5.798919787811612 22.458234100098515 15.31894608759417 35.20768135805304 1.3808684129123763 52.16262806437698 -37.330795778569524 -13.843026546269261 -24.42499643112428 58.34393551419706 17.44737090824263 -17.592489205615113 52.916576896586776 3.0529717441361752 -30.179665275062636 11.42270097590965 -0.4468709979402054 -7.674446981629893 96.08214768159841 49.72800961200107 -32.8856384368503 -88.46695403710447
8601 120414 2.0441069412893954e-05 0 2168.4724677434597 -50.933782402284244 -8.377455259240447 -29.854367182575366 -19.325445104242984 94.93655070217204 24.034523549968206 -16.55375748127331 -99.1954391442913 5.7989193500221745 22.45824112494662 15.318942821987019 35.20769193827475 1.3808275647776427 52.16262806458866 -37.33053415441578 -13.843073792567013 -24.42499643112304 58.344243303506516 17.447621420096294 -17.592419919659942 52.91657911211626 3.0535078005112553 -30.179666422815668 11.42270213662544 -0.4468604614104357 -7.674442775056846 96.08213654625385 49.72800961225647 -32.88564561504525 -88.46695687963135
8701 121814 0.0001850211487972079 0 2168.4724668508666 -50.93378240076413 -8.377455259637665 -29.8543495893193 -19.32942264424806 94.93655070474065 24.034514369814385 -16.55375724472355 -99.19535260135385 5.798921825499877 22.458198822302972 15.318962602119521 35.20762910001512 1.3808717239511359 52.1626280620042 -37.3274550377147 -13.843147194802475 -24.424996428668 58.348699159475714 17.447760355470088 -17.591669663408492 52.91656574857438 3.059746717399369 -30.17963630731098 11.422703777453854 -0.4468139892479537 -7.674497789632902 96.08226850977024 49.72800961059846 -32.88560229734626 -88.46698084188087
8801 123214 1.653676734501277e-05 0 2168.4724623537277 -50.93378240226239 -8.377455259435356 -29.854360972946505 -19.353874282574303 94.93655070243437 24.03451811850271 -16.553883153169284 -99.19554990725416 5.798920899311935 22.458215685722866 15.31895469539504 35.20766355633905 1.3809425832241609 52.16262806434436 -37.30490681238746 -13.843085901783695 -24.424996431043038 58.38219922800034 17.453425217925137 -17.582923145318468 52.91657109537493 3.1068962307854595 -30.179653096193487 11.422701065562038 -0.44688883215972747 -7.674466889830506 96.08225446471793 49.72800961207656 -32.885619630711666 -88.46696584433222
8901 124614 6.271616207366209e-06 0 2168.4724623483885 -50.93378240224732 -8.377455259497099 -29.854366395752233 -19.354347079909004 94.9365507023901 24.03451914847485 -16.5538677331894 -99.19553929180086 5.798920607611512 22.458220478129032 15.318952450353192 35.20767529626755 1.3809272141451299 52.16262806439495 -37.30458785579438 -13.84306964714683 -24.424996431102578 58.38271561683049 17.45345159227179 -17.5827687535594 52.91657261316511 3.1076065499361842 -30.179661478620915 11.422700824037294 -0.4469049569123756 -7.674454067810835 96.08224858153686 49.72800961205077 -32.88562451691211 -88.46695853059147
9001 126014 1.347507426011875e-05 0 2168.4724623432107 -50.93378240219301 -8.377455259482382 -29.854366310067956 -19.35449950321639 94.9365507023222 24.034519344851617 -16.553864552503374 -99.19554514131136 5.798920551875307 22.458221413103836 15.318952007673417 35.20767714567244 1.3809320964753495 52.162628064333596 -37.304442769810336 -13.84307218458099 -24.424996431160135 58.38305048578969 17.45354778455389 -17.582630467560872 52.91657291075048 3.1079637088618046 -30.179662681964423 11.422700731111657 -0.44690846553188257 -7.674452792519685 96.08225614850022 49.72800961202905 -32.88562546907659 -88.46695860771368
9101 127414 3.853258391932924e-05 0 2168.472462271288 -50.93378240214425 -8.377455259485359 -29.85436438934234 -19.354460710293132 94.9365507022234 24.03451666747831 -16.55381013266466 -99.19553277095318 5.798921335146898 22.458208850054845 15.318957866692713 35.207668199584695 1.3809002182638983 52.16262806416428 -37.305032459409 -13.843089806584906 -24.424996431376478 58.38382381617558 17.454131147264594 -17.58197622558615 52.91656896907836 3.1077562752601064 -30.1796563952403 11.422703807802511 -0.44689108708762165 -7.674461200716056 96.08224279756415 49.728009612120715 -32.88561263880178 -88.46696233286322
9201 128814 0.0025056417660329388 0 2168.472446207462 -50.93378240306746 -8.377455281370752 -29.854444128953507 -19.281650997108372 94.93655070649689 24.03443311779352 -16.554390758443578 -99.19725438602813 5.79894549443458 22.45781524065418 15.31914216995776 35.20731572894945 1.3804700122356197 52.16262805311829 -37.38675011134409 -13.845090710356386 -24.424996433226994 58.42352234050677 17.53718677863228 -17.502118753916797 52.91644570716371 3.041088513447364 -30.179616583817793 11.422700628996811 -0.44855003311625136 -7.674617314107403 96.08101067256457 49.728009605144535 -32.88521114852793 -88.4669073833068
9301 130214 0.0003571996796943715 0 2168.471813007397 -50.933782425582265 -8.377455346996861 -29.854384117277938 -19.220111501848688 94.93655059180836 24.034524834387273 -16.553919644131856 -99.19549413838337 5.798918709292092 22.458246778499586 15.318940210448798 35.20773577693581 1.380833440366839 52.16262805937649 -37.65626344139652 -13.84313129698091 -24.4249965822336 58.842601128194026 17.878825315035346 -17.12578260782802 52.91658088748638 2.991697905762303 -30.179703162886593 11.42269318106749 -0.44689335758755555 -7.674393861164425 96.08236311878858 49.72800969705577 -32.885651275738866 -88.46693094847616
9401 131614 1.980932186734213e-06 0 2168.4718124629753 -50.933782425263544 -8.377455348200957 -29.85436526930641 -19.223153712376323 94.93655059253362 24.03451932444514 -16.553857898191623 -99.19553146718061 5.798920559725514 22.45822129374152 15.318952071038531 35.207671340388096 1.380916686056484 52.16262805892786 -37.65640156903799 -13.843095791567245 -24.42499658208967 58.85025085013426 17.88181517124312 -17.121169566197246 52.9165728708453 2.996332150344967 -30.179659970103213 11.42270080418316 -0.4468800030551016 -7.674457585153452 96.08226861555555 49.72800969661991 -32.88562535215 -88.46696005759676
9476 132664 2.0656559325936012e-07 0 2168.47181246296 -50.9337824252642 -8.377455348192777 -29.854365263899883 -19.223160770120874 94.936550592531 24.03451922841918 -16.5538561918862 -99.19553069916287 5.798920586619452 22.458220843454434 15.318952281499083 35.207670936253194 1.3809157444641278 52.16262805893548 -37.656414115905 -13.843094935221423 -24.424996582092835 58.85026674349858 17.881823175608325 -17.1211591796034 52.91657272871307 2.9963286123083774 -30.179659811171017 11.422700855405665 -0.44687987914416866 -7.674457902199042 96.08226711130803 49.72800969662548 -32.88562489275738 -88.46696013145088
