% # columns="iteration, evaluation, min max(neg(.)) min(pos(.)) max correlation, correlation matrix principle axes lengths  (sorted square roots of eigenvalues of correlation matrix)", seed=796511, Thu Jul  2 14:39:06 2020
1 6 0.0895787810771451 0.0895787810771451 0.0895787810771451 0.0895787810771451 0.9541599545793437 1.043828904120376
2 12 0.0895787810771451 0.0895787810771451 0.0895787810771451 0.0895787810771451 0.9541599545793437 1.043828904120376
3 18 0.3362321759346105 0.3362321759346105 0.3362321759346105 0.3362321759346105 0.8147194756880368 1.155955092525056
101 606 -0.3879309302968412 -0.3879309302968412 -0.3879309302968412 -0.3879309302968412 0.7823484324156078 1.1781048044621671
101 606 0.23631631328255462 0.23631631328255462 0.23631631328255462 0.23631631328255462 0.8738899740341719 1.111897618165699
128 768 0.23631631328255462 0.23631631328255462 0.23631631328255462 0.23631631328255462 0.8738899740341719 1.111897618165699
101 606 -0.19934258873998367 -0.19934258873998367 -0.19934258873998367 -0.19934258873998367 0.8947946195971543 1.0951450080879626
158 948 -0.3879309302968412 -0.3879309302968412 -0.3879309302968412 -0.3879309302968412 0.7823484324156078 1.1781048044621671
152 912 -0.19934258873998367 -0.19934258873998367 -0.19934258873998367 -0.19934258873998367 0.8947946195971543 1.0951450080879626
