% # columns="iteration, evaluation, void, void, void, xmean", seed=37, Mon Jul  6 15:09:43 2020, <python>{}</python> # scaling_of_variables: 1, typical_x: 0
1 14 0 0 0 21.880615466180522 -9.746990877194893 2.0830509971011244 -32.69254006299531 -26.137067493148567 -33.754449272468236 10.337561696175946 -13.824062252427813 6.130471071251306 12.314409349964164 23.787241847998626 -29.422508479757155 6.357511801767248 -1.5231469019340964 -20.968388881621685 14.581282218872571 15.267928953770673 7.435509952377525 28.936855575574075 3.3063307386151983 24.634764760066506 -30.27697355643236 -2.8851857831384375 9.992176230326894 13.488215603703836 -23.52290137061408 -10.433609525106045 11.509151676971396 39.435602631529555 15.408698938689872
2 28 0 0 0 -1.1744554665470552 -18.74968275909924 -16.16570320331894 -22.98394337394129 -61.10370345937788 -49.23931374634492 36.03732232600069 -18.40202326574087 10.974644508348435 10.26988477060973 0.128090791240016 -19.54870835331932 -1.82480525788917 -26.673710512811162 2.899189138863509 20.142036031751005 -7.738976048810434 1.5617682957125583 14.578878598138708 56.97403001942362 18.641409240098355 -21.928794407441398 -14.502843959096248 9.022510759692004 35.26146569905231 -28.442131750436186 15.522349745767405 4.0516216193962 4.587542709351752 44.59218045343405
3 42 0 0 0 34.16098269577574 -56.1565550826391 -7.323405168847083 -30.370586307936925 -78.59067631866506 -43.583343686646195 35.69443940783736 -9.209642994894372 24.68365218102726 -2.1524148645735277 -65.57678354562371 -25.791861267756286 -12.461216783746266 -54.94796810944697 -0.15451352595487933 26.59745334749711 -22.598563589038417 33.20467566942544 42.72811494034311 5.104082919985792 69.35609459573924 -32.18439707404425 -14.199618332344444 29.87150644112678 50.16349513233454 -30.142391565515858 -9.227798187436777 -23.45759871999461 18.774677268273592 69.45583061520142
101 1414 0 0 0 51.61443318410711 -247.42485899779768 12.496962492767542 18.275482880547585 -102.88419858289917 -12.310624549142279 24.91246626475345 -6.71776745444272 115.17165092416444 -37.42047600252778 -56.10790888253816 -154.9818166803266 79.28199658470731 -179.43856799152013 -2.992399926543049 44.573592282098986 -64.63994623594238 16.40038739902301 168.85449705673557 166.87585574134118 10.223231094086227 -53.48318347591684 -55.34933925812075 34.96102766230641 68.73769649278711 -143.6962535920856 54.63474465200132 28.24941478140778 95.34481159094202 70.54043766673433
201 2814 0 0 0 50.431031866434395 -271.2039002801517 -31.646947937094605 17.678825227164413 -95.26266892387603 -7.359520050294341 16.605458563355803 -5.984360045987529 154.45541420849088 17.99695426369241 -55.4067968133049 -155.8346710213102 79.37040476097071 -217.61615646880588 0.7737886186711306 45.52217763945127 -82.08886093463097 20.163607657996998 171.8310355452507 168.06294318798135 -5.065814335458614 -78.1334345060098 -56.93658740584729 36.952591563274936 104.25308888281982 -201.13400551650804 65.86508452651512 -12.541419409422636 92.64635921764857 71.80621980306368
301 4214 0 0 0 49.089508653970604 -277.4771364827118 -43.424685182136756 16.28322930081997 -89.26889799100029 0.969404260746526 14.079392182124245 -7.269080653468004 161.36915636088915 26.324924439497607 -55.52756339258698 -158.5677908621141 75.43992626207188 -217.35373918151856 7.013982097749086 47.587875283925804 -83.273700321741 22.755500053046926 173.67883551566447 167.79924506631582 -5.429403914574406 -78.44121657518612 -59.84415699208699 38.52869114149529 105.67355704965395 -204.95686993004475 73.580937293256 -23.318593991946468 94.16710301280766 72.74051406409568
401 5614 0 0 0 46.39353984629538 -282.9354855235486 -44.78066671108545 13.780441468405623 -69.26169748127401 10.983608023484766 -11.677523507941654 -8.774087418563138 171.94355603570185 42.923651303864375 -55.23118972616375 -162.87100311805418 62.684229277240256 -198.3777927316231 17.542416167829327 51.122418510132064 -86.42902726605209 11.889465805498366 177.32839550896583 167.8365378773751 -1.7327641017768087 -68.38739596455552 -64.82966268941834 41.26074820488486 93.33070705011237 -177.94933247465542 78.9240837492654 -39.30747016364343 89.18293523201693 74.26139353990976
501 7014 0 0 0 46.46562090592824 -284.11493115499377 -50.01491146762717 13.865798426817562 -58.70930852379556 15.87367312196752 -16.56275080523608 -8.727309398708618 175.3045275584352 51.24823210858557 -55.26385245880127 -162.82791690985982 65.4060945547271 -189.5931298332228 17.330342891395453 51.05110974506529 -89.51861170818911 9.390194122153922 177.3513919373121 167.85765921442825 4.106041179291993 -64.85325599740231 -64.72264804937079 41.19023215300852 91.59990868287126 -173.12049378102122 71.84028898415156 -38.67778943407724 86.613263967782 74.19969885418773
601 8414 0 0 0 47.150793723169635 -285.68749271637716 -63.684141885100956 14.469246194479364 -35.434425110838205 27.568120572147315 -24.61638565658192 -8.375264825448822 182.84489683337208 70.02150180035854 -55.350121316132515 -161.74508216333703 74.18506797422467 -170.13541285874516 14.738842625338606 50.19285020868404 -95.50266008133823 4.364711778974377 176.39421753085838 167.82570934502047 20.143653698942273 -58.328250872734756 -63.518329752029175 40.51060838049019 89.15865122852364 -163.81990011344695 51.91550896506727 -35.66813951082039 81.46931118576967 73.83785870112195
701 9814 0 0 0 47.18985498368883 -285.6866343275165 -63.71123756338959 14.506708708569757 -35.526955130003415 27.642035550231746 -24.58031218552309 -8.355299918862844 182.77973312635413 70.00047197029274 -55.35344001651235 -161.6812982596185 74.13835943964426 -170.1395050488421 14.584246071779784 50.14159451210181 -95.5921043489799 4.459143418684215 176.34152357229186 167.8238445734634 20.111146163439404 -58.3716585434417 -63.45015060920635 40.46955774455179 89.16156722255292 -163.89918363132665 51.947945184956595 -35.51089470533409 81.37533621669171 73.81440387644281
801 11214 0 0 0 48.477251979431415 -285.69259346947683 -65.03757400147701 15.720447663413733 -36.95087402816576 31.35165619730611 -24.76279826253569 -7.67521063583925 181.60534890220603 70.63764279896621 -55.510519156099015 -159.58145151941443 71.88708683663249 -168.96954667388945 9.514076183079544 48.46371605956026 -99.36176314435058 7.554238212226613 174.56528490156558 167.77884071474313 19.430976751656527 -59.76556659926908 -61.07806416667814 39.16152034676185 88.79976028655588 -165.30737552037326 52.98840735415677 -30.68516978776553 76.87298303271629 73.07661638610519
901 12614 0 0 0 52.13137845050499 -285.8842949866056 -68.82798081285246 19.144958387168483 -40.41718114552538 41.80988760922852 -25.560343495490336 -5.75976567400176 178.59240363409614 72.63724251075227 -55.93949955042122 -153.64672765058154 65.50967208584662 -165.54902884217697 -4.789825531732282 43.71712258924672 -109.94911013844909 16.318746501011056 169.56202638197945 167.67052235186162 17.47685828889463 -63.672005066160644 -54.37951178546442 35.45974818977832 87.54683601470653 -168.89541141340703 56.08870683983949 -17.289415050586264 63.81050687164788 70.98580490773669
1001 14014 0 0 0 55.4504180230116 -283.94382773094037 -72.58552597992296 22.261025846978384 -38.6851421444234 49.6996101935519 -25.92316591902208 -4.0205489670971994 178.594681874689 74.68325517308136 -56.33541127759619 -148.2457672922704 61.203766472708764 -165.13561917130932 -17.800370900615185 39.40750644691747 -117.76262347273072 23.20808837176738 165.01247214392893 167.57243033440915 14.566928839206984 -69.64401296749968 -48.29065991394728 32.09577992364962 85.00485475506962 -170.14785641765877 60.87549001627047 -4.883104034203403 51.62580521213845 69.08604707605902
1101 15414 0 0 0 61.467404769325434 -277.97980717346746 -79.92688925917898 27.911011641803142 -29.875635243737943 62.09652917903868 -26.029134403006513 -0.8561526405187068 181.99102867935005 78.65324799389218 -57.04530396185563 -138.46267772982566 54.89699514541901 -168.13988266693235 -41.39637689989244 31.58031185153595 -129.90139151813386 34.57822635474378 156.75153383540416 167.38438441563167 7.708867693058259 -83.68214217192411 -37.24084325158074 25.994065875235425 78.83281045021154 -170.2049379759774 72.38525665412338 18.09743474714714 29.3787565283212 65.6424053185159
1201 16814 0 0 0 61.50156435637099 -277.80110273139803 -80.03465716249765 27.941821715631676 -30.10053436910239 62.45387566993095 -25.96009935669901 -0.8383415868637459 182.00328950569227 78.59202869754043 -57.04982283556 -138.40871349405444 54.75154443169227 -168.25143431032382 -41.52841814880455 31.53753385785562 -129.8563989438939 34.3810661496067 156.70673110358027 167.38287282742857 7.340030027817592 -83.94009438177827 -37.17914445504452 25.959494081630396 78.82577349185482 -170.05500465827524 72.43236904793844 18.167799876341086 29.404477794391212 65.62221320421557
1301 18214 0 0 0 61.49952035730259 -275.40178622244116 -81.32637286247163 27.94166445808836 -32.50945739267817 66.32269767133535 -25.035345521972104 -0.839086432305795 182.59542819700638 77.88618728354383 -57.04927497074995 -138.41042680968377 53.771385984028356 -169.64770752576078 -41.52364992362946 31.537852508992085 -128.29796230639369 30.55465631024747 156.7075470596116 167.38369926686795 3.0359286890545247 -86.84861952885488 -37.18114664998287 25.960801225783467 78.86826809390975 -167.4436726046489 72.0075110146168 17.579614639042692 31.266218534581544 65.62412652891138
1401 19614 0 0 0 61.38373169640291 -276.5654279044219 -81.11093066417645 27.83154161525144 -32.89797776698096 66.78249970627891 -24.960672384735638 -0.8998451341053721 182.55690096761666 77.68305671422556 -57.0352417378769 -138.59954142856583 54.01054599286793 -169.69947108252697 -41.065643761033414 31.690949688179998 -128.90625063196558 30.383803334695777 156.86838020760732 167.38731049519765 3.8093113152638285 -86.77984559944215 -37.395605897062694 26.07904926239972 78.9155560261712 -167.24983953799222 71.57305515420235 16.592706059595596 31.788098657110407 65.69109134882754
1501 21014 0 0 0 61.0172452863502 -279.5144485355555 -80.59317403074641 27.488373595708243 -33.74063640888597 68.35126560065746 -24.562551129743877 -1.0922478034946048 182.74758433896213 76.95624453218616 -56.9924595508372 -139.19508423769946 54.827342361521545 -170.42116145830573 -39.631330266597594 32.165443119589014 -130.22067587302092 29.15650226222798 157.36964658422238 167.39834400942118 5.5228381911784545 -87.12487451362566 -38.067110331866516 26.449964361149437 78.88661323556657 -166.00601494881775 70.46494613022674 13.459918960322703 33.738276523163805 65.90022277266597
1601 22414 0 0 0 61.24559567283937 -279.9088196732466 -80.44141805100979 27.70331445576455 -33.64732739389255 69.00643728724059 -24.557093789102616 -0.9716083662437283 182.16226818821997 76.90924960168527 -57.01957170677605 -138.82339299752607 55.015420965248936 -170.4429457608393 -40.529258689811726 31.86819085600489 -130.30386691673775 29.484097730631323 157.05603974151379 167.3918084126022 5.238877895416831 -86.10103492644181 -37.64657640288587 26.21812740966347 78.64343715241469 -166.04446159516237 70.3689370500911 13.140317819195987 34.14828332902199 65.76982373648447
1701 23814 0 0 0 61.56609373741791 -280.0266760142376 -80.32478111155378 28.00376047896744 -33.38268001180801 69.78421314835701 -24.55044085379701 -0.8045214340844912 181.45380845296987 76.87321236268492 -57.05769052152009 -138.30302589773981 55.26441334384412 -170.59203593805617 -41.78230527275972 31.452409657287376 -129.8948371480535 29.786497756710823 156.61703363455754 167.3814826798142 4.546516752767041 -84.80761795149617 -37.059945373826274 25.893670144571807 78.38237175330711 -165.86594308107635 70.30700232737664 12.679539793587074 34.69459784601898 65.58595412835516
1801 25214 0 0 0 62.140342704402336 -280.53535834877044 -80.4708250407872 28.543293274677076 -34.50896838802051 70.02603748786241 -24.06352556015265 -0.5027568583274096 181.6809676091827 76.29030911450872 -57.12566773531855 -137.3687863279707 55.369745745713914 -171.4267035514548 -44.03475196743177 30.705401580060716 -128.62949272331767 30.889805215230837 155.82914096963577 167.3635470000323 4.77658544320011 -85.14015920603978 -36.00498753800579 25.311512486379968 79.81109256668339 -164.41247399925314 69.6639519904613 10.925282742447537 34.242839964326414 65.2577455304579
1901 26614 0 0 0 62.649664958165616 -280.1407247576366 -80.32596652259976 29.021397402515383 -34.83116885740636 69.72627079868346 -23.930765304622664 -0.23480919039391737 182.40457809273013 76.06253389501985 -57.185620907497814 -136.5409943175857 55.63425458286011 -171.62691229562566 -46.02984521061829 30.04395972653274 -129.0051494211129 31.409014594494288 155.1302157059981 167.34869891087618 4.601257759883842 -84.89091912684738 -35.0718009587075 24.79456380512018 79.84934299951995 -164.00055013030854 69.24382494235337 9.893622317786974 34.64849274885052 64.96647680956032
2001 28014 0 0 0 63.3288164122578 -279.7285181659813 -79.77541941551084 29.658413135931237 -35.52071328897873 69.22895580464517 -23.73681670716758 0.12150399562467133 183.34268450846926 75.55835766557023 -57.26657897247154 -135.43612082393528 56.33284434409188 -171.9002882263594 -48.69236801609118 29.16078082559352 -130.04411976165676 31.350718162676827 154.19912711447998 167.32730604772047 4.5198664059863285 -84.731513234955 -33.82456730344555 24.106716949502896 79.74160567239649 -163.32849277439738 68.23246257215177 7.343316452187225 35.664228226639466 64.57714961674432
2101 29414 0 0 0 64.26257265992572 -279.7116404649933 -78.62771621119974 30.535480355895597 -35.989726230804834 68.39443496386427 -23.545089282191054 0.6118380094948701 181.79421007336617 74.83832985368029 -57.377089484812885 -133.91761391270845 57.77768136669123 -172.27017417179482 -52.35494250028776 27.94710116260021 -130.38366737149062 30.03792868250432 152.91709001907932 167.2985467767177 4.5574540091106295 -85.21709512759624 -32.10980492346451 23.159579174262166 80.13520385711072 -162.57167537571468 66.71221712883131 3.1561600932314486 34.978833546360725 64.04330743008346
2201 30814 0 0 0 64.584861100425 -279.9345896051382 -78.32821202370265 30.83824477744067 -35.94608709144566 68.56278051599224 -23.637091731267756 0.7814684068987886 181.61546128294134 74.81950742688613 -57.414647417137154 -133.39263999312303 58.005542213104505 -172.05433686484432 -53.61840616603844 27.528358399879533 -130.10139449621306 30.103042035980206 152.47481372065678 167.28859262591934 4.868156836771433 -85.6831258692943 -31.51829442843771 22.833202992781146 79.46708744666115 -162.8675964957603 66.51766047978313 2.7470299161485014 34.855454797550024 63.85796196708554
2301 32214 0 0 0 64.92262090995463 -279.98963357233754 -77.99501162116609 31.15528001515839 -35.7116867476977 68.72070702931299 -23.811572467121152 0.9589125903092054 182.00872069934243 74.89593092107464 -57.455069386794364 -132.84443229182455 58.267020685456636 -171.70118136751924 -54.94245427872323 27.088857112103096 -129.37865379309244 30.194773813558562 152.01173287736654 167.27847042618458 4.980951648574368 -85.88459672988104 -30.898436941649315 22.490693908793798 78.68109556776429 -163.33317398742992 66.35340512199902 2.4733859900483655 35.03548866957109 63.665347459700016
2401 33614 0 0 0 64.96610402072524 -280.39596277991035 -77.75417407534698 31.19573479336519 -35.303700732261206 68.77419787394653 -24.01118044021892 0.9814627994178925 182.51731941735054 75.06018754809766 -57.46021718277295 -132.77381307497723 58.39954509513609 -171.33665709243408 -55.11288920261771 27.032445758036353 -129.2627791328676 29.933794291288823 151.9520045068336 167.2771884641607 4.554695229961439 -85.67758758016257 -30.818510478792547 22.446407850140673 79.10608865016611 -163.96993007374127 66.44357426690368 2.7444842113009607 34.692503086943205 63.64015737390863
2501 35014 0 0 0 65.14715218732941 -280.33626651162393 -77.79205495091335 31.366083809022587 -34.63256326479425 68.81541115808692 -24.272960880576772 1.0769373964757325 182.24358273837956 75.42196162372775 -57.482003844341726 -132.47883798099488 58.23378407875406 -170.9250385229598 -55.82401933799285 26.796760378247008 -129.3995249844597 30.051146669076406 151.70294237731588 167.27144449674833 4.579492012191254 -85.94234211301742 -30.485526091566438 22.26248847634951 79.64416614066027 -164.7152278743537 66.92801415373941 3.981901833702046 35.17806850613622 63.53612577756013
2601 36414 0 0 0 65.18574275551991 -280.2684416984118 -77.87403427411179 31.40195093353386 -34.49146521320471 68.86942706900693 -24.326042947988743 1.096901348257818 182.20183413246042 75.52691139727514 -57.4862935499782 -132.41662618448171 58.11398558478229 -170.83581758664766 -55.97412958851933 26.746909887516328 -129.3753714550648 30.105991628185652 151.65067128156477 167.27038657096693 4.624788351281617 -86.14495903770573 -30.415447707132007 22.223682652686538 79.7619407312715 -164.88098761033808 67.10311239234936 4.450784852684238 35.35775795403604 63.51439436617473
2701 37814 0 0 0 65.25086977337942 -280.28780483088184 -78.01928910695705 31.463104597102667 -34.487771532285755 68.83466697838864 -24.321137375788 1.1310788152115667 182.20874033679317 75.58086870637116 -57.49400276824268 -132.31069906919154 57.95122037693865 -170.84602496647204 -56.22949787055534 26.66223474711246 -129.35529071005027 30.01405651549233 151.5613422669808 167.26843014375217 4.673589160487903 -86.10370273539172 -30.295895402454214 22.157618444460198 79.75453733148925 -164.8856402508641 67.25321529831369 4.848456324961995 35.363285268459535 63.47712696813171
2801 39214 0 0 0 65.25890328387231 -280.2984154268695 -78.04124939263458 31.470616237055147 -34.47126334318359 68.84066535824147 -24.323260205697235 1.1353347973497914 182.2152767148804 75.59359935739909 -57.4949694525233 -132.2976531840495 57.92641755587148 -170.84611565441327 -56.26096686146454 26.65182306570111 -129.3594459880094 30.009150221680663 151.55032003928847 167.26815219989834 4.676417349711309 -86.09387876083281 -30.28117084167573 22.149502919596635 79.74360855784977 -164.8946960957949 67.28626081886729 4.926474497400424 35.353801427769454 63.4725333748897
2901 40614 0 0 0 65.25885930856646 -280.2992618171517 -78.0417919764091 31.47057478520454 -34.4715698948616 68.84005258113399 -24.323116199279962 1.1353116066980862 182.21536845667546 75.59362801644173 -57.49496348086187 -132.29772717727354 57.92591670359782 -170.84636289346514 -56.26078975646514 26.651881850566298 -129.3596664229263 30.009068712493512 151.55038126135616 167.2681538232387 4.675790690053428 -86.09397883807102 -30.28125373908702 22.14954913126448 79.74363283579507 -164.8942369515528 67.28651890958332 4.927226482885547 35.35367216247508 63.47255845053174
3001 42014 0 0 0 65.25883165444799 -280.2993093051525 -78.04180005740133 31.470548612518463 -34.47152798184484 68.83996083235894 -24.323130803496436 1.1352971533378322 182.21530489371787 75.59365144784311 -57.494960430098054 -132.2977721767705 57.92590874794278 -170.84634091151761 -56.26068146237804 26.651917807805177 -129.3596325594277 30.009108909247885 151.5504191319499 167.268154619208 4.67572767570447 -86.09403884693937 -30.28130454139425 22.14957714531438 79.74361582602177 -164.8942680767601 67.28654252630668 4.927294403251797 35.35370960590233 63.4725743253258
3083 43162 0 0 0 65.25883281543447 -280.29930889041594 -78.04179980055875 31.47054970347197 -34.471527480578615 68.8399606947396 -24.323131117005392 1.135297766447093 182.2153048978993 75.59365174501785 -57.49496056867254 -132.2977702872274 57.92590864541894 -170.8463401740467 -56.26068600844145 26.65191629724847 -129.35963273821017 30.009109117069308 151.55041753884137 167.2681545843733 4.675725812466389 -86.09403860113592 -30.281302412523434 22.149575971098564 79.74361765922389 -164.8942694267558 67.2865429202684 4.92729572429846 35.35371029460454 63.47257366069233
