% # columns="iter, evals, sigma, 0, fitness, xbest" seed=46, Mon Jul  6 00:52:32 2020, <python>{}</python>
1 14 46.15370559553747 0 3034.059452290435 -15.805887898840473 9.556046421003138 -38.5680693349079 3.692844811624971 11.664989299516886 24.61760888493377 -17.712295216237077 -71.04662297714253 16.56210911416538 -13.390426096309879 -15.065477188872025 66.0424637829204 -29.44363081609891 52.53613003026201 -25.073600541841813 2.543206264265218 -75.32624151846734 30.516802458333846 10.488798658766479 -77.33101474697328 -31.51062390898154 -34.52569749724171 -42.62214213810474 14.941740846848136 -41.84865399916394 12.686585947540795 24.031239823763066 63.62695159485329 -24.463445090283997 26.168668567211327
2 28 43.83120725448292 0 2676.939810755118 -23.243529525209404 -0.7513507963630737 0.718590433895776 -14.433354050053193 0.6707924223955755 -16.91369191795088 81.07613138061788 10.353884572875103 47.38263697092438 5.6501764729844215 32.21859898254605 2.8034480569456086 48.402325461806086 39.529435066717205 -72.41405463937292 -51.33820271017075 -49.90488948408016 -55.8313969288521 -7.52352307446067 33.703032544974874 -5.877748206963684 -20.677914128849633 -41.41205644197691 47.963690143469464 7.765529648758193 0.3318836903108462 34.23386936818866 15.00893162657125 44.42127831223066 26.3092471321882
3 42 42.45424522028067 0 2678.6538581095256 -49.93851939457859 -54.82031580903484 -41.17209467111546 -89.6475984707707 -50.5122808701252 13.733825407841486 70.71367995429057 25.51143638023531 4.650425863942111 5.99138914646286 -28.633754591683612 -65.38394691715945 14.341920634745128 68.11345219685853 -17.976506367434297 11.505000939087541 -11.529496624094897 -18.32732366472223 12.448965182711863 54.44134043794685 -4.061405991749652 51.62339007132995 29.202943658697123 99.84866896414307 48.17361483174226 -30.406711822200425 18.17550331699195 -25.691984841995588 -88.91487157937162 -19.51675947301605
101 1414 3.1350323456353957 0 1074.0657109997728 -18.075923322060373 18.44756553691175 -26.95431858601925 -3.854622808828254 25.7971576073268 25.82385903139023 -22.848733895005253 32.804178046748355 -2.8621721809241443 37.2102561249813 25.471127446351026 -40.089914024331954 26.568589795905453 30.960965682211754 -18.938238494344922 4.59491447707761 -2.217607582461574 -22.422930458465515 -19.527708507711857 14.153656494777278 -33.22240586110842 -3.526266057886555 9.693564543952025 51.32996374187354 42.81967085739184 -37.650434473625005 -1.417848138202637 16.561936827080885 -10.33735692407708 -7.904430533889148
201 2814 3.4696314228963203 0 987.1523049213424 -22.572908584710365 30.913332120815355 -37.32305971914923 -11.35891910340868 24.800503460385286 8.08293247314862 -16.605052834064857 19.28659224314707 -6.028939597858756 45.61182376840869 18.021537407374524 -47.53445700358186 9.742518380441899 26.68278696910481 -19.314611528570467 -1.8903799728669846 -7.912016735735379 -4.749239861303 -12.043962495253073 9.495997227962464 -39.51455743547848 -2.1462156237797725 4.582805041975899 49.59179277640882 37.74779307593148 -49.62983409039878 1.2195095646887906 22.0270683704741 -23.81524194052509 -17.815246998409375
301 4214 1.2404592714556397 0 1002.6575986700112 -24.23858021083609 22.981665231742358 -28.01294995891472 -12.037075524963527 18.34906581517636 17.672227295753185 -21.677161757584194 22.737895068034707 2.760752419537572 39.8076088581924 18.862679603188027 -51.17455436632967 12.810841488052 29.337826673019187 -15.217252754539512 -4.221821671738331 8.705518362100069 -8.42912071458466 -13.234481642179679 4.252824421498706 -35.77524197985001 2.8713578547747733 -1.9229325420350478 61.404364880531205 34.899801266617516 -47.094852700543186 0.11598163860806536 22.605727442438525 -26.95643049175152 -16.946819838879474
401 5614 0.06796849045395878 0 749.4266151824405 -21.319083916519528 22.297001146731432 -29.524636818476417 -11.010314680705891 16.817410955051244 17.39029626642087 -21.314821867775272 23.25967689459375 5.587423974756553 43.93611062924884 19.272812738730575 -52.717003538940176 10.601837484651371 26.70950576816938 -17.732745221348537 -6.255644935299611 4.823327690951171 -7.809117443357007 -12.368381933326836 3.0923794859478138 -36.110437330512745 4.093794646666552 -1.3507433839608913 54.60950484857872 36.705752144932816 -47.350351504663585 0.1894083287094652 22.544953408039802 -25.730240448806626 -18.15936865097645
501 7014 0.0017739235083983217 0 748.3048688045083 -21.262839436109825 22.495351669036083 -29.594833418946326 -10.924854330325036 16.78251261552559 17.327947194995584 -21.34160960650405 23.229710465302816 5.436795859126797 43.92081189356852 19.282776349547216 -52.80137380505539 10.664034481553093 26.697451094897673 -17.74838426496814 -6.3348822326213945 4.82531336534102 -7.761029315055582 -12.36863708184126 3.065520328499014 -36.12193509987121 4.0388936753788105 -1.3769087206976567 54.56889454011849 36.72779880039141 -47.36315209604475 0.14240889314047248 22.540642578035175 -25.70023795592746 -18.183480803451257
601 8414 5.717652792463143e-05 0 748.3042365122593 -21.26279382754174 22.49579443897679 -29.595962476993943 -10.921605133943249 16.782946847243544 17.326957738808435 -21.341908904645212 23.229379174019837 5.437555169452958 43.920633114208854 19.28322111714823 -52.80046254354699 10.662901242231777 26.698301294527898 -17.749170552133894 -6.333819490981784 4.824127593268561 -7.760549376114497 -12.369090621967604 3.0692302226042205 -36.11965605361841 4.040941690534201 -1.3763235974799464 54.56845274970465 36.72887261230154 -47.36334954882005 0.14019018178263354 22.538616805916114 -25.699303309350665 -18.185862334031512
701 9814 1.9094676381671203e-06 0 748.3042360148319 -21.262726916540387 22.495804631658554 -29.59602704105862 -10.921625002286845 16.7829507692878 17.326950355080406 -21.341858427745272 23.229351331601777 5.437511578600505 43.92054566870892 19.283241424255515 -52.8005185350107 10.662896490389029 26.698335384402757 -17.749191426373372 -6.333803211255585 4.824214400042508 -7.760575311695341 -12.369097567364015 3.0692201177707457 -36.11970876870277 4.040991335255302 -1.3763488692809167 54.56850106861981 36.72882820211637 -47.36333040079978 0.14022679151304177 22.53854504934507 -25.699304638418315 -18.185879173862702
801 11214 5.106814164397116e-08 0 748.3042360145026 -21.262727192348418 22.495806102935237 -29.596029705320117 -10.921625767363354 16.78295063577052 17.326950134130232 -21.34186034076069 23.22935178573563 5.437514062762713 43.92054436740742 19.283241673783827 -52.800518716343916 10.662896626532556 26.698335119393242 -17.749191097814034 -6.333801891832097 4.824214414108035 -7.760574610209693 -12.369097268056818 3.069221628444059 -36.1197097803044 4.0409916883155645 -1.37634765483418 54.56850136678315 36.728828232884005 -47.36333185024984 0.1402259463321707 22.538545793093927 -25.699303421036607 -18.18587966026612
828 11592 2.6968820589960417e-08 0 748.3042360145025 -21.262727189293155 22.49580612051125 -29.596029739489918 -10.921625770121592 16.7829506464397 17.32695020733865 -21.341860336785224 23.22935181923483 5.437513994674563 43.92054431146333 19.283241686535405 -52.8005187063635 10.662896695002617 26.698335079037406 -17.74919108096445 -6.333801855805021 4.824214476541776 -7.760574619352078 -12.369097274835813 3.069221618202367 -36.11970974158009 4.040991638329768 -1.3763476396695273 54.56850131252483 36.7288281913787 -47.36333186158976 0.14022596805214108 22.538545791418585 -25.699303417949512 -18.185879609776705
