% # columns="iter, evals, sigma, 0, fitness, xbest" seed=44, Mon Jul  6 00:53:44 2020, <python>{}</python>
1 14 53.48015434117875 0 382060.57751034864 85.30627911594814 -35.78406911706032 -3.4866498365199714 -21.30570428559577 10.122435011002446 45.19218231045083 -77.10271945896571 34.74030289606305 -6.483650480941779 54.05150106378299 20.003526721021657 -77.8797893426258 -61.521619897311254 59.96632527674436 40.91288599028964 -13.972297566661323 32.89825590492014 -30.737885512523306 49.26030423730158 -14.081734926835937 -39.20816852543476 8.258090718343453 -12.310635906495255 24.967621390144863 -22.005200420200715 -5.035907459321507 84.81910874525721 47.16811332819038 -14.767909855601365 8.704378936645485
2 28 57.2083556635425 0 6925126.584821109 -23.237819152333756 21.074977734005543 28.191177143543626 38.78530276754823 37.944939940712615 12.398091458815255 -12.217009771961996 -26.858308434143705 26.458643547983314 -26.117564254348565 54.489242036843294 -98.05810963523905 -88.75131447555518 -26.332893243066124 -31.393509222348982 -6.481527937038317 47.90250834646355 -24.983652897988442 92.37752227308347 -11.985761317234267 -81.82824655575138 47.922375156719845 -27.667483531975652 42.218965713509924 18.684140468567318 23.643756699988614 59.45385167546643 67.84387227572219 -73.51706035961801 -85.56529343700886
3 42 62.1165410634815 0 40440.58065887675 62.52947685652168 10.019313462734093 85.34545048947163 -74.97965119198032 73.33479950509324 35.96493903926297 -91.05648266694391 1.6200500699904232 37.2381212687288 -56.0900653377596 27.27104178130448 -54.29812514655259 -41.39980832121191 -19.167385736365265 -32.52697749063574 -84.3661348243563 -17.282624824145152 98.91492580840509 61.03560201050104 -18.22884050616942 -6.3992538322154005 -19.093678423763762 18.8324044980286 16.42682254706031 -18.60192054284552 -99.78655501833667 33.677122806855195 47.88801535621518 -1.3501543058171048 -87.96117308062645
101 1414 13.859560828256734 0 6511.521607880536 -3.0666163644040694 16.12850127841334 -50.57652086660689 -3.83589697533381 29.784839917722934 15.914399790671524 0.6617539781720438 -49.061776009375166 9.595566173541982 91.68875111861223 67.15907326116445 -13.83647159052336 33.97802187437378 34.46359372522996 -12.715876398168284 -29.447191567043802 -52.93051869320121 -33.32460544902962 -42.36547791211603 -43.75740934462425 -58.24702624737635 27.503305519893836 9.363552910073736 77.24884007760699 -49.61104216251752 20.17666313259741 -58.35836086541655 -28.01800181300748 27.285027678343212 -24.843275032982227
201 2814 2.216838447809176 0 1561.1740900181564 -6.071250877941424 -6.600533050560744 -64.67988622262638 21.140977267955037 -29.131517849245796 28.58483199399609 1.5544948134969445 -42.44339522054909 25.694255358282902 82.53621659915248 48.44521732034218 -14.421724811472899 6.060356179631185 29.446517360247544 -22.615017039180486 -32.412501326400786 -77.49359457554624 17.81212876430226 -51.38472840062635 19.848272760543352 -43.586961386987745 9.304328661891434 -82.97061338562051 50.241694987698054 -40.12715855051056 41.26724141819054 -62.817321829842214 -25.455815355398027 42.58641621365551 -52.38476511208769
301 4214 0.27719569345589595 0 1269.4553535651262 -22.04601044478623 -9.44694627037196 -66.96412899412397 39.858013090528885 -34.76415750120424 36.65682338940161 -4.308494256083776 -43.27899502677974 22.135573050302526 87.12472060799251 48.69918597620491 -24.81432774114694 0.8468789688062941 33.58751242823189 -48.629362159160806 -38.15479581020628 -74.44675268338142 14.243293052142983 -42.2127776526616 22.168150588170846 -40.96157894943293 6.234585801705173 -91.16968753674846 34.092347074575684 -40.55021281374076 45.3450529538535 -56.48632446947358 -27.778810309346838 42.318188790327 -54.05266027900279
401 5614 0.03640638107891157 0 1266.374834132392 -23.670653249605035 -9.783228418240423 -67.05110707299265 41.94069286637213 -34.51208759334645 35.49669986406974 -3.921426520238441 -43.30844474946636 22.367943578809957 87.39601901351696 48.82274536802049 -28.1321369678148 -2.407876685525025 33.818306791029265 -50.673135269973166 -38.0834897749435 -74.99944327574059 14.478584417003745 -44.412856080533146 21.556041903365013 -40.77118173851613 6.069397864736775 -89.84787686039633 35.58648896104864 -40.67954353691698 44.78449497952417 -56.78718451854336 -27.761959279259695 41.72884764936258 -54.170373885265484
501 7014 0.02908466093458417 0 1266.2344906848473 -24.41990562725811 -9.378928758193474 -67.10955818176922 43.22982116666316 -34.556346865047004 35.076909692575214 -3.986459370012625 -43.31908133871309 22.332499515204944 87.38090365755625 48.80395492708534 -29.168096892964144 -2.1760351259836455 33.77271656967779 -49.62873491121923 -38.14855120830319 -75.04179900770714 14.428921601880177 -44.86766373020553 19.663084621219866 -40.78777670582306 6.076390968125152 -89.09044317551783 34.7687468477825 -40.69673876375225 44.79114764760885 -56.79915372964726 -27.77113666697107 41.78679746482904 -54.18240275494123
601 8414 0.05295234316389982 0 1265.703016057417 -29.198490894806906 -5.715401133309617 -67.05522040644396 50.399154592529015 -33.60093329408039 31.81723611172623 -3.952821966841526 -43.315777412859035 22.356751283584998 87.33634925836247 48.81646922655343 -34.47386087125298 -3.4230650784690795 33.8510166205432 -44.042636649933335 -38.120946744165906 -74.99853161407057 14.450432774631794 -44.64171452147118 8.568225657280408 -40.80459547438658 6.043944252152487 -85.38238309745489 28.931339807008758 -40.65074490275049 44.84519533320113 -56.8619486308781 -27.83050713259366 41.847503806104115 -54.138158198928046
701 9814 0.05912071898485846 0 1265.3393155290605 -33.816513751835224 -4.988687442710715 -67.08376701337451 58.58517583507674 -31.6660606868505 29.811395271214252 -3.9882607755376114 -43.322420331907665 22.31499068455176 87.39467704622311 48.73825237073719 -42.585027156640905 -7.905962311133777 33.82411538710616 -42.21343737526927 -38.177788885432875 -74.9130404664183 14.496904869648217 -46.888746017625515 -4.395473148406069 -40.79396100740966 6.0958655786427265 -80.14110345455194 24.734625482388317 -40.67809667617158 44.78892343108586 -56.7418545301808 -27.751543194479456 41.80145539786694 -54.19623768412606
801 11214 0.03255306254173076 0 1265.1771834972521 -38.81582563916422 -6.29260246900208 -67.0296810954492 69.16330105539484 -29.388761033928233 28.41523019286248 -3.918646596348964 -43.27591866299235 22.332236955625973 87.38800668754052 48.793331145164785 -54.68869418504465 -15.825790466694457 33.819455328073815 -42.46501323811396 -38.145314125691726 -75.00805230519751 14.429767264626427 -51.319374892290455 -20.047086440680005 -40.8045563556574 6.0863429571835574 -72.02873821894505 22.712321172110865 -40.68618124846128 44.7895274472682 -56.808753412328386 -27.765412926913516 41.80873160046688 -54.15245097392681
901 12614 0.000619468801191231 0 1265.167562303361 -39.86551691333939 -6.788275322334374 -67.05717148195075 71.55013558690948 -28.89432020543387 28.254421138254315 -3.9467710370931854 -43.30946721539567 22.32762830781553 87.38573942415175 48.80926531368503 -57.44063507478211 -17.797896182180835 33.81941725868857 -42.639203663232024 -38.159879560631026 -74.98550971528982 14.443537498568448 -52.491911082570226 -23.446580887546787 -40.7922510790109 6.079090751993699 -70.01557347280001 22.563416744371583 -40.68509784164925 44.801590185232214 -56.799541385691974 -27.763378369555333 41.796685212181075 -54.16588789404685
1001 14014 2.0389509957775653e-06 0 1265.1675603748918 -39.865697121930545 -6.788373064950998 -67.05716932648181 71.54875750411841 -28.894814425584116 28.25446571812259 -3.947187289365303 -43.30932034718961 22.32743081818674 87.38613343494399 48.80931309025862 -57.44003487437013 -17.796991237116572 33.81936718247509 -42.63816070225411 -38.1600985191871 -74.98475092335062 14.443029992080328 -52.4910623693012 -23.44560584797236 -40.79216610756968 6.078955636706615 -70.01583008363897 22.56323659165818 -40.68514135612676 44.80150744615355 -56.799670190066735 -27.763315264651393 41.79680051153989 -54.164749221210386
1054 14756 1.971423898892296e-07 0 1265.16756037485 -39.86567208522785 -6.788362898959125 -67.05716714462123 71.54870658681446 -28.894823899004393 28.25447129370025 -3.9471848574901855 -43.3093224146688 22.327432139216143 87.3861335112781 48.809312190509736 -57.43996715138002 -17.796946287987453 33.819367964133704 -42.638153724356854 -38.160100334321896 -74.98474773307154 14.443030364998759 -52.49103267704933 -23.445532365966585 -40.792165215168446 6.078957043840239 -70.01587248442681 22.563235284706742 -40.68514305159215 44.80150767862776 -56.79967188012021 -27.76331378166867 41.7967996906492 -54.16474882264384
