% # columns="iter, evals, sigma, 0, fitness, xbest" seed=38, Mon Jul  6 12:20:14 2020, <python>{}</python>
1 14 50 0 20392.729059342426 38.63879345286087 -36.52651611636169 84.05262062455736 -24.979069580727483 -32.219274579549335 -67.90134620043938 -54.58666491992238 -25.730005294191315 0.10213459574234648 -37.84781457445055 12.313159021711211 -32.46506612959706 94.26625480339322 -45.81278777888193 -13.235015124487049 99.58883911707885 63.89398792618769 -57.97723798386212 25.57144168118911 -21.776686082331207 21.036152475765043 2.302858434221741 -7.7998222217593565 -9.05772612867655 15.801800298026386 -25.90434780299391 -28.64655203305609 8.7848711403301 -78.66080965764006 33.28802049890843
2 28 46.78303056353531 0 16073.366814823055 60.35671635790946 -91.89369353246633 59.518099729863685 -11.09616322989845 45.304876547160625 -24.203058957559172 -49.807987946172545 -40.98736568579865 -26.630614588815394 -21.040586980140787 8.719041012225121 4.202236447011252 6.299306638888808 34.37367581485098 40.56364486188323 36.98545261848163 -35.343216577991825 -17.387706704187927 77.56086135309711 -4.646276330657534 -99.98987464784027 87.94838229484219 -50.31871505429224 12.290857647300552 -78.79310308854096 72.88734505052223 67.65893187202113 -55.34065654700683 -96.4147667187631 -46.06449919781268
3 42 52.150889195450176 0 15868.41724629505 94.82720563432846 -36.76771497697559 51.47058793143353 -13.211798133789147 -32.010337811325996 -13.914052254005862 -19.250521428502378 -56.153519978374646 -27.156939606448923 -66.30155542505281 67.18267590623184 6.291221954290272 -41.9928713669069 63.0483887025584 57.220692700393556 52.69299915148523 -42.19945123766215 -6.386441742517828 17.02421490904049 1.3573745501960612 -94.5430862268787 50.413068664204445 -9.790072085563 62.803437497005774 28.301081338357964 16.211870586625714 0.968201770961219 39.93116285753262 -96.80763620049733 24.71683142445209
101 1414 0.5478601004196946 0 4672.211880902046 37.179957355887574 -82.04257594752487 6.01946159535476 -24.86514996550389 -62.087698011106056 -16.048097489805983 -75.47273796394026 -3.816485092529669 91.53036026114708 -83.43388211811116 -94.16855161123947 30.712398300227846 -50.43948686820717 94.49351297111296 -23.86675290879913 -37.424463105308895 85.9849413410677 -31.078251960288497 79.02020507513444 -69.35989239094604 -95.9296795256765 24.204953749464153 -27.040300793183444 24.11453295103729 -66.27355106628751 -30.54627164150952 57.723001020779776 -93.56728734866448 -93.50207453174525 -41.86206739105066
201 2814 0.14018015205085263 0 4574.065890384864 37.05289525169997 -81.81874312895981 6.862141219258106 -25.310057123709356 -61.58766528358106 -15.417582626234738 -75.16616598702859 -3.9315072973160796 90.76208424273628 -84.00368728625178 -94.79167058954671 30.981988633762086 -51.197189937517464 94.63891592331747 -24.383380282595652 -37.80638460255624 86.30099149444611 -31.55660755060535 79.50479832824578 -69.27118137041582 -96.35583383238271 25.299252864065647 -34.71436334370393 23.872554763650925 -66.29421365428229 -30.534145555691424 56.11034147478088 -94.14858839596126 -94.72271752302913 -42.45553955369135
301 4214 0.025498074032345233 0 4533.579334263833 37.1758798403691 -81.83079287824413 7.084482620481997 -25.446172246492807 -61.653021353454136 -15.574232153146612 -75.05696970596941 -3.9513207838656865 90.67435817852783 -84.06006051100894 -94.8241871465315 31.05228304154383 -51.0878726558497 94.56509193424687 -24.201302627137494 -37.57399611833932 86.13642110399297 -31.528355310234616 79.37278082898754 -69.61318655413744 -96.54456427344068 25.228421505698684 -54.79635288169645 23.838577591571266 -66.30190032901169 -30.750987444196568 51.95485926980507 -94.30379058903596 -95.0027680985273 -42.531233150501635
401 5614 0.0007849463364835762 0 4533.454585898908 37.16169293574856 -81.80197212164896 7.082835524189542 -25.44734905378482 -61.655431821354114 -15.543143056952673 -75.00903973468962 -3.941019350791354 90.67743923151346 -84.04020529069305 -94.81295237870759 31.062436008384566 -51.08187429775289 94.588179440179 -24.24573028435816 -37.62274960106663 86.17576698656046 -31.551580910691598 79.3821963155537 -69.61015714076248 -96.52445092595282 25.209276743552763 -54.75756515671276 23.85340898186857 -66.30859226017326 -30.755403356494952 51.892256202711025 -94.2875635410568 -94.95566828306099 -42.571667967911424
501 7014 1.651781253719937e-05 0 4533.454525314597 37.16118099026553 -81.80208878962289 7.0839805783944065 -25.4469890597467 -61.655091548816216 -15.542568100934616 -75.00821438754352 -3.9412700922024166 90.67811066948315 -84.04095391410344 -94.81266908483792 31.06300974640388 -51.08206028404562 94.58860155248901 -24.244974253416814 -37.621872880832655 86.1750830601451 -31.551788427182004 79.38161975179253 -69.61057132654776 -96.5243123917342 25.20824240224655 -54.759002549268565 23.853539747426822 -66.30872261732968 -30.756428448136234 51.89113572552088 -94.28689033967075 -94.95536218990337 -42.571428941325905
601 8414 5.625902153127825e-07 0 4533.454525279742 37.16119611582646 -81.80209768151558 7.083980998369499 -25.44697362118501 -61.65508593712241 -15.542557382089104 -75.00823452645571 -3.9412455502523143 90.67812526407232 -84.04093859981577 -94.81267062598009 31.06299761031528 -51.08205742923036 94.58858869180322 -24.244984483801403 -37.621876183845565 86.17507690380931 -31.551795768590978 79.38162347890372 -69.61055480306888 -96.52432362583295 25.208234442660515 -54.7588531153466 23.85354070988987 -66.30871726342059 -30.756450847250818 51.89115839327587 -94.28687344852274 -94.95536548311519 -42.571447716375275
674 9436 1.6185486276135406e-12 0 4533.454525279714 37.16119630591863 -81.80209768830431 7.083980975478005 -25.446973040788748 -61.655085884509845 -15.542557462728375 -75.0082347297488 -3.941245860594363 90.67812532785663 -84.04093802329243 -94.8126702930679 31.062997621748565 -51.08205738848542 94.58858837475795 -24.244984577059938 -37.62187500940832 86.17507657434041 -31.551796217192106 79.38162357160155 -69.61055455092206 -96.52432359029318 25.208235199741313 -54.75885908948433 23.853540920542684 -66.30871667296402 -30.75645059663887 51.891157283673806 -94.28687351355633 -94.9553651754012 -42.57144730068572
