% # columns="iteration, evaluation, sigma, axis ratio, bestever, best, median, worst objective function value, further objective values of best", seed=40, Mon Jul  6 00:49:43 2020, <python>{}</python>
1 10 55.253788592121985 1.0000450010125153 3208.4784049873647 3.2084784049873647e+03 4128.359163256176 4870.611066258861   
2 20 63.338028348296255 1.1946261403701308 2826.3041792376926 2.8263041792376926e+03 3871.569225658469 5112.888451734903   
3 30 76.5749459539033 1.2877950330138095 2709.9720329002494 2.7099720329002494e+03 3158.4328257738703 5505.810895126289   
101 1010 0.09761839465977153 4.565864854890886 2619.6933947808043 2.6196933947808043e+03 2619.71013129498 2619.7291193647043   
201 2010 0.0013988746364729633 48.82865888757316 2619.664998321308 2.6196649983213078e+03 2619.6650015086316 2619.665002013591   
301 3010 0.00013156128829178696 812.3474430260865 2619.6649927358417 2.6196649927358417e+03 2619.664992800883 2619.664992948635   
401 4010 6.710282420658719e-06 13245.135865345082 2619.664992717198 2.6196649927171979e+03 2619.6649927172457 2619.6649927178873   
501 5010 6.654715644574721e-07 98672.92820366292 2619.664992716966 2.6196649927169660e+03 2619.6649927169665 2619.66499271697   
516 5160 7.246822673734657e-07 132955.28033537482 2619.6649927169656 2.6196649927169656e+03 2619.664992716966 2619.664992716969   
