% # columns="iteration, evaluation, void, void, void, xmean", seed=44, Mon Jul  6 01:07:25 2020, <python>{}</python> # scaling_of_variables: 1, typical_x: 0
1 14 0 0 0 0.7428246934660325 -23.204714410879287 -40.760463692491854 30.473805410304525 52.300063511722946 -12.324465390034986 20.114910738380427 4.214144763064556 -7.857836002117581 12.199155966864792 33.09053289837127 -6.1869302058765445 22.000699671315612 -15.605844861188524 8.987955487308898 34.266243920700376 28.74444871273903 -6.716355185397764 -37.770046064470264 11.496094129069526 10.558981114740133 -1.6551107537478404 -41.85633567999467 -0.07021370412914163 -0.46324790598153287 -14.971814032114636 -0.1814926966511026 0.5060195574674118 -23.505114207038655 -12.44619398230114
2 28 0 0 0 -0.02409731879538235 -50.08050442938183 -67.03112000520488 30.96541318677785 6.354726176263547 13.37766019457422 7.116476759928624 22.455665910648158 16.826012063088378 35.78920259374606 45.62348342643774 -19.57137489618269 18.526486636610834 -18.76625531211268 -26.870553419418908 -27.040658824715777 17.37077881831677 -57.23412398064114 -60.67601615161549 13.69976503075203 -39.25437895875798 -13.565673775106962 -67.66237030481741 29.17975359429278 -4.591712114025308 34.17591423117329 -32.53239520909151 50.60900189991057 36.49190943199126 -33.426879482149985
3 42 0 0 0 -6.4357813244318125 -37.000564518366986 -104.47943399750031 50.36842067371873 -2.8142564744501506 47.41738985613583 -16.606324922861866 66.95567800156451 50.21318074366553 35.724717989954335 53.10541446580433 -27.812687317713895 29.0164574246366 3.1573224174672134 -31.63367183627531 -19.89198381631157 14.22476274608795 -42.88887473044504 -71.28250056114281 1.368780468919626 -76.61077264152942 -19.609919709731614 -53.97282866737319 33.92220192737121 -13.841586036243179 37.5545864631177 -38.994222713489336 83.58500953947363 33.227735362298496 27.400367193841532
101 1414 0 0 0 -23.40361558276411 -52.293514249362566 -173.12489590606057 97.92850339491096 -51.32305141367619 65.91096822464011 -41.290374242016 4.358890623267956 46.300810429649935 12.734334314993335 68.19911712838734 -64.34464162721798 73.4524702747066 -33.892120604417734 46.098525362079386 -3.6678260235050653 1.692425793405974 -25.92725410394321 -111.09933088993238 64.03125050158195 -99.50048503252414 -140.5625911767901 -54.305535723087395 93.3098894478259 -72.03881173726272 2.35854372898556 -9.418336973732158 44.87653326466162 70.60884963967675 6.8960641561261085
201 2814 0 0 0 -23.452397102354855 -52.63318378983787 -173.4457222285905 96.39878387259606 -52.861493610715776 66.7565055334952 -41.53967912127975 4.430807691812302 47.05068413467777 9.931902168357595 67.77122775325499 -65.07421674850411 73.51069123146907 -33.275789880654344 46.14183895305233 -4.371804671633862 1.7227190390156164 -25.965764137384692 -111.04130493781336 64.04306954754865 -99.42283933979019 -140.841868771809 -54.377368777527295 93.27790578536528 -71.79689232755052 2.3141061786275285 -9.18094832140172 44.777379155459954 70.41664862099555 6.84511920097308
301 4214 0 0 0 -23.44692660250709 -52.61132376609537 -173.44089091734006 96.31181551412247 -52.90650912379949 66.81993138594994 -41.54806506543275 4.415327359014339 47.056421805851556 9.818996122118103 67.79767280737585 -65.08575801201043 73.48109008033077 -33.27357064438026 46.134654776330656 -4.344603078256578 1.7207573415366977 -25.959034682186417 -111.05381037629786 64.04405615933197 -99.42179564481205 -140.83703890049586 -54.365948260101725 93.24961512437804 -71.78741244333152 2.3583507693781596 -9.198081972783916 44.77684323917752 70.41893624905359 6.851811919756555
401 5614 0 0 0 -23.446880776659683 -52.57214359396519 -173.46253464058776 96.14382877335548 -52.98158137161016 66.9223564781715 -41.561583787337945 4.389805983747931 47.09992787722749 9.58024201117794 67.85069709014164 -65.07223871391392 73.48481316442535 -33.28904241438447 46.10260662099836 -4.335529084290429 1.7207428847116535 -25.95109767666917 -111.07633253852055 64.02388640001695 -99.43723520464388 -140.85290338887089 -54.37007531957168 93.25706405419196 -71.80728262535452 2.434307563297229 -9.22684462382751 44.78639203512155 70.41889997649633 6.859715053051317
501 7014 0 0 0 -23.446890256829093 -52.553191823824505 -173.45973804143702 95.99841460345296 -53.041822973521626 66.97040821065426 -41.607997148505305 4.372034460659374 47.11456155493836 9.398558994336598 67.92139032419459 -65.07872378164771 73.51268981373444 -33.28493557680583 46.09834453849813 -4.276478518804744 1.7207511938360789 -25.951802095908707 -111.0788512140764 64.01243791694353 -99.44638303974581 -140.82740983783077 -54.37633265207339 93.24624108122214 -71.83970111890375 2.4257209856228967 -9.227643098236562 44.78711973016891 70.41900225442775 6.837211969984903
601 8414 0 0 0 -23.44747563374318 -52.5182555621505 -173.4610317566104 95.71399562211808 -52.92671416854584 67.02533817070268 -41.59982295385442 4.389713229652695 47.099052672923214 9.325318779715284 68.04383444070112 -65.0894127308889 73.49498691073605 -33.2313958626193 46.129347650941945 -4.283226492065084 1.7209076323177908 -25.975305910051528 -111.01567984205947 64.00285008066915 -99.46073120575129 -140.8395287185958 -54.385906087233714 93.2616216979554 -71.95942428041472 2.387129766031097 -9.201737119033693 44.77215239490756 70.4191543802898 6.845273038320247
701 9814 0 0 0 -23.446885503907513 -52.55781950477316 -173.51730041684976 95.28028387020349 -52.60348993777957 67.09168020518925 -41.52319700412632 4.392598667310227 46.95796854202812 9.443299012430886 68.31375184456344 -65.1125638148225 73.50062908338928 -33.158105810645324 46.136223642102635 -4.282819177282017 1.72074863897918 -26.07018968999802 -110.9938733487859 64.0318406871482 -99.38477821282774 -140.86161677042728 -54.36508334183926 93.2745545919059 -72.14375180105198 2.3870891088756303 -9.144419661555638 44.80274399474561 70.4189507353774 6.862878032832035
801 11214 0 0 0 -23.4469102209057 -52.55102814503674 -173.55511110278488 95.18872845649726 -52.57215787971 67.0142656851216 -41.48435653653497 4.385303845245659 46.887017796974845 9.473987618295633 68.4192827500436 -65.09518600556495 73.51381346778498 -33.16681355408048 46.136516640492665 -4.2984084053326255 1.7207593016735139 -26.070793191137952 -111.02460284316992 64.01162402463184 -99.34686304963556 -140.85992042953032 -54.32292743902288 93.28538817092462 -72.21462275093731 2.3782856264533003 -9.17717344963827 44.782048453447885 70.418937044789 6.851644767706928
901 12614 0 0 0 -23.447016589400057 -52.54110239008602 -173.6005783728086 95.16125692649831 -52.6089338989321 66.86441190163919 -41.44649587885769 4.3773371841626565 46.856944356058335 9.505234026090879 68.42622673323494 -65.08696236668497 73.4968348199062 -33.175540362572065 46.1428751532975 -4.3048579553930715 1.720778734843828 -26.08929566761119 -111.04703650696055 64.01955643095336 -99.31666999358104 -140.83626118485006 -54.32266955617797 93.27848075884955 -72.28282968432485 2.3930260213351655 -9.224953423517297 44.77970164954241 70.41889180889524 6.8504432453242705
1001 14014 0 0 0 -23.446930628855085 -52.54935616637641 -173.63717508544963 95.09235325109957 -52.643819573918485 66.79505556903224 -41.44100709950909 4.377437170097316 46.85436646915287 9.490257051062223 68.43387298149091 -65.08707733381655 73.49084615250975 -33.171255752745786 46.13588258930314 -4.309292160477454 1.7207595210785684 -26.116401921630523 -111.05613358103166 64.02978373370173 -99.29073750227768 -140.83915394083405 -54.32786354128443 93.27992631432141 -72.33477314910267 2.3931148489267673 -9.241206527712142 44.788175130016285 70.41894292180149 6.84775838171591
1101 15414 0 0 0 -23.446930614710972 -52.544920090526354 -173.6451419067843 95.11009262378559 -52.690503969883714 66.75932680941575 -41.446142970671 4.378161284684996 46.86260440485502 9.484669207230631 68.41743780887946 -65.0884134956465 73.48811253918532 -33.17315954416498 46.13581786938637 -4.306428969746957 1.7207613876295924 -26.120703823760245 -111.05597301796885 64.02438067806247 -99.28575205810611 -140.84583197234846 -54.32445541919563 93.28108685023915 -72.33831347366645 2.390393423218996 -9.254650373898416 44.78938023206724 70.4189445287845 6.850177634878058
1201 16814 0 0 0 -23.446929964920802 -52.5446849444568 -173.65123061794603 95.10536627125227 -52.70190353490544 66.74823408108861 -41.445746274865456 4.3796734468016885 46.86111348478569 9.486231961891784 68.4231936353793 -65.09106512884468 73.49046097066294 -33.168559060182474 46.138142690526436 -4.301961964872822 1.7207614261294075 -26.125944395283206 -111.05171977021246 64.02304262520582 -99.28237877984755 -140.85129077983908 -54.32040335356837 93.28184575188557 -72.3463854087003 2.388522878483742 -9.258770523616679 44.78753225722807 70.41894496927571 6.852140609880709
1301 18214 0 0 0 -23.446931621033837 -52.5505066066534 -173.66090854243768 95.10435304088053 -52.72213204640086 66.73422447451212 -41.43959484277643 4.3868089877355025 46.86425408500891 9.488129637258567 68.42590434750564 -65.10294115344496 73.496472680751 -33.149470434479746 46.13720912189726 -4.30162595999208 1.7207626210153093 -26.131895365585827 -111.03800205438266 64.02325959729802 -99.28142846341163 -140.8480541270919 -54.31328808331494 93.27643174455083 -72.37691968050775 2.3925925184992805 -9.267646072052187 44.79113985751423 70.41894489232432 6.854611936110696
1401 19614 0 0 0 -23.446919867044308 -52.5495173677324 -173.70825681914738 95.12285256643649 -52.77004515586563 66.77326555734838 -41.45549354461146 4.38394468767863 46.82192771403772 9.492322620176326 68.46796493145386 -65.16764598979151 73.49298593320493 -33.153891131771694 46.134456936235125 -4.302073925967594 1.720758178155243 -26.1739700866126 -111.03117937645186 64.0256359973184 -99.29676815785727 -140.84680976363583 -54.2882015689841 93.28205664819292 -72.51960588887381 2.389341743098132 -9.304987048829059 44.790313774944885 70.41894247953229 6.857759232756047
1501 21014 0 0 0 -23.446929905461776 -52.55150094871344 -173.7427017757179 95.14540673347388 -52.79741095071012 66.80999742925903 -41.4697885865884 4.386975060941524 46.78851687848794 9.508240911799597 68.49705002613811 -65.2265796819168 73.48998460455024 -33.16221662781465 46.13596058506268 -4.303020270329157 1.7207613136331144 -26.219494383568264 -111.04227826996775 64.02325254584743 -99.31044326850736 -140.84777083427954 -54.26572338675431 93.27561567119578 -72.63204491672185 2.391694917051352 -9.343351887870774 44.79037546534147 70.41894500693324 6.855420699955533
1601 22414 0 0 0 -23.446930344864928 -52.54788649159001 -173.74992686002258 95.14575510946177 -52.80113333065943 66.80674694215767 -41.468918325496894 4.38702334197651 46.78493503877296 9.516932769710643 68.4998634678184 -65.23359322989229 73.48905292327684 -33.162380373069134 46.13537120050851 -4.304573367656091 1.7207617163629885 -26.229949773627553 -111.0399342984986 64.02299999797279 -99.3120249303958 -140.8472554889997 -54.26117504843761 93.27697193416174 -72.65980320825845 2.391616797909084 -9.352326549673576 44.78977924782401 70.418944827073 6.854281408588831
1701 23814 0 0 0 -23.44692741364823 -52.54879675514567 -173.76253903903913 95.12641676296431 -52.80352402980431 66.82759709776913 -41.47420696077669 4.382971135970277 46.80672274092798 9.542699473540102 68.46965754703432 -65.25989077105135 73.49240373089816 -33.148147311618004 46.13436171420943 -4.302137058261255 1.7207604995179018 -26.25920357646866 -111.0368688968305 64.02225560281705 -99.31734235806108 -140.8462626359989 -54.244799870113 93.2766510316257 -72.72991124804514 2.394017810786266 -9.358276315183973 44.78870365495894 70.4189448339835 6.85223221834905
1801 25214 0 0 0 -23.44693010558874 -52.5480548504595 -173.77670659805852 95.11460897546041 -52.804691787981795 66.82472946743098 -41.47486653526495 4.384821039280886 46.81924968174445 9.545426880451704 68.45107995758244 -65.27614612440455 73.49111819978208 -33.1413180393498 46.136348615677576 -4.302601986797418 1.7207615700695862 -26.268671577363005 -111.03956121024964 64.02403235592098 -99.31542267593977 -140.84729120861044 -54.2336062347624 93.27870367715192 -72.7679273229725 2.3920912361460416 -9.356206711992442 44.78917856544386 70.4189449464608 6.852619623861955
1901 26614 0 0 0 -23.446930268689023 -52.548537019579115 -173.79682876445736 95.1237856467565 -52.79814301272278 66.81843008338517 -41.478105704032394 4.386659236734983 46.82730026528737 9.535440701234435 68.45316351040242 -65.28997081960577 73.49176157503675 -33.149280832328536 46.135957972357524 -4.302431943050586 1.7207615931902576 -26.283298483981504 -111.04606020513897 64.02345947344047 -99.32100183907258 -140.8461428638198 -54.22645035799415 93.27928233977131 -72.8032874884303 2.3915720160794853 -9.364422782028933 44.787952043495565 70.41894488613943 6.85446149946299
2001 28014 0 0 0 -23.446930106460915 -52.54834704503882 -173.80930576486037 95.12921305078278 -52.789357067106586 66.81489772925777 -41.47936024591893 4.385194059656035 46.8352343439878 9.527630400140321 68.45810894703813 -65.2946951077911 73.49175562933245 -33.15178135368411 46.13599832931759 -4.303165377806333 1.7207615946643369 -26.291359610903864 -111.04365761213832 64.02417167693962 -99.32668635048137 -140.84663763597038 -54.22051833424997 93.27824298996161 -72.82539284632048 2.391303725409092 -9.3680995780084 44.78882170488768 70.41894496904409 6.853906108459097
2101 29414 0 0 0 -23.446930110332925 -52.54832507603402 -173.81023783489266 95.12991224138185 -52.78794905091184 66.81481681938918 -41.47934005495059 4.384957655422469 46.83565306889278 9.52770051695146 68.4586253044609 -65.29482118803249 73.49176606062899 -33.15238323417406 46.13593683107818 -4.303045524622233 1.7207616036811426 -26.29190621450292 -111.04360790930232 64.0242077017194 -99.32710184408171 -140.8466527114277 -54.22007714512392 93.27819458906939 -72.82700308566821 2.391448700914375 -9.368504144068119 44.78879178338913 70.4189449711433 6.853828599967687
2201 30814 0 0 0 -23.446930110263946 -52.54845715075896 -173.8103232476156 95.12988132589155 -52.78760016118329 66.81509680869124 -41.47941749922965 4.384871972112538 46.83596339147996 9.527809100761846 68.45838664156598 -65.29472587876674 73.49181257852584 -33.15241517111401 46.135903244130105 -4.302879186578889 1.7207616036814897 -26.29191308990463 -111.04350693546768 64.02426599721342 -99.32719906299647 -140.84679737527463 -54.22009110505559 93.27828853735276 -72.8269011806538 2.3915174843648317 -9.368271300961519 44.78877028433272 70.41894497119964 6.853867661934575
2301 32214 0 0 0 -23.446930110413998 -52.548470225308634 -173.8105489357066 95.12950209633512 -52.78767266098974 66.81512313101477 -41.47939599431719 4.384873892909999 46.83587919312478 9.527977891953444 68.45850995764833 -65.29494371918221 73.49182899806159 -33.1523032161956 46.135916959145796 -4.302807991083335 1.7207616035583744 -26.292172860823626 -111.04341912044671 64.02426247271897 -99.32717333318087 -140.84683195953613 -54.2199576030294 93.27831552794053 -72.82763772711932 2.3915511046320503 -9.368403080346944 44.78877112089216 70.41894497131474 6.853833090633671
2401 33614 0 0 0 -23.446930110118156 -52.548470539704816 -173.81087968493281 95.1295583807527 -52.78777170813034 66.81492252235996 -41.479372567886955 4.384927267989843 46.835888577746566 9.527871945667483 68.45860472885416 -65.29517927328615 73.49174699470609 -33.15238211882472 46.13591157670298 -4.302828013498718 1.7207616034133273 -26.292499583641295 -111.04333037065679 64.0242468475115 -99.327227834996 -140.84686193709064 -54.21979810122984 93.27834571496052 -72.82838668629356 2.391587091165399 -9.368613726372661 44.788773683734505 70.41894497086808 6.853802130594086
2501 35014 0 0 0 -23.446930110570644 -52.54856989103194 -173.8108326754555 95.12914154548446 -52.78755897797701 66.81487476120483 -41.47921077337008 4.385030215280824 46.835981766185604 9.527589919245026 68.45830944705398 -65.29524688203468 73.49166205270411 -33.15235861047073 46.135867134136696 -4.302867720870894 1.7207616036466962 -26.292462524256052 -111.04324542718014 64.02420045830718 -99.3271074342282 -140.84687212475222 -54.2197583566003 93.27844032253832 -72.82829911199131 2.3915420858597214 -9.368389616614875 44.78880948870475 70.41894497115659 6.853760059975696
2601 36414 0 0 0 -23.446930109654176 -52.54848690844676 -173.8104907716889 95.12887243056736 -52.78696658727177 66.81499135737756 -41.47852441165612 4.385007659549684 46.835500801207864 9.527323008881556 68.45802142099026 -65.29513232720116 73.49168434507123 -33.15276325919552 46.135819791573155 -4.302850416524845 1.7207616034563784 -26.29220266663583 -111.04311053476236 64.0240853390332 -99.32689832981181 -140.8468566446936 -54.21997796721252 93.27839763439447 -72.82738992921155 2.3916304605291576 -9.36847914354968 44.788770406044556 70.41894497099089 6.853703544239381
2701 37814 0 0 0 -23.446930110345342 -52.54845000073499 -173.81297607163478 95.12948275114175 -52.785963830339035 66.81430239199541 -41.47583452626343 4.384960887893451 46.832581870322585 9.525945571411404 68.45636032865714 -65.29838486033405 73.49179033317598 -33.15478752646997 46.13581222412518 -4.302793046012564 1.7207616034524003 -26.29328278818279 -111.04287955310316 64.02413387396777 -99.32618987102154 -140.8468375671733 -54.21925005424593 93.27839755148908 -72.83039131297879 2.3915394317744894 -9.369940075799663 44.788803987824565 70.41894497116098 6.853770099523428
2801 39214 0 0 0 -23.446930110332175 -52.548510906670934 -173.8128889994665 95.12950889968833 -52.78618379412819 66.81458010441217 -41.47586825338773 4.384929072803828 46.83246959824082 9.526200352551147 68.45622483596826 -65.29847168635446 73.49181560349223 -33.15471017085597 46.13585249216543 -4.302846591383551 1.7207616036941094 -26.29328160357988 -111.0430029100856 64.02417552638455 -99.3261412960846 -140.84688275646434 -54.21929181538246 93.27840607987153 -72.8302562200982 2.391555764861325 -9.369887881943555 44.788805857629654 70.41894497115865 6.8537578113045
2901 40614 0 0 0 -23.44693011031871 -52.548524267250315 -173.81292302916734 95.12950688325893 -52.786213762616676 66.81453186585867 -41.47583188365323 4.384930785868752 46.83246926899158 9.526268802187866 68.45614956477894 -65.2985185258637 73.49182266170371 -33.15469850121155 46.13586211080783 -4.302845118255181 1.7207616036955313 -26.293309002312363 -111.04299611563552 64.0241692007956 -99.3261224718136 -140.84686654921788 -54.219273715148184 93.27841747940306 -72.83033622011021 2.391579399529378 -9.369907098775705 44.78880987659771 70.41894497115108 6.853756407275295
3001 42014 0 0 0 -23.446930110323407 -52.548529521767364 -173.81292907154494 95.1295410612463 -52.78626173830081 66.81453107905362 -41.47584531758416 4.384925630729436 46.832486472921545 9.5262262844981 68.45610604110226 -65.29854170418092 73.49182657144695 -33.15471620246402 46.13587026882511 -4.302845289904515 1.7207616036933011 -26.293306494360003 -111.04301570104009 64.02416122300107 -99.32612685556322 -140.84686250726813 -54.219289366850404 93.27841170767192 -72.83031197379586 2.3915803328636014 -9.369919412348514 44.78881609485687 70.41894497115211 6.8537567932927
3101 43414 0 0 0 -23.446930110327354 -52.54853453158328 -173.81293110368716 95.12951630880474 -52.78627875895265 66.81453132612084 -41.47585343706752 4.3849202710204205 46.83248981012069 9.52618893663725 68.45610633166721 -65.29854186738737 73.4918208978618 -33.15472537091765 46.13587120093429 -4.302845039499903 1.7207616036945867 -26.293308981715416 -111.04301369933223 64.02415632326513 -99.32612625150487 -140.84686595252288 -54.21929339175017 93.27841645591639 -72.83030165897415 2.3915788585817555 -9.369919942354292 44.78881384649375 70.41894497115442 6.853755553147846
3201 44814 0 0 0 -23.44693011032767 -52.54853740957218 -173.81294708299524 95.1295044937107 -52.786286638309804 66.81450909184403 -41.4758571277054 4.384914880403421 46.83248840371816 9.526191880915139 68.45612836789871 -65.29853958671346 73.49182002676021 -33.15472209402325 46.13587125414496 -4.302848903882183 1.7207616036944409 -26.293312977778474 -111.04301578050723 64.02415491937958 -99.32612391589633 -140.84686245092885 -54.219286101259414 93.27841623217016 -72.83032484272127 2.391580544496757 -9.369929582064543 44.78881406632355 70.41894497115467 6.853758759937369
3238 45332 0 0 0 -23.446930110327745 -52.54853722202821 -173.81294942121457 95.12950599648049 -52.786286975168956 66.81450742355955 -41.475856636668794 4.384915129261811 46.83248810522584 9.526191572660062 68.45612879510468 -65.29854115445971 73.49181994874037 -33.15472271362845 46.135871186951434 -4.302848980917609 1.7207616036943776 -26.293314691255226 -111.0430154780182 64.02415503054475 -99.3261241339893 -140.84686254417585 -54.21928504630433 93.27841621829803 -72.83032927036983 2.3915806006626315 -9.369931070722549 44.78881405893419 70.41894497115472 6.853758832394653
