% # columns="iter, evals, sigma, 0, fitness, xbest" seed=47, Mon Jul  6 00:51:53 2020, <python>{}</python>
1 14 47.63704219039695 0 14860.37317572927 -2.6460386869869534 -10.668368710055146 9.27662543941829 55.295670762564484 -60.68989349847323 51.08821427838396 13.532962175076085 38.93256959430812 42.2642460896125 45.28678773706688 37.716667277113544 1.2265243360894484 -75.14820026644445 49.45492368571848 33.185321713119954 33.075612460636506 21.41737015750223 55.30627142913265 18.81271632276497 30.867652213052587 20.88109201536216 51.84066547555868 62.864634838552426 -56.00006295208685 67.76725222707466 -12.28025569640384 26.422117595485663 -2.105057691378672 -20.917172899779807 -0.02540549692113656
2 28 45.783966376711994 0 26654.3868980029 -21.033659495486788 -40.86331049785666 90.78898865004152 73.8073502228776 -89.77317168576054 99.83319423812996 13.720523560467065 31.053115935008332 -50.542920875923244 12.197847287681594 -24.035755412481187 -33.28910337912069 -83.88955846466241 31.6483825561519 -17.353944159823662 -1.2508390008855343 24.758971765997707 5.578959469944277 19.205392841315593 0.5095443975250618 5.131409860261454 -8.242411044345701 83.06937584740714 -49.647263234548575 18.95898531938159 -53.39827542242305 17.027543030988678 61.97724043829898 -40.90151531420436 -13.416530761279411
3 42 43.99937444173896 0 21606.915069057857 10.668091471977318 -39.8760378935847 -73.61980694812293 99.63849083297904 3.4584190021276626 98.40091165137419 16.59140172471371 91.77290307234706 -31.276053016319793 27.1695218262853 58.447122700845966 -42.750658002270924 -20.435044815668505 -9.730147460064998 42.24072955252973 -15.317463915628043 -46.66220089467174 74.5069512836092 -89.24236694187431 -5.651122236207701 -38.830918398272985 17.667465762731307 70.4319228050426 61.776159835797806 31.832070566646703 -9.063885773230794 10.225566957046823 65.37319115203539 -20.24516547069697 22.88005258083234
101 1414 2.5174338382013413 0 511.83032882624343 -34.458072718625914 58.30885919040494 -83.61909477100802 96.99635792462006 19.484920288580295 61.6611672248612 -60.26363938062085 97.81460613929237 -35.926012535564325 99.90334849972629 47.342582814703334 -58.154603498215046 -99.99578704250003 99.45619285610256 8.472096362271982 -18.912710522113542 16.806168541891445 50.358388739924266 -24.343149901647518 -72.16252142336425 85.61468269753763 -5.405941638681082 99.48471724725998 -19.491961982735404 -5.398302975541133 17.72394374972096 99.98568340253642 -50.62259862508994 -15.292991413749956 -41.9135135044831
201 2814 0.31384213335897465 0 490.4822515504953 -41.099765132463624 44.250854614522964 -77.40874528543546 99.62311308411597 19.341110035812235 63.01996111921565 -66.75932765335446 93.53408322849242 -50.66848604141101 99.99965955892901 47.11468222661286 -54.114514518595165 -99.9936602766606 99.62246457239117 21.94737940109876 -15.206509031898996 15.88378176303497 30.172386786938006 -24.14845904329447 -66.87151872926312 82.44076038643225 -4.231240681426106 99.98247575380924 -30.347778063466233 -12.406023809749684 18.96608923624721 99.99590556852263 -57.432853728204414 -29.448000573193568 -42.48458056185339
301 4214 0.3480772977520711 0 488.4092893605867 -40.35157091161775 39.07941175068585 -70.83533974058534 99.82601703874411 26.95781678772575 62.61173283254686 -68.21798120143505 86.34852495497094 -50.26886598927714 99.8910855638367 45.74543317563711 -43.50987203475221 -99.99296177563451 85.37732730445569 22.89401682860635 -13.836768921235697 15.169376375996078 28.194091147782245 -24.37039179642573 -67.04264828379242 84.15518817726961 -4.514045142050239 99.98285187172752 -35.349122337318434 -15.17494664951927 19.58505118790078 99.9961269432482 -57.010213736258464 -34.94706296570797 -40.56014667933932
401 5614 0.2645879928554364 0 486.458148760941 -38.531847451643095 33.88785678837735 -63.81116022588279 91.60683820333432 22.696722290197084 58.576808946126306 -69.73856435209827 86.73593412226055 -44.53559565953799 99.46936880790454 46.3286520934682 -33.858998332248326 -99.99726280866939 72.82488834926315 24.745680918561476 -17.29360974850381 6.47849123304668 25.450978162925196 -20.661873918193024 -72.17894093462571 78.20386648067837 -4.935855391376231 99.99388105166781 -39.198828448088626 -17.994128572358182 20.381606437392808 99.99988063214894 -57.493210404263586 -41.65994445039735 -29.42062056327159
501 7014 0.4683600662763745 0 485.00037570086783 -32.41188667390063 31.48110479338489 -63.96777625239653 88.9650874352011 18.710335149734874 51.68160071153065 -65.9182759277292 90.4513302667782 -30.677543965055495 90.827407886329 45.938317488385984 -26.981881577562348 -99.99655731460444 62.84201734935448 33.30457796880081 -16.840476242926766 -4.337647180472824 17.505199552712526 -18.236491108006753 -75.76015681050664 72.8710093805344 -5.314210146095046 99.98451746425286 -43.606589993144574 -19.066547189981524 23.454883512122912 99.99748293338124 -57.43635003461895 -42.371968195809806 -23.621059085000233
601 8414 0.333764723344422 0 483.6396983965425 -25.412533587966212 30.759143432130376 -63.7605780598235 89.48179418570675 17.646312654421276 49.99024482816952 -49.947277172524764 96.87162102541038 -20.2554738128941 91.95103591603343 46.214100605468296 -24.483272936541553 -99.99766862228623 56.53395329764936 38.500334499038296 -16.78844664704637 -9.668195973700879 11.108369971324805 -17.460292440559364 -77.52356081650005 68.30041603616125 -4.744499928457968 99.99733007457358 -48.77572276452579 -19.272038261648166 24.63580818911543 99.99993269909064 -58.47414190679632 -44.4206776490427 -24.142548498889564
701 9814 0.39515968741637464 0 482.7576637290439 -21.21937857108183 31.034354399201785 -64.2510110928637 89.76425281415453 17.22574817084333 48.66814476650123 -34.95972219180324 99.2841351654452 -12.908236966238926 95.96806006664008 52.09630483845708 -23.595464180533394 -99.9880515781678 52.71807967726801 33.248373998715216 -16.895007612378876 -11.38907562594849 4.777718094344237 -16.86929887031406 -78.2453794427374 66.66577162772198 -3.553653385981895 99.99066417159418 -51.59958003579644 -19.862981563741833 25.483956006942506 99.99762956232034 -58.53550240715452 -48.774995772092744 -25.04425768207312
801 11214 0.5689952590540298 0 459.2380766343914 -13.228176236727322 30.918966368539518 -64.00330953644769 95.18798195065153 27.65903287360153 49.27843809447518 -14.567013158944892 94.56612189816315 1.4292904881828898 99.97455701883075 74.53172281650161 -11.867707740374483 -99.79169464580661 43.72633545877801 13.744767535125504 -30.61733116810698 -14.09224676719195 -0.7105492623494456 -13.042639268350381 -85.10905358495735 70.89871823537892 2.8912885352823685 99.97254000264226 -54.27733669446268 -19.540297473350662 22.357136167428454 99.99142607869382 -55.84440150316154 -54.07956758299157 -29.759606438670215
901 12614 0.06088029457265312 0 458.56998799773015 -13.28044027087878 30.389959227458554 -63.86083689373825 95.68763286379149 26.974354155780933 48.96707518777549 -14.70494726285334 94.3916072771325 2.248952776006314 99.99999209285062 74.12122452612743 -12.97672286060982 -99.94264568273341 42.73536201129329 13.920274326782415 -32.184964950328194 -14.104412018954818 0.3095252325996114 -13.745221883690636 -84.42083396317018 71.9262687327073 2.512473852940106 99.99995065709263 -54.00730668236542 -18.94056695553938 22.876565657833794 99.99995913241938 -56.99377046086792 -53.66112470627564 -29.67979834674798
1001 14014 0.021711925489541997 0 458.5619484987928 -13.293874899832902 30.39912392019484 -63.824670195384044 95.7228989038188 26.973383124437674 48.96873937334419 -14.628001887119222 94.39816667446277 2.3508299112430318 99.9999996015568 74.11942117326505 -12.937198947106692 -99.99908952492775 42.73467151159559 13.840495124147536 -32.29770415429752 -14.121438158440972 0.47584111161270926 -13.651875329385128 -84.35346241011737 71.89197378681718 2.507405857605199 99.99998928842814 -53.92278377901569 -18.88665469265518 22.85700396186944 99.99999777800333 -56.97275644258655 -53.67916317761678 -29.70717944970405
1101 15414 0.0010630821010255954 0 458.56155799254805 -13.294876735106559 30.397774562304914 -63.81453301201316 95.70642294976957 26.975362159244057 48.95302645310656 -14.647947008885781 94.40080437500197 2.35438602764026 99.99999997571999 74.11025864319359 -12.942709179780374 -99.99999976297838 42.73744172163663 13.863629810997265 -32.28755061135236 -14.117721476156468 0.471852157683486 -13.646778222183773 -84.37325441135636 71.89002899877693 2.5176367805916295 99.9999999993587 -53.932171254229594 -18.89692200555959 22.87328011151007 99.99999998627233 -56.9615455681224 -53.677089185126086 -29.70347971475865
1201 16814 4.0591573890817475e-05 0 458.56155730299264 -13.295171705735648 30.39775695081481 -63.81359780387368 95.70562133514684 26.97506935544669 48.95311525912223 -14.648419023524525 94.40195421935314 2.3546953463171665 99.99999999990679 74.1097534753462 -12.942545260046268 -99.9999999997798 42.73753750144553 13.864150469251275 -32.28504141841463 -14.117830077772803 0.4717274160151703 -13.64745718345731 -84.37290029737574 71.88990634759787 2.518035563013486 99.99999999999694 -53.93153607288661 -18.896976516103248 22.873801203085424 99.99999999998609 -56.96085007805881 -53.67687348230855 -29.702836292842733
1301 18214 1.0893532705613457e-06 0 458.5615573023857 -13.295151548240913 30.397761833159592 -63.813622602661354 95.70560640977796 26.975082216957862 48.953127427805384 -14.648427264133089 94.40194391857759 2.3547165670123706 99.99999999999999 74.1097646538106 -12.942526523930894 -99.99999999999991 42.73756512013071 13.864161679835687 -32.28509281103069 -14.117835042894017 0.4717439617195964 -13.647434181745542 -84.37289364742506 71.88989637425782 2.518028505302406 100.0 -53.93153054815004 -18.89697135008008 22.873817823879037 100.0 -56.96089083723587 -53.676874369302965 -29.702865166052558
1328 18592 4.715931375979745e-07 0 458.56155730238527 -13.295150932983402 30.39776155021457 -63.81362250001018 95.70560656950742 26.97508265483317 48.95312771012763 -14.648426268055047 94.40194381792287 2.354717584219167 100.0 74.10976396251509 -12.942525451271445 -99.99999999999999 42.737565561301864 13.864161480106555 -32.285091904019524 -14.117834950310014 0.4717444010712484 -13.64743372118897 -84.37289331921231 71.88989583468646 2.518029939651151 100.0 -53.93153031863725 -18.896970853544058 22.87381859549785 100.0 -56.960890938403566 -53.6768746251034 -29.70286596386107
