% # columns="iter, evals, sigma, 0, fitness, xbest" seed=38, Mon Jul  6 12:18:39 2020, <python>{}</python>
1 14 50 0 11625.396302557514 50.435282405836986 -16.156194530759095 6.387342055663418 13.988715552395666 64.43700849445801 81.26549287120687 -23.459754675812565 -62.470743861674606 -13.02143552887775 -7.3776308059660565 -24.009531410847817 -85.42283197434128 55.095248650500125 -2.504548110816971 83.00000163228555 60.48362930208599 96.75706694319985 -14.860955894834685 66.0476329045867 0.9868267720199995 24.32191328347953 -93.3447911395991 20.684539711590098 7.096361373187024 -2.3099102061250063 21.30904100473174 32.31945387974483 42.356906875239666 9.495102925519138 34.967598637560236
2 28 49.12111658109599 0 11446.397893072384 -44.811330644687374 -99.77910507914336 37.61980647390081 81.26027639384537 -8.49421263904646 41.818479945744116 78.57022690886069 -99.99175340729833 6.737598933420784 -13.769386522588285 62.66282016636084 27.76399374632096 20.656123961373485 -47.36968524369095 65.48649888030832 -50.47520198756829 -36.08045649171382 -1.437823319425028 -48.17790497396236 96.5727318282159 14.124656802358489 -55.05869557271322 -43.682587969397744 -43.18220391569392 -27.418847377545177 -28.963103791288592 1.226330100935328 11.268116915740695 -35.96422189730294 -27.384950956054364
3 42 44.00654075372197 0 11559.436267102159 3.7337307709333007 -98.88157514297899 41.41800461864256 92.25812463118814 22.378259086226493 32.69668243744262 -9.440213982011223 -21.63976150091967 42.204285262392716 -99.93174905886539 13.804066292588452 -12.493341224519543 -99.63299125209605 -53.115203757590265 32.87053861671781 -64.17724456530968 13.385806815266632 54.523079856485566 14.943023233019161 98.52235291220812 59.42785629699239 -65.450783587546 13.150776962357355 -30.483665244904614 36.368998088838175 -63.61524769905371 -7.668448863629894 -86.4517193071388 40.07688015116143 -80.86908343511205
101 1414 0.07432650587763681 0 4170.728633540477 -27.759618087046785 -69.39443370367042 45.58899987525151 96.8409191616492 0.6827277931532092 0.6300120443323028 -2.7058318885317294 -61.705347979912155 37.62915525667419 -60.7294761139141 26.406193490325315 -72.3603337490695 -78.20343229290148 -36.23529323602883 5.7404677560591555 -83.93193272564545 20.27598196820478 -29.516511304017445 9.552937765347128 69.21169975441843 -25.898424606064886 -91.39730421064806 -12.163590127963674 -52.82106103150891 -22.910801303065842 -70.52980961173111 0.9681887738356859 -65.07504721866322 72.33546481915154 -45.265963196256386
201 2814 0.0014178313145835023 0 4137.852548046374 -27.67686961231053 -69.6219081428822 45.548505769671955 96.91011918693073 0.3791166894698886 0.5252672527901397 -2.7380574543565577 -61.66126200027909 37.477525700688304 -60.82786312744589 26.413312808707545 -72.58093579101573 -78.08713820486162 -36.3415702611466 5.666766155777185 -83.89990392821804 20.3385550645412 -29.50989229631837 9.44122302250706 69.49250798463842 -26.071130750171363 -91.59677847940401 -11.989867373079399 -52.52469816095633 -23.077537687385913 -70.19511997412593 0.9906683397369452 -65.15990524039053 72.68122483837139 -45.09914395397265
301 4214 0.0008800788210138012 0 4128.848429543952 -27.54645240005297 -69.69773802915108 45.50849459777695 96.95534899642514 0.28394819590322434 0.4482289267751103 -2.7387360463796493 -61.68653987073493 37.45175069094266 -60.812933370278465 26.3946985383604 -72.73491705526395 -78.1707335826583 -36.317424790810755 5.579274146133519 -83.89578277751997 20.229968794779428 -29.51804060882119 9.312810079340382 69.76088868008141 -26.06873152063024 -91.73871842786528 -11.944595007032763 -52.42654590754458 -23.33335369871172 -69.96742132513191 1.1214106003441138 -65.10960668853603 72.88661557093818 -45.118945010071776
401 5614 0.0036099017107731946 0 4123.622485369939 -27.44664485272736 -69.70882578510245 45.41697958357133 97.04362415472413 0.33974957273431067 0.528624982944956 -2.7113697872715163 -61.61184222012016 37.44235206178182 -60.890816345627364 26.219835366177175 -72.85407294686767 -78.21749726098373 -36.386824546902716 5.626200035524801 -84.02146968161534 20.216841150517304 -29.622393205106352 9.25940306421515 69.89951626015244 -26.063374522382293 -91.80918769988303 -11.958461044253392 -52.3771228631984 -23.491477163965175 -69.9900532101458 1.055114670453192 -65.0551353249996 72.92740360693355 -45.096938480403864
501 7014 0.0023949254456907525 0 4120.219646749854 -27.384514849174668 -69.71795815012283 45.366793257145616 97.02981762640137 0.3649868606203221 0.4751424581952431 -2.6698443254042123 -61.60192998995341 37.47628344244863 -60.92759854381857 26.074562789831095 -72.97004779134326 -78.24351168807897 -36.437248744391084 5.667564662107973 -84.07979351829539 20.37634982196449 -29.733923463464865 9.296382588522862 69.96351003218687 -26.027782850211345 -91.66423248587881 -11.985499224587294 -52.34306592499512 -23.518163406907945 -69.9154181076095 1.0148575699820432 -65.07723049858683 72.78636392499027 -45.05119282566802
601 8414 0.0009794552707187644 0 4118.524402770048 -27.435155984615708 -69.76691128278247 45.45007689038659 97.00205374055398 0.3296202828451792 0.40143183549633904 -2.6941066431769687 -61.58194498053396 37.53831554907834 -60.9268487912028 26.055337865829962 -73.04218146716299 -78.16459363642865 -36.35399381240879 5.6709526581423315 -84.11576830920116 20.45323702864768 -29.69547866119788 9.34900481605945 70.03350978684779 -26.056919368925726 -91.55957296288642 -11.949181460603787 -52.3056786193702 -23.58519317219755 -69.89582121206043 1.0228707721301156 -65.09665148171351 72.81491788733268 -45.043307267667366
701 9814 0.0008238865861756497 0 4118.140708435849 -27.453182233384688 -69.78465448600619 45.46878114855205 97.0048361155896 0.3325378668672418 0.41748286566356413 -2.673521316642715 -61.55223378267677 37.553953936757935 -60.909004229594395 26.021667669907306 -73.02724165158298 -78.15476395284577 -36.29835585075246 5.691708271564754 -84.12666613948052 20.49181480967997 -29.670666164255213 9.345212164534168 70.05119919252442 -26.093457116037136 -91.53252929016908 -11.954165609805711 -52.313291770950286 -23.598572318465877 -69.92026405916484 1.051534454412609 -65.09081337917958 72.84705849711196 -45.039541967168525
801 11214 0.000398057966744329 0 4117.947805269128 -27.427055894569115 -69.75943949102597 45.44975203445708 97.01057392905298 0.35033263721345925 0.41751556869771933 -2.6729069443803852 -61.57193276945802 37.55940310844276 -60.892507418329586 25.98479529802143 -73.01908666792863 -78.15748273296508 -36.25489772343096 5.686542447196738 -84.12516611347596 20.5093858447692 -29.661545837369147 9.324333385104852 70.04697554994827 -26.10428881308801 -91.50634642697459 -11.942213179397545 -52.31105162937099 -23.60815788015151 -69.94657478668819 1.0612335457471638 -65.06242370246636 72.84698985096969 -45.03684836583483
901 12614 0.000784856771257721 0 4117.882871817879 -27.41490144989261 -69.7568230474674 45.44345422094763 97.01217078667435 0.33877109620572443 0.4099443611904972 -2.6756327244239797 -61.58257093010914 37.55062321012342 -60.89447284567732 25.966905315090564 -73.02344256744784 -78.16303271761618 -36.24477023960022 5.678568373587812 -84.13089495946363 20.511456526965173 -29.631610964190497 9.336832714719101 70.03810787976911 -26.09880467682784 -91.51038686986693 -11.944751299101187 -52.31432468740074 -23.613031006844185 -69.95193388659958 1.0567552701565028 -65.0613041346239 72.83478843941283 -45.055281756485044
1001 14014 0.00017383265705514322 0 4117.8540737375515 -27.41382363772573 -69.76472047784554 45.448755303497165 97.02114363398549 0.33232549961460167 0.413985647637385 -2.6734047039737723 -61.584534312114556 37.547393446822944 -60.88914135400715 25.973254956679526 -73.03015384764659 -78.17463398750182 -36.23722062425199 5.6795789185050625 -84.13669725317303 20.51028791645655 -29.62186007231066 9.343558990108264 70.04196406146795 -26.086098461082614 -91.50928569797132 -11.948020164670277 -52.31009555475654 -23.60992528043598 -69.95221395982425 1.0611673812347648 -65.0648803815819 72.8226303361302 -45.06111185945416
1101 15414 8.405182495620884e-05 0 4117.849603836981 -27.411743538513537 -69.76454213736525 45.45348716069122 97.02513885440192 0.3309280383711696 0.41617113336916567 -2.671655996338787 -61.58268581096847 37.54452450438375 -60.88650514173389 25.97361745429308 -73.03034348304928 -78.17970221672122 -36.23234209760442 5.682822239631375 -84.13687019688773 20.507460126655726 -29.617427145343388 9.343574429572481 70.04410057399627 -26.082976718490947 -91.50966346715133 -11.947235013473888 -52.308901176363044 -23.60529929364641 -69.95566592204484 1.0602449892423769 -65.0623759261184 72.82294235032109 -45.06117199713082
1201 16814 0.00012232971723223531 0 4117.84639085741 -27.408684441197106 -69.76380102260123 45.45531210661655 97.02337670230979 0.330274742905298 0.4134196543081673 -2.6699721835697865 -61.58163487951785 37.543116881809745 -60.88758037121123 25.972242489341266 -73.0322965198071 -78.17945001721232 -36.232002479179684 5.688378948884364 -84.1360799168224 20.506180194866353 -29.61862618291628 9.344506593005944 70.04322251499065 -26.083490260493264 -91.50849478548069 -11.946626252109299 -52.30793808898313 -23.60283574581986 -69.9538217029315 1.0587532632074474 -65.05964459238072 72.82350763316077 -45.06151630044032
1301 18214 8.001068270443561e-05 0 4117.844394366539 -27.405205782462893 -69.76668966753039 45.453345941008855 97.02145745502395 0.3292770257100268 0.4129281459266967 -2.6686199865555236 -61.58361905204544 37.542871517856135 -60.88603341875451 25.976252819319924 -73.03270134961484 -78.1788409095985 -36.23310744348509 5.691863031278335 -84.1370502131299 20.504737028904284 -29.620276108318937 9.347969392140783 70.04199871229729 -26.084189931542895 -91.5094892981946 -11.946529108557968 -52.307062348384015 -23.605936801237856 -69.95459863803559 1.0600470917314486 -65.05781680234665 72.82376795094984 -45.06043950829137
1401 19614 2.0940711069555114e-05 0 4117.843852121296 -27.40260778752246 -69.76751644569899 45.45253923823339 97.02091962063088 0.3296045298188558 0.41318290404098196 -2.66858479971442 -61.58258264163888 37.542511624086515 -60.88485430355301 25.977167005888365 -73.03301480731987 -78.17987643533705 -36.23189719571368 5.690944640827705 -84.13690578039198 20.504567161940294 -29.621389008818873 9.350691779565622 70.0408574484837 -26.083880402431127 -91.50851611176189 -11.946042818195272 -52.30737506697762 -23.605660771315122 -69.95567174399069 1.058838259423611 -65.0576297392054 72.82343869275864 -45.061599742044045
1501 21014 1.3077310183501778e-05 0 4117.843712515316 -27.402655723813638 -69.76828479373293 45.45283081705625 97.02121975182914 0.3297311841671559 0.4133620802882333 -2.6684854567306866 -61.583296849387914 37.542297654675636 -60.885421250007475 25.976869037567504 -73.0334510647625 -78.17990090128158 -36.23125775188163 5.690559268767256 -84.1366946289788 20.504427880866718 -29.62268330689955 9.351167852870864 70.04148880477874 -26.08405976715292 -91.50812846545027 -11.9464914663716 -52.307411738849055 -23.604749166285732 -69.95561388292003 1.058587799742174 -65.05828966753471 72.82391417589847 -45.06163038257716
1601 22414 3.199695071545263e-05 0 4117.843576941263 -27.402711666747724 -69.76855848508575 45.45235389110796 97.02157932772344 0.3299960427279312 0.41318250769320697 -2.6686575957129763 -61.583277231265114 37.54153105061435 -60.88548491542425 25.97631179860966 -73.03206627002501 -78.17999750469458 -36.23052369311499 5.6909218236574475 -84.13696532912715 20.504586472180748 -29.62307704320838 9.351724885939538 70.04208872383583 -26.084009098035665 -91.50865120528337 -11.946038121669659 -52.30783871239432 -23.604977524239306 -69.95511399074614 1.0580529404851733 -65.05885771474 72.82400778083277 -45.061404902332185
1701 23814 2.5771442513300143e-05 0 4117.843503868804 -27.403210759882665 -69.76853153700858 45.451639281960674 97.02221777383511 0.3304485886379791 0.41263535991505107 -2.6687381755240285 -61.58325120457793 37.540968415434065 -60.88570052630397 25.976799256809343 -73.03205955989522 -78.18019193033406 -36.230178622574236 5.691260590612109 -84.1368865562582 20.505079854008905 -29.623304057177258 9.352134403152844 70.04179706378403 -26.08383396596772 -91.5086255176927 -11.945894916482889 -52.307498527343824 -23.605230475336757 -69.9548262805525 1.0580632794226925 -65.05893448346806 72.82411071453666 -45.061450872621286
1801 25214 1.2772764406252298e-05 0 4117.843478920377 -27.403166818841033 -69.76826808426273 45.45147961643291 97.02241257505753 0.3309750323149566 0.41240671897180714 -2.6687988874996327 -61.58313739491604 37.54068969737821 -60.88581263238535 25.977064244775626 -73.0320069689838 -78.18037056807809 -36.23004558978371 5.691333170927442 -84.13684867701542 20.5051722560569 -29.623060694728355 9.352085293646633 70.0417888350896 -26.083951203494188 -91.50879904357976 -11.946232797251069 -52.30733757923492 -23.604956024853777 -69.95484301704195 1.05823989136169 -65.05915311538507 72.82435773178987 -45.06141208913003
1901 26614 1.0263687569458542e-05 0 4117.843463710175 -27.40286903424986 -69.76823048428466 45.45151842853921 97.02232258289305 0.33118746451535114 0.41229686480432703 -2.6686284046642195 -61.583107081318914 37.54079775264422 -60.885852953120626 25.97751307586458 -73.03214193494249 -78.18029264398199 -36.23018201749129 5.6911436798930515 -84.13705835702817 20.505211010959915 -29.62285624805312 9.35199617742476 70.04213271036078 -26.08408130984526 -91.50878550120427 -11.94625451469597 -52.30726339636545 -23.604869958576643 -69.95493709354076 1.0582056541175866 -65.0591072143152 72.82418008642453 -45.06148115812821
2001 28014 6.05209651629376e-06 0 4117.843460078177 -27.40278851905227 -69.7683501246257 45.451652577342216 97.02231049248478 0.331286654847324 0.41230578029792475 -2.668566409330669 -61.58309288132881 37.54058584054702 -60.8859230541653 25.977485015856143 -73.03206874338245 -78.18030555282708 -36.23006099646771 5.6911971425690275 -84.13707667491444 20.505238425856096 -29.622733065800155 9.35200712343563 70.0422644721439 -26.084110443775202 -91.50882944190275 -11.946211589955599 -52.30723121669586 -23.604906028308722 -69.9548539785824 1.0581064408831409 -65.05910021509781 72.82413584785219 -45.06144812617293
2101 29414 4.4434356822364375e-06 0 4117.843458207639 -27.40280122875087 -69.76842832710724 45.45175327055644 97.02227124128092 0.3314518733168135 0.41230002472207633 -2.6685935763132163 -61.58311058160146 37.54065675424583 -60.88595416277439 25.977477129774936 -73.03207026068227 -78.18034249787132 -36.230045853843016 5.691192659994856 -84.13706879414988 20.505272998853776 -29.62269449402936 9.352047535889788 70.04220696154798 -26.084093809366703 -91.50885322830595 -11.946249251716592 -52.30716419487649 -23.6050134024614 -69.9548247070663 1.0580711545871244 -65.05905329329822 72.82413442288737 -45.06147177570853
2201 30814 1.068114037063402e-06 0 4117.843457892708 -27.40281051671907 -69.76843692463851 45.451792418190394 97.02227814136829 0.33147323650042765 0.41229106942974825 -2.668573765099674 -61.58311623192736 37.54072663742196 -60.885941907996745 25.977476758009647 -73.0320378931928 -78.18034649224597 -36.230031531899485 5.691206618922512 -84.13706214734917 20.505261564750864 -29.622681495489893 9.352059425463626 70.04218747843623 -26.084077560349716 -91.50889070990142 -11.946242056021134 -52.307173720191656 -23.60502752674372 -69.95484531154767 1.0580507319206736 -65.0590441206472 72.82412148712575 -45.0614818115498
2301 32214 8.05371622411081e-07 0 4117.843457724837 -27.40280651185675 -69.7684255214163 45.45179966315954 97.02230847543913 0.33145766024733786 0.412294860354873 -2.668577172692628 -61.583111347861646 37.540732744315875 -60.88594507087556 25.97747511919657 -73.03206140015494 -78.18034854371358 -36.230018621943614 5.691214986254937 -84.13703967602724 20.505247527496334 -29.622678731370524 9.352066236456308 70.04217307385585 -26.084106190786702 -91.5089106163937 -11.946230437915046 -52.307184779106045 -23.60505345320458 -69.95483073671268 1.058034530219935 -65.05908030060549 72.82411299098409 -45.061469127686344
2401 33614 9.079417497013909e-07 0 4117.843457689325 -27.40280969911392 -69.76841031386616 45.451816247191125 97.02231278563914 0.33145737459479757 0.4123059795541502 -2.668577198061501 -61.58311744364123 37.540725137937116 -60.885944239576716 25.977486020858844 -73.03206187082398 -78.18035841272825 -36.23001931106868 5.691216804393256 -84.13704009757141 20.505254512899306 -29.622673738745256 9.35206793316661 70.04216206095701 -26.08411765911399 -91.50890328162743 -11.94622866571619 -52.30719194536142 -23.60505067488541 -69.954823990619 1.0580230133391697 -65.05909047371188 72.82412541904198 -45.06145864455368
2464 34496 4.665157405729626e-09 0 4117.8434579813165 -27.402804406744707 -69.76840715210756 45.45181592738724 97.02231117603259 0.33145503626917616 0.4123068240071106 -2.6685710578801505 -61.583119897940186 37.54072736460155 -60.88594386759251 25.97749363569944 -73.03206483029344 -78.18036055202545 -36.230023927603256 5.691216699718218 -84.13704472081727 20.50526059093165 -29.622675985685106 9.352069243232659 70.04216451317691 -26.084117442069775 -91.50889908981853 -11.946226947633207 -52.307190116521284 -23.605054221835584 -69.954821964476 1.0580189117448455 -65.05908865980723 72.82413008809311 -45.061458916061184
