% # columns="iter, evals, sigma, 0, fitness, xbest" seed=25, Sun Jul  5 15:53:20 2020, <python>{}</python>
1 14 50 0 4104.863438895973 -10.420562233857288 47.39688081360686 3.3582175475131164 -5.027719146350021 53.34867202128552 21.785165768833618 -95.43493465373497 -38.67799268548661 29.02399076810815 -81.01081834705174 -78.3909710470337 -48.61669633445509 76.81839465547206 -52.302034018874345 6.4356729554948044 39.02391523331422 27.942510044299002 -20.112909542524488 -89.29055720491465 95.6643641926652 69.51569060800426 -99.99400005974407 79.25314012777349 39.41923610565886 4.44393742110371 22.665369596373345 10.48135280092044 73.08673406376937 8.232527913781942 10.767544297183147
2 28 45.75737837568564 0 3600.2777895239437 32.23246273154848 -14.838945634880924 15.743390224389064 -2.1438561653678363 62.12226575112204 15.623665358474693 -79.75480475914152 -66.90088525392807 10.039922150974053 -42.044818647714976 49.99753402335728 1.1746048282659558 96.89926747574516 -97.68371942219224 55.54623297329497 41.12914330482198 98.26954684037385 -55.73140598054374 -2.3302022121003936 35.878953911273555 20.8399528988388 25.456445357177564 51.98168730656627 45.369923145761604 1.9729896137945717 26.887897043850238 66.38274763635117 61.65286414792815 74.05172578900729 2.3360481694333295
3 42 41.13869298558968 0 4089.670838234807 54.15861508558391 -3.4788897817452487 82.02547997057796 87.55003929297206 80.67497681218738 -39.699734517345775 -70.70083701235171 -21.382896024790824 -49.008346534851185 -36.82886699842386 -4.156210217539845 -16.500822784293838 90.55401545311403 -28.209695665587642 76.65789886579978 55.86175726465734 32.05103122596037 -44.00302923390612 -20.956463513659138 58.699095117417805 57.79279654669717 -89.28635654978869 87.81754816329894 -1.4852797457981701 -23.11602810716822 0.07775368939458005 -31.03540177483761 72.77778101225908 68.66251326985537 -0.766667029022237
101 1414 0.08603652585283558 0 2744.3336686497278 13.359288574294144 -38.71951298403221 84.86416761640879 73.61306472918949 93.19893781464349 95.67669044183782 -99.04749810743179 26.1670313936085 29.010349621873686 -24.891323815178886 27.0109626085659 61.08903136182554 56.77849632232361 -9.728598424766844 63.13637560271745 19.19870446590352 55.931917542438015 -51.774259725169706 -53.314075043442216 36.330723425342434 43.649177421377495 -35.10410345263377 50.87584258841531 14.735280992263515 81.31768982043648 8.276868990330076 -0.06840821083050792 16.35183954580373 35.687835851668204 45.917733245392625
201 2814 0.021517136697298277 0 2706.158254167055 9.667900598663456 -40.861370289144105 85.16209663772001 75.81562906664165 90.88884162294882 90.25039360403402 -98.96715906106462 26.194167519109865 28.191012215300617 -28.20415625857947 25.87435017325834 62.17433540720643 54.985534611899915 -9.369337517387443 63.085040596605246 19.61123586255479 57.72114100560318 -49.62530828957741 -52.599678804792404 36.23321041901162 41.76486786537491 -34.218697324847156 51.011686885195566 15.283462401231148 82.54209618482949 8.237368493524231 -0.3076872999608728 16.386638872682568 34.95947225971536 45.970379931258165
301 4214 0.004040901216527436 0 2705.019305189249 9.663216544267517 -40.86508153083908 85.15967284362088 75.7960028524273 90.94897197014181 89.59410097724316 -99.0105417849238 26.130965968529306 28.1532517658447 -28.41273758445034 25.603611778653367 62.14557580219054 55.04629628340245 -9.083752516615878 63.160389788949416 19.604547086808147 57.732582709827234 -49.50017485074854 -52.62483206813121 36.21304024156616 41.671109426461456 -34.26746593107537 50.87438514890051 15.287126215374881 82.64190687612944 8.260867923717333 -0.23454022477114012 16.36372351912109 34.950936585789066 46.01808390814968
401 5614 0.0027458838816345464 0 2704.537033728441 9.661212117880305 -40.8447173950448 85.16074288064667 75.67805521420594 90.94910343136267 88.92717861028697 -99.1033643853391 26.14118224294324 28.148652025005337 -28.61688951853098 25.428960113579294 62.23114259000112 55.04967332772213 -8.858013069332255 63.140079321663656 19.598435742145103 57.733986744044905 -49.3287996146656 -52.65534084966126 36.227555310799914 41.55578683404777 -34.23154426344948 50.73734756927357 15.286742151484583 82.89341759614278 8.265849004594822 -0.11560063316686464 16.368459086767263 34.951230812163054 45.97471949581591
501 7014 0.0016085352931529604 0 2704.367621623245 9.662625709943681 -40.854010458399685 85.16259030892792 75.5443651696258 91.02368216115359 88.83762552612102 -99.14788581883437 26.144068993764375 28.146231221279333 -28.622067847353645 25.47841806520664 62.2406946754166 55.037440458030666 -8.865147367266117 63.09542929363025 19.638684505969408 57.73307202327925 -49.22128130252311 -52.66830125998629 36.214953758298556 41.49602360862667 -34.21423878507067 50.69246334167357 15.2641613108595 83.03919382579802 8.24802638940167 -0.07345615141012754 16.381905983083747 34.951725432731685 45.974326309707166
601 8414 0.001026912122412281 0 2704.075050039851 9.662708969138555 -40.8441178447995 85.23640049249575 75.14405231073688 91.39032687364643 88.85912441436477 -99.22490382790804 26.129642651869894 28.22041685841329 -28.396146782704957 25.68446284199942 62.20216750281051 55.062314188179336 -8.962573806590012 63.11625484511112 19.627713287758684 57.73314521415082 -49.08263169209279 -52.65622810654743 36.21580341060335 41.381239127770755 -34.24051672653705 50.635720767478475 15.298998388752251 83.27946668991811 8.269058982374501 0.004010597741719576 16.395507809126624 34.95155198925626 46.00125169043007
701 9814 0.00026456774349099946 0 2704.0612424319115 9.6627559673993 -40.84373792809174 85.23844556698677 75.12689976386775 91.39080799385435 88.82039429440086 -99.23272925190061 26.13596482826506 28.219696653526842 -28.392933364925405 25.683362406389904 62.20089540823365 55.056116097589815 -8.963008390750327 63.11577858682207 19.617827039856987 57.73340417756653 -49.071604871442176 -52.658145131737896 36.21423697104881 41.358946007423704 -34.23732263658793 50.61835371671236 15.29312683703304 83.29358025069655 8.262687910167054 0.00450059790754599 16.39299385009716 34.95154884046134 45.99301522927861
801 11214 0.000195588575758743 0 2704.047319330706 9.662743168702196 -40.8476557211948 85.24812178628999 75.09477654162009 91.40146256727658 88.86459093027287 -99.23883994416026 26.136690275954 28.21242149580993 -28.34930895951154 25.720098482913034 62.18500334055679 55.03574229444464 -9.01291855203089 63.124198204480756 19.612850278106777 57.73338324137803 -49.06605695092231 -52.653175414788834 36.209237956677455 41.32858546947823 -34.2439490346796 50.60656172879358 15.287403040871878 83.27325310202083 8.25255981284469 -0.007974004046467848 16.388225644684034 34.95155269468272 45.990188789981325
901 12614 0.00017318523781575818 0 2704.04062371099 9.662745253980713 -40.8503536819714 85.24825934344373 75.08129648780175 91.3909684400891 88.85194332782349 -99.24414167831786 26.132058861845444 28.195227308774562 -28.359145506514547 25.71229856208536 62.183506128959515 55.03563039116305 -9.021236983599861 63.12426202927777 19.619391485002126 57.73338884983011 -49.05612050219324 -52.650472227497225 36.21161813575606 41.31070304881104 -34.24380371395163 50.60314174524239 15.27559474056257 83.25853718918168 8.254864767443566 -0.018787031483232883 16.38846409132067 34.951554692641594 45.98249048686906
1001 14014 0.00025533058958666596 0 2704.0276182963767 9.662755400691646 -40.85876425484671 85.25880274945509 75.02503340502622 91.40344060260244 88.85135040704262 -99.25380509806722 26.13991566738881 28.162443302198852 -28.332645015597762 25.685263981554005 62.17943877446201 55.046858551691685 -9.03754570187551 63.12629311204717 19.621396603852205 57.73339655365509 -49.05869943000452 -52.66016067956531 36.22335829783766 41.26550712058818 -34.24972508096706 50.59965980285719 15.283179062395963 83.22134780960761 8.252748425877622 -0.04526807560704996 16.38973284101806 34.95155518169101 45.98008014405638
1101 15414 0.00014065179073782108 0 2704.0243724154707 9.662757733690428 -40.86322645766061 85.26425208847623 75.01268852115685 91.39688944898897 88.86499723235744 -99.25337878360946 26.13937886249781 28.12711328288995 -28.33031087938217 25.671501496143772 62.18358248029316 55.04455038494935 -9.050942583168807 63.12394462167985 19.61721100995361 57.733385548837525 -49.07112657314527 -52.66283745679753 36.226493812446655 41.24377158976211 -34.24758577673553 50.617294105550464 15.283271962979288 83.20207194789478 8.255629810028406 -0.06839508134761457 16.386007796578593 34.951557662028684 45.98196686504858
1201 16814 0.00019439078216401825 0 2704.0209308685667 9.662751208827865 -40.8572151917116 85.27059472807478 74.99581151405306 91.39832398757864 88.85983947206756 -99.25748956523883 26.136893551155666 28.088683190858866 -28.326834050394147 25.653645893362185 62.1930533908924 55.04229270510426 -9.056918671575348 63.123657052306136 19.61677810183773 57.73339345525508 -49.08306880838414 -52.659170043424936 36.22390664325211 41.22379900829793 -34.24532209199456 50.62313812369297 15.28323037895127 83.20168175662775 8.256335097639724 -0.0820195104235049 16.391423603310635 34.951555317927564 45.98307189825179
1301 18214 7.761791060223703e-05 0 2704.019968727266 9.662749058678207 -40.85608940932272 85.27444670616576 74.99362970747269 91.39916673015054 88.85496663221981 -99.2590459105286 26.13790000723676 28.0781355109789 -28.324608776496838 25.64059689395319 62.19470941451068 55.04255284980717 -9.056876856162763 63.12423700682873 19.620132224313625 57.73339320179602 -49.084626820629154 -52.65843556742931 36.22142453329049 41.21765394279376 -34.24657618914731 50.621673563145556 15.284210472908894 83.1982622393557 8.255027332905161 -0.08802461490110922 16.390283471014204 34.95155478902359 45.98403475682324
1401 19614 0.0003865874059983968 0 2704.018408845484 9.662752017671584 -40.8542022110359 85.27551355762714 74.98874176296063 91.40434305441491 88.86372871026445 -99.26041884489881 26.136159171668712 28.074490267488247 -28.31869408731356 25.622512793434154 62.19962868813821 55.04498804570051 -9.05721944441942 63.122222501281385 19.618941478272436 57.733392571173894 -49.08355358450604 -52.658490665386566 36.217061199293596 41.22032186541277 -34.24704863535162 50.615829364302144 15.283621663920917 83.20635943624394 8.255756004066605 -0.09500734706975138 16.386612650492417 34.951555954503 45.982806576639184
1501 21014 0.00029717102853617304 0 2704.015746533949 9.66275467818992 -40.85552905011613 85.27835180861686 74.99611042937451 91.40173519547622 88.89667183688249 -99.25899104176364 26.137860559636955 28.085254332849654 -28.324800486528076 25.57760596672889 62.228138475646205 55.04201656440873 -9.060213639449023 63.123153440285726 19.61909622211915 57.733390378884756 -49.05586519378946 -52.65999663975151 36.218846417134216 41.23740705888906 -34.24699253550081 50.595966870659645 15.281910528393281 83.24078620421596 8.254991788745345 -0.10566569469929758 16.387734385722535 34.95155591225351 45.98251302666109
1601 22414 5.969298802654531e-06 0 2704.0155328791784 9.66275223822864 -40.855715064374756 85.28001332230319 74.99086390491202 91.40290688630895 88.89494690177119 -99.26033743556519 26.13741936399419 28.08378189136182 -28.324163332522208 25.580401672446666 62.22897055634225 55.04278976028422 -9.061773760315079 63.124473525683584 19.61866710787905 57.73339212699213 -49.0513789675005 -52.658932028124354 36.21954880835282 41.23405323017277 -34.24614000243376 50.597029075816465 15.282603248771636 83.24501466475157 8.25503246597113 -0.10594657336236434 16.38764665766748 34.95155543629392 45.982160447336845
1701 23814 1.8095991069072097e-05 0 2704.0155093295543 9.662752257512322 -40.8556219508924 85.28062189758262 74.99044487860685 91.40229162531456 88.89502476926457 -99.26058916219566 26.13742384641611 28.08354409289762 -28.32379574856562 25.579613726026995 62.23013059223337 55.04268660636608 -9.06233558341734 63.12497877065285 19.618376951489257 57.7333921193774 -49.0496219914744 -52.65879873813171 36.21945858784294 41.23368309636371 -34.246196348942576 50.59669303095675 15.282952527464008 83.24662217025734 8.254851071935132 -0.10659175565707277 16.387667620298092 34.951555446906646 45.98223756710449
1801 25214 5.865883032056847e-05 0 2704.0154149136306 9.662752150653894 -40.855709730763905 85.27961397650051 74.99116499707665 91.39586632761261 88.89580888374358 -99.26098273555976 26.13682626599568 28.08326999924128 -28.321982615013418 25.580872375379865 62.23114110445064 55.04295456446848 -9.06445357133104 63.12464421598979 19.61814036344546 57.73339207122679 -49.0477294998379 -52.659929499765255 36.21872210573242 41.233973517125506 -34.24695193682223 50.59686686836705 15.283406914655151 83.24528022374929 8.25502040239577 -0.10741735404950369 16.388242707537565 34.9515554863741 45.98207558102158
1901 26614 4.162417671103452e-05 0 2704.0152841033596 9.662752307694237 -40.85567335780574 85.27771363732053 74.99181429608056 91.3867178562856 88.89403579804556 -99.2627905716215 26.13700077298798 28.082228649556505 -28.314758884843418 25.582044958296734 62.232642769545365 55.0431537412993 -9.064199016577405 63.12481041755808 19.618476236293333 57.73339208360264 -49.04601387956114 -52.65984089828611 36.21907481974545 41.23375246915164 -34.24595852138099 50.594065766166764 15.282923108095948 83.25088612741762 8.255336682612556 -0.10881998091210239 16.388136794218696 34.951555453095764 45.9827042906462
2001 28014 7.337566794950567e-06 0 2704.0152719156526 9.66275225892585 -40.85551804518241 85.27774450004445 74.99155419817198 91.3861893390813 88.89323452541711 -99.26303862078417 26.137008961706048 28.081983491320948 -28.312871124851554 25.582446596039745 62.23210052674843 55.04344294609857 -9.063870503760663 63.12469399247279 19.618291684418544 57.73339210769252 -49.046565774055765 -52.65972984164048 36.219161704073244 41.23353660314977 -34.24644349808057 50.594399416011775 15.282934415089866 83.25034989631047 8.25530025455661 -0.1086294746272274 16.387941162952384 34.95155543939115 45.98269445599771
2101 29414 8.221940827712022e-06 0 2704.0152667477682 9.66275225507039 -40.855372912073854 85.27806520135834 74.991953646454 91.38642431137454 88.89291243918119 -99.26305808639677 26.137108270368923 28.082168586380575 -28.31246515677297 25.58212567497885 62.232338395260754 55.043126386572126 -9.063560829434417 63.12455534832108 19.618360998245755 57.73339210765003 -49.04639963508344 -52.659533810926895 36.21927422876388 41.23360797403394 -34.24675272489936 50.59461249413613 15.282841358088579 83.25052295329914 8.255367613385415 -0.10817931620900148 16.387939727319377 34.95155544006341 45.98262022524743
2201 30814 8.86891087774793e-06 0 2704.0152643034726 9.662752254153826 -40.8554188140765 85.27831126112281 74.99216837352682 91.38662759952007 88.89338499286973 -99.26303330120332 26.137028494336413 28.082025499074945 -28.311595281720475 25.581561614318293 62.23247409792155 55.043041797128105 -9.063620752280718 63.12454463332973 19.618452364518088 57.733392101417515 -49.046487854062626 -52.65948031689758 36.21925209938315 41.233793800548206 -34.24683042429754 50.59468179351957 15.282958241925806 83.25042938990323 8.255482532254588 -0.10818863756921028 16.38790203099885 34.951555440397435 45.9824886267743
2301 32214 6.907300640476457e-06 0 2704.015261903079 9.662752255703705 -40.85551960375571 85.27871760612719 74.99274688251448 91.38675041048582 88.89244042080706 -99.26303594355473 26.13688753870659 28.082146950841533 -28.310794217264352 25.5815324418884 62.23214245742816 55.04300353746302 -9.063083252833973 63.124615932475486 19.61844220817666 57.73339210743264 -49.04676850273048 -52.65959392623607 36.219267893653665 41.233757664352545 -34.2467463527387 50.59488865358734 15.283002054162838 83.25033838078387 8.255384385232535 -0.10782557089480511 16.387911361229463 34.95155544016383 45.98238964916872
2401 33614 3.483463613031746e-06 0 2704.015260985572 9.662752258550462 -40.85549422553311 85.27896860247961 74.9930430856666 91.38723050879766 88.89254900309348 -99.26300168644218 26.136922139763996 28.08223050997471 -28.31042295796546 25.581389507286477 62.23217739778931 55.04311996214968 -9.062976022826149 63.124609488704635 19.618520831109603 57.733392105968946 -49.04675555577051 -52.659650150085795 36.219310449052 41.23389728516464 -34.24671527854351 50.59504041529823 15.282936811731169 83.25033159781643 8.255373418136546 -0.1077986379856326 16.38797643826411 34.95155544079791 45.98236735116304
2501 35014 7.627681112082146e-07 0 2704.0152606929837 9.662752258017061 -40.855464596520164 85.27908406987329 74.99317308910554 91.3873514105261 88.89271477011665 -99.26298102800841 26.136956618870638 28.082215341610848 -28.310265862092248 25.58129435777307 62.23227156644252 55.04311489955176 -9.063081940843043 63.124632306158354 19.618478125001538 57.73339210648443 -49.0467253518053 -52.65965262288088 36.21924868049201 41.23389619248292 -34.246687322252974 50.59508937419164 15.282867348367203 83.25034201744998 8.255374743375679 -0.10795452448453255 16.387959827975397 34.951555440568264 45.98240069554215
2601 36414 3.358929511387904e-07 0 2704.0152606469655 9.662752258037642 -40.85548264235827 85.27910805312523 74.99320605148327 91.38741612651351 88.89272079649844 -99.26296183724519 26.13695563092338 28.08228324589201 -28.31022217777595 25.581345658279723 62.23223151294612 55.04311265774691 -9.063098763374555 63.124661732099796 19.618477548316715 57.7333921065637 -49.04674523802945 -52.65963376542062 36.219229156150035 41.23390389641331 -34.24668686102765 50.59509996097104 15.282851099545129 83.2502764178137 8.255386486644817 -0.10792820162654107 16.387964615168833 34.95155544058209 45.98240505924159
2701 37814 1.1482446013440427e-07 0 2704.0152606356023 9.662752258041282 -40.8554977887531 85.27910047010299 74.9932028765087 91.38741218399493 88.89268725043657 -99.26295717391211 26.136965037540243 28.08228278626979 -28.310246117947752 25.581342967585165 62.23221755495168 55.04310405318981 -9.063084084701103 63.124659759712685 19.61848522583652 57.733392106572786 -49.04677401698812 -52.65962601562152 36.21923381184437 41.23388399892313 -34.24668624512121 50.59509754954693 15.282847882476078 83.25024383766211 8.255391831170765 -0.10791203800863731 16.38797194882872 34.951555440584926 45.98240714889714
2801 39214 4.63729940115663e-08 0 2704.01526063088 9.662752258047242 -40.8554971695009 85.27910841825955 74.99319757686278 91.38739646123514 88.89266999517675 -99.2629586501198 26.13696996358503 28.082253993063595 -28.310251488317867 25.58129973527072 62.23224265884636 55.04310463354142 -9.063083678097 63.12466049371172 19.618475414524823 57.733392106572566 -49.04677579865481 -52.65962816819415 36.219232023248054 41.23385869863285 -34.246685922249135 50.59510150681541 15.282850623040856 83.25023296596855 8.255394735990505 -0.10793130530266191 16.387978579240105 34.95155544058474 45.98240473792407
2901 40614 1.225519446493219e-07 0 2704.0152606289685 9.662752258048245 -40.85549894840227 85.27911498630036 74.99320198891569 91.38741086859092 88.89265390531698 -99.26295499383932 26.136969718323662 28.082256224779083 -28.310248476736643 25.58130808934377 62.23222985581388 55.04310685914044 -9.06307873993382 63.124656541456844 19.61847368416946 57.73339210657194 -49.046790576389625 -52.65962703055035 36.219228660626804 41.233852933481224 -34.24668321986056 50.59511699741971 15.28284887423279 83.25021535606413 8.255396334245372 -0.10792403576672158 16.387979763675837 34.951555440585416 45.98240318151846
3001 42014 1.7957152248340996e-07 0 2704.015260626589 9.66275225804807 -40.85549978218005 85.27911048507747 74.99318123860465 91.38741216073707 88.89265229834793 -99.26295562976317 26.136972525619115 28.082271879347765 -28.310265585726118 25.58131688090405 62.23222559407662 55.04310564078551 -9.063088610372766 63.12465340429894 19.618470870976417 57.73339210657502 -49.04677577337588 -52.65962368158195 36.219225483007364 41.23384717540569 -34.24667841163201 50.5951129500303 15.282852167551788 83.25022940611755 8.255394076035655 -0.10791884146686781 16.387979424322353 34.95155544058437 45.98240062094391
3101 43414 5.58740396493739e-07 0 2704.0152606189295 9.662752258049593 -40.85549815621671 85.27909946035193 74.993182519583 91.38740423068718 88.89265343582406 -99.26294568194692 26.136973979496023 28.08230518939951 -28.310270563073548 25.58127584977691 62.23220822567084 55.04311518493629 -9.063075100986989 63.12465446261045 19.61847656159182 57.733392106574314 -49.046802174604395 -52.65961706823805 36.21922174058217 41.23386539409847 -34.24667944294202 50.595121501646666 15.282857669374577 83.25021115878633 8.255395353753194 -0.10790383694510274 16.387984016596608 34.95155544058411 45.98240107825984
3201 44814 5.256498242763505e-07 0 2704.0152606027536 9.662752258042714 -40.85549789720468 85.2790846698811 74.99311149431233 91.38734304906703 88.8926660324393 -99.26293912696389 26.136969414752567 28.082379092435414 -28.310228398053592 25.581222435933604 62.23215819482685 55.04311007008749 -9.063107253152788 63.12465485802422 19.618475856976847 57.73339210658314 -49.046830705931804 -52.65961622389373 36.21922776515381 41.233834588084214 -34.2466731346784 50.595156626066945 15.282850663083082 83.2501626000079 8.25538882886887 -0.10789517367075159 16.38797639828368 34.951555440582396 45.98240117982566
3301 46214 1.4688111791019098e-07 0 2704.015260600107 9.66275225804793 -40.855491971685375 85.27907504636347 74.9930909595439 91.38735688523457 88.89266380566683 -99.26293550599475 26.136970856559437 28.08240570108435 -28.31023799570081 25.581227564484685 62.232143482199604 55.04310610237395 -9.063107629401246 63.124655898881834 19.618477373488123 57.73339210657404 -49.04684375196728 -52.659622684739645 36.219226698507775 41.23383170689208 -34.24667423606382 50.59516354313241 15.282851350226345 83.25015466049835 8.255390324890653 -0.10788305771521553 16.38798069566837 34.951555440585096 45.98240459150431
3361 47054 7.1505022213324734e-09 0 2704.0152605999747 9.662752258048288 -40.855491850639694 85.27907490307862 74.99308944421853 91.38735651882318 88.89265920041146 -99.26293603161758 26.136970448592205 28.082403811167488 -28.310238468194743 25.581228637870733 62.232142519972086 55.04310552237089 -9.063106143009389 63.12465644646502 19.618478484499995 57.73339210657365 -49.0468443246192 -52.65962231782732 36.21922654820919 41.23382933111203 -34.246674305794286 50.59516492928486 15.282852058576298 83.25015486296073 8.255391607277348 -0.10788212300944405 16.38798046675275 34.95155544058498 45.982404231257455
