% # columns="iteration, evaluation, void, void, void, xmean", seed=38, Mon Jul  6 12:18:31 2020, <python>{}</python> # scaling_of_variables: 1, typical_x: 0
1 14 0 0 0 3.4715014982824055 21.33199858284585 -41.899648152179594 -28.339971904077707 -31.885976213996482 -4.940266298675295 -20.63766198233553 -15.149090875579384 5.656647446848317 -10.770655618272778 -23.289282527846787 6.84349192414773 25.42687843959541 20.509124077559004 -14.830544560273875 1.744970936741515 -2.976565053114316 -2.9873126353793107 -14.16123182711237 -1.7887947616907818 41.171454532279014 19.579811100504468 -23.362410548147054 11.771863434521507 21.636629619480182 7.534119591241116 -6.308514725957038 -63.70094741161271 -35.159372955736295 -10.537335942197462
2 28 0 0 0 -19.687610589132042 -7.7676634970514264 -17.87666481110024 -34.07482428214503 -53.29160906549873 17.893661306166997 -46.46239429863967 -13.5269138610715 36.14923287722964 -38.87441399901762 14.065561903203324 36.274860692884005 42.511368336724246 3.6052144296582647 -15.746490594074405 -36.974421240486976 7.286391508850864 32.669695635040114 -12.200674382280571 -0.8797968599523303 74.08737861892767 36.288928697309345 -49.69384138230403 8.942715169756454 12.227908918937624 15.215878137881486 -39.53275046399333 -73.31026515491337 -39.885056006507284 41.30902654424854
3 42 0 0 0 -18.926489321390044 20.908795150462865 -18.94832817445424 -35.460071518912244 -80.73109732671283 34.11604729709832 -24.763800461271416 -5.6223410757739885 83.83586742291658 -22.412777181795317 24.564608050987033 81.99612274011724 40.733030933124056 -30.985292371339735 -18.923940249063026 -17.703080543950097 -21.133199314311206 9.93647244655957 -11.091275937755913 -27.419153861879828 91.34393742274398 15.207191567671387 -41.800506355432354 27.073735554091616 11.159620421380481 8.872119661824732 -4.568612385584366 -37.40888977613684 -55.584203691210725 36.88752590339402
101 1414 0 0 0 -21.538436565045494 42.05826205143174 -50.669883566138694 -148.67050190152906 13.436729116459126 139.95893911983293 -40.634277202620396 53.62875998337927 146.93259604839048 15.965990738348358 133.6274645799977 151.52597611684826 7.395265948934038 -188.05136987184383 -113.68058178887595 -31.919581541193516 -28.550273444979553 -23.913538210566372 81.89906044561653 215.72102245215797 64.26704420180393 34.79325433060518 -43.86300856123104 41.31978090552921 7.0244048533051195 -48.48423877538104 31.33616093957735 5.2400452512388 -130.08930207955234 151.441410784802
201 2814 0 0 0 -34.82856786966355 31.585873392374065 -36.162493774823574 -167.01918072552587 9.544246301619895 130.89142705193532 -50.938286200594035 34.6234248172608 139.7167809507769 17.613234160836434 113.94168481463021 148.44907579978664 -7.975227219560337 -160.19085174642044 -97.33788245569158 -32.45554896109182 -30.781067185031457 -29.998671348043807 74.44956566904818 205.4013965191147 48.354589086408225 26.11292607633527 -50.360773634588696 29.79292494685053 10.181300660019648 -46.35602041456908 32.97483867020312 -2.1390210821907014 -133.92895842694898 145.97984837839576
301 4214 0 0 0 -34.2538876245627 31.734729022991107 -36.48891339371604 -167.61772352612445 8.349005345137018 130.19035431831722 -51.85199936840657 35.291635771705536 139.4516108476722 19.557254842397473 113.62193526098183 148.09172078696972 -8.066603054252804 -160.05448457231597 -98.25768869409096 -32.043563239786316 -30.711500414277086 -29.877989952960263 74.11158860084048 205.68458308518854 48.77401671388804 24.935096686278104 -48.6710923424112 29.662956903066945 10.737837690473775 -47.36009544774257 33.15023905842676 -2.2974573559923934 -133.2914940762302 145.27417961845873
401 5614 0 0 0 -34.24731678184034 31.75521927920802 -36.4950530278871 -167.63947431978295 8.361843951583722 130.1907710266456 -51.86554279518043 35.29440814349941 139.4552597921821 19.573342961806933 113.63097596593164 148.10225444964811 -8.083556047543956 -160.05284291360098 -98.23913780015805 -32.03819974764649 -30.738855924727602 -29.8712934131098 74.10809940702535 205.68610087742897 48.784179485315036 24.927539800067745 -48.68747191863759 29.658425219179126 10.742059258671498 -47.35421689823991 33.1533086747531 -2.324607444772711 -133.27480367873238 145.27948258839268
501 7014 0 0 0 -34.24813330483301 31.755228512297123 -36.49446275312017 -167.63924403758043 8.361191269490346 130.19100913751782 -51.86520117869995 35.2947628275816 139.45542664796335 19.573390630272016 113.63112671630905 148.10268463011744 -8.08335588920968 -160.05274565099074 -98.23871903163321 -32.03852361329504 -30.73901588653333 -29.871189069537746 74.10811782560593 205.68623666807474 48.784272196243165 24.92754465333439 -48.687446266904274 29.65839975722912 10.742215250567922 -47.35391459227889 33.15352059122346 -2.3247157549315296 -133.27490636350984 145.2799175998801
601 8414 0 0 0 -34.2481400901215 31.755230425065136 -36.49446457916095 -167.63924269684264 8.361210502931304 130.19101406918722 -51.86520209720953 35.294759233238146 139.45543595048764 19.57339384515016 113.63111645074342 148.10268009116638 -8.083360711325163 -160.0527495399014 -98.23872155825256 -32.03853179879829 -30.739019991322653 -29.87118054319867 74.10811903578542 205.68623331039177 48.78426305019638 24.927538590180244 -48.68745184982178 29.65840049526423 10.742213632327932 -47.353920003022004 33.15351666223838 -2.3247151558315426 -133.27488943600952 145.27991874186182
642 8988 0 0 0 -34.24813987611647 31.755230602740316 -36.494464529638606 -167.63924232419316 8.361210642084654 130.19101395948186 -51.865202160924724 35.29475944810822 139.4554359424277 19.57339366979476 113.63111639044784 148.10267977361346 -8.083360635626477 -160.05274960494347 -98.2387216446439 -32.03853176013723 -30.739019827452534 -29.871180789450605 74.10811898683971 205.68623375139458 48.78426270464199 24.927538247533953 -48.68745186629416 29.65840054117381 10.742213703764623 -47.35391996975933 33.15351655218458 -2.3247155190521847 -133.27488940207698 145.27991851155502
