% # columns="iteration, evaluation, void, void, void, xmean", seed=45, Mon Jul  6 01:08:18 2020, <python>{}</python> # scaling_of_variables: 1, typical_x: 0
1 14 0 0 0 -1.1990379897006316 -27.11467796960605 -21.244580417008144 28.940296953216002 -16.143612593723596 40.81719087700403 6.961260432961252 -19.79329856829945 -18.849668717072063 18.20166333734357 35.29994288496918 17.393332402775986 -29.725506914957634 28.249013873511878 1.6236690194528463 15.438115481565994 -64.10285440236555 -6.749064191767985 50.447119957187596 12.633233553892968 7.08672734155614 -6.256596840723758 -24.89243262636868 -3.66500093761885 -20.307740854008117 -19.531888571583334 -6.203599167546248 -31.97830794539262 -5.3472446470470265 -12.805148920565214
2 28 0 0 0 -0.810431653566484 -24.73690040243545 -10.438061251169222 18.228515297181552 -25.20567097688676 20.67341436514011 47.5313788185936 -4.72859487505575 -54.589769955415704 45.406336501454824 39.98592453907877 22.38006863366606 -14.303857888513072 28.891729972103963 -0.046707846334334224 10.702384433275952 -71.39527278330658 -10.490109228571725 13.3377706927497 40.25236885028773 -13.945646156884296 11.876207791089957 -31.69003204469801 -35.173030519676175 -12.06150719852814 1.2090826371122532 -52.72847646750516 -31.46969612672209 59.29914410954719 -25.839206496516955
3 42 0 0 0 -4.2277464195634264 -29.514055753032437 -3.8745370361395928 44.8030012386081 -3.5335868954499645 14.83960798882255 71.07937624945697 23.662487192633193 -20.581996774069083 60.451401442231166 46.20131317302053 20.536410390042615 -7.603816790335317 71.68697328312885 1.1033510628336343 20.43805576062409 -89.96098790131228 4.740334667862676 1.500968818409012 35.758402552124714 -23.36196121192861 21.43179849611703 -27.115640036177822 -52.88573979175153 2.7193797511767386 26.44244359235188 -34.359777084849355 -53.09047303700207 55.518390547859376 -49.65520902859311
101 1414 0 0 0 -179.62036709873357 -131.41909749032874 159.25896677977838 97.53788592680665 -198.77392943995082 21.554490508312682 -178.60030033529492 733.4506936439531 447.19943221104717 362.4565990191686 -236.67133907218218 174.76729078226526 108.33217380949588 117.6209380316549 82.03101560536523 -110.26261784002213 -105.83087401210138 302.41483114735416 -267.7673330584749 203.64402996667675 -618.004111259666 -374.7019435643833 -68.66037702028059 -117.47808807028305 -47.55355550872752 -385.3774806153116 -57.98050091311708 -29.263207934580738 89.60331310202639 26.40083605260484
201 2814 0 0 0 -145.19348453365964 -298.7652809038777 86.63036191975085 78.77708050237274 -343.39368093790443 -247.8542512641993 -294.1117413248761 848.5896771306699 394.80699006611894 446.48585763807944 -99.6690557693541 -28.264819666732286 -34.15462284494192 152.4050574039187 313.3867577341069 -17.86911148836355 -124.65264592570226 337.9582646306064 -156.4757548088036 -403.66252624102617 -723.1483110245783 25.79884260995218 -39.70267986289299 -97.97221875172634 27.25867469933852 -366.47412847758085 58.997122074011976 51.36750376496045 515.539082063949 74.99885611921191
301 4214 0 0 0 28.80344298002979 -233.02535312699328 -300.2832681294973 189.40774259182643 -121.75515154247508 -344.7866555192476 -87.532195464913 1281.7426704032187 29.467271995391375 334.0863167003016 249.67684028572515 -108.0320037940239 126.06920270087471 -69.54858133616243 275.38647408917586 92.26375858071924 -34.662144756398725 180.9083609852513 -131.07850277561218 -201.3233296387643 -290.6928748814106 247.0788730446167 -68.57249101473357 -291.46664801853103 -161.9835082066221 -226.15903188791123 -137.54962626143646 64.38502036252089 551.0143423023317 16.86019715034153
401 5614 0 0 0 212.42749166434496 -295.8835846260613 -65.05303658075132 85.83560320379847 -306.41660513238236 -153.64291860953838 46.391765821031484 1289.1392276573272 -256.0386291817248 307.2289762801221 163.81363337085085 -161.30639152772017 -28.79328424331721 3.6406890024071004 446.6268859125781 -103.00550774534126 183.00953409429562 221.56427229785652 -107.76550875214448 -400.431500808928 -8.029387012021886 186.62925207679885 -104.02094263935174 -199.36788914557255 -92.83728569312397 -277.4061975799866 -119.28215801371633 68.14135423035529 717.1810897239591 4.505025641981298
501 7014 0 0 0 361.70847618036623 -310.14719196073145 -256.8491514188226 52.76692293933767 46.82515444621881 -229.36872022260007 -15.525194961956474 974.221592418944 45.33017671242346 -86.45982647600589 181.4447104674597 -230.97528645893564 -580.5009935743952 -96.12342389532618 413.80147982708263 -49.49571491374203 115.35232664906937 294.55548322363995 102.93138406856737 -378.95980840916695 382.2874580224664 137.51870747552508 -116.63284651162473 -215.50224216912815 -199.1893062478802 -329.87483847242476 -120.13420512755441 -212.68132539249365 772.8176440283582 182.76912170734477
601 8414 0 0 0 405.642424012319 -246.57052878449676 -124.57068794313474 -130.44529957681212 52.01693239746284 -149.26612256497063 -50.32903628525317 1025.013674139691 122.69384628299342 -94.16747602107421 203.8920348397606 -180.71906401555867 -481.79837128351414 -276.2785573026817 462.94733364115797 48.87062672103926 4.386061091703619 276.35167240201713 238.06157621583014 -350.8097426066504 321.7456320194488 214.3547558389908 -73.73289726494774 -183.0923905518604 -189.39443305605778 -287.6197051206953 -257.88724067019393 -176.05539415664092 703.6407263558114 259.2366465035181
701 9814 0 0 0 422.5281997363683 -220.65824364382982 -111.11597736792244 -147.87029432279775 45.00457099549678 -142.7144513580009 -65.16903018117105 1025.792991049234 120.46262405526204 -101.97752392756136 216.45744727610338 -172.8650033303394 -494.5696961728026 -322.3349039313187 460.96172693647077 77.35635741043453 -12.820288048472047 275.39518727139085 257.92132318639335 -351.50309579337596 306.8149822589043 229.79093725123943 -46.578068027741686 -194.59667604655235 -189.3327237144751 -307.6694545502087 -272.505985221156 -169.86561486898913 734.529945942384 248.66797137485244
801 11214 0 0 0 421.87980421494893 -213.9412289889239 -115.15451702812479 -143.5094937882719 44.982252428031394 -142.46933793611737 -60.22297272226895 1025.6315371608362 120.81999558558593 -101.03937121353714 214.0308480576933 -176.25464922230375 -494.1727287789316 -323.81261021155944 460.90984948207887 73.56002647629043 -15.571605503261498 274.0451683722523 255.53449387046814 -351.70665639399374 302.3045451229812 232.90868246053483 -46.11200181769912 -200.6429954516362 -188.8488563376636 -306.91285650706703 -270.57845139748304 -169.48771368522495 736.5030114840988 249.24217954429912
901 12614 0 0 0 421.8280714474838 -212.97378698400155 -116.62879457031148 -143.8356961594549 44.567872881006494 -143.82308140534792 -59.007927153958825 1025.7949572232667 119.80982465052911 -104.09118151237044 212.2264472506535 -176.14449751721622 -494.8042578960774 -324.2088634877659 460.6437573017473 75.67990017633822 -15.735819278679063 273.7894355520478 254.16479749782388 -351.82609974171254 304.3465402126669 232.5891216467613 -46.27123455929442 -198.47910353148743 -189.11251299861783 -306.7719424664877 -268.63795763912026 -169.58617710768667 735.0944426447386 249.0548269863813
1001 14014 0 0 0 421.7959042677144 -212.99805830109122 -116.51673808981116 -143.64083893089185 44.40576257807539 -143.82030748646994 -58.98773820980521 1025.7782709049343 119.58398545527872 -104.41802518068063 212.02845786098075 -175.98699607142717 -494.77392717857106 -324.326889973652 460.6282106288653 75.68710556113368 -15.725441915926854 273.9325592780496 254.1605001158951 -351.7676207679832 304.184957729194 232.63472849221603 -46.1100201149774 -198.52416452775515 -188.94617502665815 -306.78854390522054 -268.58121024507165 -169.54510308048316 735.0412753748009 249.0443855106819
1101 15414 0 0 0 421.8084247703383 -212.99329410484737 -116.54235727756061 -143.53438937207088 44.38166017102264 -143.92092630709507 -58.84563045645813 1025.7811482639092 119.40398700965851 -104.6666651297763 212.0017597138974 -175.95472770209025 -494.77610269894916 -324.2934699367814 460.59862764513804 75.66549057256869 -15.728183186818601 273.9253086411001 254.14769933375587 -351.7882319160488 304.248810139089 232.66682357262516 -46.136479862859 -198.535992634552 -188.9444162028679 -306.7992871966599 -268.46821429605757 -169.53254742822176 735.1052158394274 249.0393334598843
1201 16814 0 0 0 421.80772016895946 -212.99200653972827 -116.5699712488991 -143.51127288048127 44.36151591233227 -143.94245278598726 -58.808506185299976 1025.7905924085346 119.36261683374147 -104.7495506553106 212.00877270224208 -175.92384793310944 -494.78485641331974 -324.28050759578883 460.61686446743397 75.6694879458356 -15.72804259568995 273.91605232614313 254.1477099209315 -351.7949130002132 304.2904583675077 232.64843886693023 -46.12488204917424 -198.53106520046717 -188.95643573491313 -306.7924498544368 -268.4506358484438 -169.53352824003 735.1347019094378 249.03471112961634
1301 18214 0 0 0 421.808032185417 -212.99251966027967 -116.57328830543412 -143.4868523546634 44.33185074135767 -143.93781419403436 -58.773229938991506 1025.7829006106374 119.36847490709604 -104.81077707874235 212.01394675194706 -175.91281307549275 -494.78907036092016 -324.2713062601782 460.6078781541751 75.66954898269883 -15.7281501031895 273.9058572194618 254.14467023199023 -351.79479772640383 304.29067250331866 232.65073914492487 -46.13424248551603 -198.53106576747487 -188.9646541149451 -306.7925172083525 -268.4452574281351 -169.53116170137343 735.1573932019855 249.037933908576
1401 19614 0 0 0 421.808270772181 -212.9904443603357 -116.55742774849554 -143.42525061099477 44.30215280990909 -143.9242597498767 -58.69895152104688 1025.7828613154331 119.36652625630687 -104.96549935365256 212.02373422833762 -175.8965758189016 -494.7861647577352 -324.27944121313965 460.6090918992292 75.667823818272 -15.728261660680884 273.89434330510835 254.14974855284882 -351.79503840776414 304.2883940603977 232.65166166259556 -46.14063283094425 -198.5285082677692 -188.98478736897755 -306.7876354884991 -268.4242147022468 -169.53082845568213 735.2100147164455 249.03815901203143
1501 21014 0 0 0 421.80843884023636 -212.9947106077946 -116.52812115213847 -143.4362639791234 44.2621633834606 -143.91091299623002 -58.62423192970188 1025.7867716174492 119.38695358194614 -105.05280426624232 212.0465979654488 -175.87260856651258 -494.78877575531 -324.2630118530919 460.6100057853878 75.66517867961569 -15.728359139686766 273.8924305127251 254.14843623298046 -351.79784574811873 304.2413604506449 232.6501906056004 -46.141462866980895 -198.5308434304215 -188.98619539758909 -306.79445683704085 -268.42936468568314 -169.53349894176586 735.3002405793071 249.03800093337438
1601 22414 0 0 0 421.8084704255762 -212.99416844399607 -116.52021458126008 -143.43968550680802 44.25935594664227 -143.90538061866553 -58.629205336329136 1025.7860426098136 119.38847486360696 -105.04534862791823 212.05330903541625 -175.8637382124246 -494.7883262924501 -324.26652586301515 460.60855065745693 75.66844788065501 -15.728368520093618 273.89415449985046 254.14974407394888 -351.7974206047729 304.2427978375005 232.65217870772517 -46.141225387000155 -198.53108924223423 -188.98378567385197 -306.79148625543706 -268.4317239253926 -169.5326183786361 735.2954981479232 249.039626018106
1701 23814 0 0 0 421.8084694910311 -212.99420247831404 -116.52091345344348 -143.44259006607146 44.26346144620144 -143.90034591143302 -58.6289686846457 1025.7856684759531 119.38610497545268 -105.04289496997026 212.05659083618335 -175.86204317136026 -494.78865866693815 -324.2665828136281 460.6082539084686 75.66889529121492 -15.728367676254217 273.8960602592106 254.14849395234106 -351.79665659833995 304.24216117581295 232.65264021349915 -46.14012617665619 -198.53054441928603 -188.98123260837127 -306.7907539389121 -268.4323416478203 -169.53255581828367 735.2936435856349 249.03951167553936
1801 25214 0 0 0 421.8084690349435 -212.99496652738924 -116.51415346345249 -143.4444026368999 44.2634587643929 -143.8964211060621 -58.626763193659514 1025.7865252362599 119.38255721922476 -105.04920983362832 212.06343716167578 -175.8553357921824 -494.7880113410004 -324.26774006042666 460.60841793059365 75.66922462728391 -15.728367648710632 273.89724904015645 254.14931314515172 -351.79545401936235 304.24090595392744 232.65202271722896 -46.13759466292082 -198.53046916733211 -188.97965947144183 -306.78952639472016 -268.43409592377446 -169.53198141165944 735.293722043368 249.03913812100683
1901 26614 0 0 0 421.80846808301783 -212.99419390815112 -116.50768341932982 -143.44175860572074 44.258775878463275 -143.88779242337802 -58.621550276029396 1025.7860872516208 119.37861238194718 -105.05706715544522 212.0765361968594 -175.843589450696 -494.788425988232 -324.2768994089777 460.60843084253275 75.66867332462469 -15.728367653655686 273.89691236390075 254.1495945856194 -351.7965832836062 304.24097780151504 232.6515992644374 -46.138302887369306 -198.53062121269474 -188.97910567262903 -306.78975541938837 -268.43433781749417 -169.5317443768127 735.2935659225857 249.03888356828043
2001 28014 0 0 0 421.8084681806456 -212.99449730617908 -116.50507943271488 -143.44027706862758 44.25774265039055 -143.8830565920144 -58.61901143089822 1025.7858353694921 119.37750171494274 -105.05626236079787 212.0783539444464 -175.84118730049607 -494.7883159221628 -324.27774498261624 460.608132885116 75.66903742493581 -15.72836750858301 273.8960693627445 254.1496558363079 -351.79648470890595 304.242232914644 232.65165332368855 -46.138599186127344 -198.5302434387373 -188.97975131488147 -306.7906370890314 -268.4342055498526 -169.53141932117953 735.2933763015222 249.0392974603116
2101 29414 0 0 0 421.8084679710839 -212.99470096730693 -116.50537088102712 -143.43996632898916 44.25831571578719 -143.88176844906783 -58.61931301337756 1025.7859694239578 119.37671851043517 -105.05412802277019 212.07814283781858 -175.84164736607661 -494.7881983048933 -324.2786247465397 460.60825645394124 75.66930017487773 -15.728367503924657 273.8960806009731 254.1494992256185 -351.79627213015533 304.24195770156103 232.65180359926697 -46.13854164550631 -198.5302497321839 -188.9800163785695 -306.7907994548976 -268.43375461290157 -169.53175676578505 735.2933775897743 249.03925760623787
2201 30814 0 0 0 421.80846807001615 -212.99473393292268 -116.50492452112336 -143.44044483816413 44.25789713052953 -143.88044433170333 -58.619642740991566 1025.7858886314648 119.37730075209028 -105.05255804926321 212.07837634766062 -175.84155507994538 -494.78814567229927 -324.2786914142517 460.6083758763832 75.66928719658591 -15.72836750712485 273.8961145571238 254.1495291007893 -351.79622140638116 304.2418020040705 232.65184646506722 -46.13843574836913 -198.53014439002254 -188.9800022264915 -306.79074683851377 -268.4342071906398 -169.53175619678618 735.2933778113138 249.03926996446359
2301 32214 0 0 0 421.8084680849196 -212.9948149499814 -116.50500414624689 -143.43995750079867 44.25778292393798 -143.87951371764382 -58.61970636812921 1025.7859373856772 119.37706211862032 -105.05142526611006 212.07817753475922 -175.84190897812664 -494.7880665845036 -324.27866588755313 460.60836807607825 75.66935588848862 -15.728367508942698 273.89580649922146 254.14948951994458 -351.79627653654495 304.24194204909344 232.65175123888403 -46.13841721967009 -198.53006661598167 -188.98029949050985 -306.7907517448152 -268.43410617930255 -169.53180714307044 735.2933782482257 249.03927516428286
2401 33614 0 0 0 421.8084680745781 -212.99491763617266 -116.50490474662784 -143.43953996105134 44.25778884777785 -143.87864385356076 -58.61987673438803 1025.7859858965112 119.3773003462087 -105.05039226215118 212.078179732268 -175.84227144748616 -494.78808405110476 -324.27849025915253 460.60830558982417 75.66924763491701 -15.728367502920696 273.8956414311883 254.1495288888778 -351.7963187647003 304.2418365229956 232.65178803751624 -46.13852344067746 -198.53010977887513 -188.98053622601157 -306.7906869092901 -268.4342062441814 -169.53178086504656 735.2933785067617 249.0393035419994
2501 35014 0 0 0 421.80846807289277 -212.9949275003817 -116.50495795886172 -143.43951791502093 44.25793089748016 -143.87856240839642 -58.619969563219165 1025.785965788621 119.37745991697771 -105.05019979767027 212.07815813324353 -175.84235597476467 -494.7880650879515 -324.27845266848385 460.6082923645614 75.6692047515146 -15.72836750256937 273.8956267181678 254.14948891665372 -351.79631211994905 304.241797536634 232.65180877683653 -46.13848794181491 -198.53009611303366 -188.98057235892858 -306.7906561343943 -268.43426785967716 -169.53179840856214 735.2933776468251 249.03927164674315
2601 36414 0 0 0 421.8084680723783 -212.99491113541296 -116.50499738302364 -143.4394747165436 44.257914029882706 -143.87856548741786 -58.62003720591821 1025.7859986062977 119.3774769217891 -105.05008183873005 212.0780417871176 -175.8424557284938 -494.78808392163734 -324.27843539633227 460.6082828280308 75.66917594573586 -15.728367501921358 273.8956505676716 254.14951203477727 -351.7963130919841 304.2417471104995 232.65181519753915 -46.138439125578465 -198.53011542741646 -188.98050717509224 -306.7906407014603 -268.4342171573906 -169.53179268116253 735.2933776369018 249.03925979175256
2701 37814 0 0 0 421.808468072705 -212.99491711865323 -116.50503893935465 -143.4394510478106 44.25792234659839 -143.878602013623 -58.62000292722493 1025.7859955453716 119.37750018175443 -105.05010135740311 212.07802317281627 -175.84244642487906 -494.7880789957234 -324.27839677736694 460.60828682351666 75.66919836394796 -15.728367502250673 273.8956691014705 254.14950682574553 -351.796317152532 304.24171117776626 232.6518450673034 -46.13841930324355 -198.5301086323492 -188.98046666143085 -306.7906342153978 -268.4342358426691 -169.53178124236118 735.2933776755475 249.03926139388034
2801 39214 0 0 0 421.8084680727028 -212.99491738810082 -116.50507194370255 -143.4394039277181 44.25791592168562 -143.8786229832165 -58.61998667074171 1025.785992426722 119.37752812095414 -105.0500812552014 212.07799182544122 -175.8424609490767 -494.78808055583 -324.2783610374855 460.6082890391147 75.66919766091212 -15.728367502253457 273.8956912000221 254.1495055524682 -351.7963158085476 304.2416812242411 232.65184754337184 -46.13841370078296 -198.5300991659997 -188.98043339372398 -306.7906268661955 -268.4342390713584 -169.53177710831756 735.293377663066 249.03925750025635
2901 40614 0 0 0 421.8084680726722 -212.99491201216082 -116.50517224470447 -143.43928196180067 44.25792137798493 -143.87866897915225 -58.619934915790296 1025.785992150845 119.37756815222389 -105.05006601392213 212.0779593500334 -175.84249202337014 -494.78807877539566 -324.27834527454536 460.6082982621631 75.66919849854432 -15.7283675022124 273.8957126842144 254.14950380911364 -351.7963077755203 304.24166274947765 232.6518375737035 -46.13839767002889 -198.5300899276324 -188.98040971025944 -306.79062473063 -268.4341892456687 -169.53177243364 735.2933776591569 249.03924952217324
3001 42014 0 0 0 421.8084680726616 -212.99490733072622 -116.50522970428963 -143.43920799500378 44.25789633010312 -143.87868239053353 -58.619899017774046 1025.7859922253028 119.37757267030598 -105.05002703049523 212.07796895196677 -175.84251353509947 -494.78808722083625 -324.2783647844583 460.60829447518125 75.66920373835923 -15.72836750221208 273.8957231968227 254.14950728409386 -351.7963110306177 304.2416660117101 232.65184074504933 -46.1383953413652 -198.53009296532312 -188.9804125075359 -306.7906340516178 -268.4341428973591 -169.53177701798762 735.2933776609974 249.0392525685749
3101 43414 0 0 0 421.80846807268904 -212.99490935994683 -116.50524657939687 -143.4391943187506 44.25790048649677 -143.8786850356169 -58.61989280754032 1025.7859900294807 119.37757793971659 -105.05001558678282 212.07797669962704 -175.8425211791 -494.78808278233123 -324.2783643105281 460.608296021924 75.66920002865167 -15.728367502219518 273.8957224185298 254.14950579882708 -351.7963099609053 304.24167049400904 232.65184189590755 -46.13839837724316 -198.5300936507462 -188.98041952418927 -306.7906342930451 -268.4341387569563 -169.53177836689105 735.2933776606056 249.0392534223663
3201 44814 0 0 0 421.80846807268586 -212.9949105180699 -116.50524342509561 -143.43919884879344 44.257905993863794 -143.87868515611063 -58.61989269339955 1025.7859901215352 119.3775744242348 -105.05001931325694 212.07797940229818 -175.84251841069727 -494.7880834403495 -324.2783649261578 460.6082968559218 75.66919933863939 -15.728367502219188 273.8957223580617 254.14950586385154 -351.79631011889916 304.2416699860695 232.65184178176298 -46.138397347466864 -198.53009413419488 -188.98041742381616 -306.79063402995547 -268.4341408194999 -169.53177813436875 735.2933776597439 249.03925378717395
3301 46214 0 0 0 421.8084680726853 -212.99490981812136 -116.50524703074589 -143.43919624148575 44.257907381942815 -143.87868461707254 -58.61989220120534 1025.7859905352539 119.37757451351025 -105.05001326068398 212.07797883939276 -175.84252241571815 -494.7880830009638 -324.27836508024404 460.60829655643465 75.66919915227581 -15.728367502218516 273.8957221653518 254.1495059580789 -351.7963105801072 304.2416703830727 232.6518424815956 -46.13839694137977 -198.530094218947 -188.9804175664937 -306.7906339163314 -268.4341388628173 -169.53177744440003 735.2933776598054 249.0392541763584
3401 47614 0 0 0 421.80846807268586 -212.99490947433495 -116.50525184386326 -143.43919284513407 44.25791057244037 -143.87868781462362 -58.61988900244412 1025.7859907265308 119.37757531576736 -105.05000876104496 212.07797870926083 -175.8425268062519 -494.7880830946424 -324.2783666469229 460.6082968357933 75.66919865218468 -15.728367502218624 273.8957226543171 254.1495060110698 -351.79631043749424 304.2416729045097 232.65184253015548 -46.138395920731305 -198.53009287272275 -188.980416591276 -306.79063512099316 -268.4341332149186 -169.5317773648905 735.2933776597384 249.03925447408676
3501 49014 0 0 0 421.8084680726855 -212.9949094522693 -116.50525470692556 -143.43919261095684 44.25791549334967 -143.8786886048194 -58.61988625988064 1025.7859911664386 119.37757390686694 -105.05000450010971 212.07798169260593 -175.84253113923825 -494.7880835020693 -324.2783665734465 460.6082973733289 75.6691984627214 -15.728367502218644 273.895721305426 254.14950578791343 -351.79631041507554 304.24167548731 232.65184271485649 -46.13839645844061 -198.5300930481584 -188.9804189973313 -306.79063457953356 -268.4341298359361 -169.5317771270476 735.2933776597857 249.0392547817632
3577 50078 0 0 0 421.80846807268546 -212.99490949890108 -116.50525587181171 -143.43919222422883 44.2579156103607 -143.87868886321257 -58.61988549729272 1025.7859912990425 119.3775747905332 -105.05000196126724 212.0779825312928 -175.84253225375286 -494.78808322044995 -324.2783663003768 460.6082969639185 75.66919826650408 -15.7283675022186 273.89572100101157 254.14950600523588 -351.7963103096124 304.24167588452707 232.65184273151135 -46.138396448739535 -198.5300929801497 -188.98041958734325 -306.7906347936799 -268.4341292382558 -169.5317768101014 735.2933776597579 249.03925479484494
