% # columns="iter, evals, sigma, 0, fitness, xbest" seed=43, Mon Jul  6 00:52:31 2020, <python>{}</python>
1 14 46.99267646291002 0 2559.0235661249535 2.835067419655211 16.55403847413325 -13.089088307134823 -35.46342329207427 8.323014763089834 23.66632978189444 26.185470704180965 -3.776826948493063 -32.902391450377685 24.963675114872956 20.050220765864044 -45.95318834070375 47.44241196565955 37.992315412779206 -2.0934003308122042 -62.713652538071344 -60.7085107081684 21.72335165438172 -26.2730232864103 -13.705751824731804 -56.44631780393493 41.16445328222246 -94.5929006620317 -2.3835909130473976 17.76047158909609 30.598063041379643 24.113688909693014 -60.97929278169564 -20.625595991864934 -37.22845658148319
2 28 44.39640119487004 0 2574.383364269106 -24.55148275568431 -41.77355157322786 37.047181539944646 -16.695891645401975 -40.54957313581492 22.099534178741408 24.626215651323502 4.527546755004591 24.313292078660137 31.24438631714143 11.859564186189656 -51.150605337299304 -8.397186981337011 27.360032142421115 14.012833207156502 -40.604374319294415 -78.19984823241916 -13.381381558845469 -78.19167210881082 23.34941264194733 -78.47428461809857 39.066143271290784 15.104228703203873 86.84188600385106 8.654980030354334 26.916988857685894 -57.92708232314867 -8.853080028366454 -9.127649211725334 -59.750284793159956
3 42 41.799361233483474 0 2212.725912565888 35.233955378900696 50.95869748797111 -58.86892918892465 6.472825327481367 -11.48384631386865 -20.112012467015617 -3.6607795788289685 34.07894830759253 -10.563128522015472 10.77884334753318 52.91850363537395 -77.18581395293835 -43.72822360894922 61.47622889071838 -37.37212659961892 18.356331976522053 2.861365488997876 -47.75816295558128 7.925086837752694 -71.0729371100924 -87.04969951502217 31.591267947431007 -1.873994184316775 20.04528745002756 -13.916872433253252 16.225609792503292 5.568190433569935 31.350217561083618 -68.64164411113242 -23.894556571220374
101 1414 3.707343872842954 0 1035.322929545038 -13.708826231634559 20.199420986930697 -36.95672621250884 -12.87779888633689 6.634943983057823 24.663723110055926 -23.450212461497188 16.61486752713441 0.5227994961304461 32.62945964195019 1.4416743305157995 -54.379118448525986 8.66451105917397 38.50809831467416 -14.315109808008641 -7.899128402312831 -5.305767710878804 -29.86077390442047 -2.3005653476866703 1.8729630848439491 -34.84337241041066 -0.6022311641038448 5.1136835032559 53.82868945493674 41.48125600930723 -50.76339490556848 4.145882471030521 5.089390086901675 -26.33502065349628 -12.287572632945459
201 2814 1.361147178060601 0 1008.4551315223209 -20.895260418021653 28.741273791474406 -26.4903775887687 -8.052265246217445 13.276277565967481 22.762061445279567 -24.213300230738653 20.203807115798497 -3.991795328252231 36.34959666293533 6.290665540694887 -41.083344968346836 5.842193287281132 23.95196776810298 -30.3311405549854 -14.675656234207688 -2.677204977870428 -18.796176935540547 -2.7604631116852905 4.915250069874039 -40.21943621619806 0.1023192435034459 -1.444894662033323 47.557764729694085 44.0687047865756 -47.785217018269265 -5.40748792312829 7.810731999842387 -16.023206263579198 -18.327645289139138
301 4214 0.1356508539660763 0 773.7896711264381 -13.31001804231314 28.80353763001462 -25.972310691406932 -5.669202234695335 11.182629008575722 20.644382681692463 -22.406026466106955 21.443756257111367 -6.424225429519008 36.70546238798148 7.897557430666591 -46.39395374107863 5.124660066212986 30.356258244788908 -27.360147492086398 -7.649687317165074 -1.7866733370081747 -16.882070623863314 -1.6777266012574334 9.992713764609523 -38.69715674203085 1.213797189804305 4.016435298068321 46.77798593476474 48.79759366387395 -49.93316069559857 -8.116544325452677 10.015049416894382 -17.52099239937424 -20.3428617478411
401 5614 0.0029021670339155195 0 768.5374012014703 -13.341347346490629 28.7169380858681 -26.00976373192434 -5.789477553703658 11.040913093985571 20.754748739717623 -22.31851834297508 21.281078539579894 -6.307408878327823 36.825707170751635 7.790090685855311 -46.55808191522391 5.099746779687923 30.052275962059497 -27.421012946984256 -7.711926969685386 -1.787766910370965 -16.980559539337655 -1.4486742168406728 9.910222054145914 -38.423492054725216 1.3017005600358444 4.1101591204684365 46.762403070252574 48.744523583628045 -50.0545582392441 -7.918237216207036 10.133530761645662 -17.382205636935524 -20.362037847022492
501 7014 8.495829731768085e-05 0 768.535367229777 -13.340442401971876 28.718300772843442 -26.012076969974117 -5.78553958266634 11.042113754178262 20.753729728779945 -22.314739501262476 21.280526783563282 -6.3108478272407975 36.822029288145394 7.793161322648653 -46.558052583120684 5.09994161112389 30.051960234767257 -27.419288109510806 -7.711539032088975 -1.785473700572425 -16.977180469813884 -1.4510165965809623 9.910313645323793 -38.42713701955093 1.299350465943513 4.110034483899763 46.764692530176994 48.74335847629756 -50.050733220620685 -7.920507040943782 10.12669885583102 -17.37851910976571 -20.364570280263813
601 8414 1.6214648104977097e-06 0 768.5353659498986 -13.340489664893296 28.71826863330197 -26.012021951754797 -5.785490254588131 11.042036868444718 20.75380327352504 -22.31479680656787 21.280478084905795 -6.310874278685545 36.82217836453135 7.793092650501055 -46.5580970950144 5.09989019273681 30.051885594289264 -27.419290732291437 -7.711584481767879 -1.785461922532108 -16.977110965961415 -1.4509468584396608 9.910274028754635 -38.4271608593167 1.2992291761683752 4.110034109129861 46.764728150813816 48.74344637442839 -50.05078676678027 -7.920577432476694 10.126699377072157 -17.37842229400924 -20.36458062027854
701 9814 3.433655774111995e-08 0 768.5353659496475 -13.340490136660284 28.71826901411761 -26.012020197334962 -5.785490738325192 11.042036881961364 20.753801731166234 -22.314798827025438 21.28047790726048 -6.310874422227814 36.82217847831986 7.793092627109753 -46.55809741796091 5.09989075294969 30.05188650467255 -27.419290545274567 -7.7115856294365805 -1.785461039905706 -16.977110427129734 -1.4509458289123727 9.91027244663953 -38.427159961934265 1.2992300584152245 4.110033837090193 46.76472816803228 48.7434461454179 -50.05078509707994 -7.920577206101947 10.126698894896515 -17.378422602254116 -20.364579214462246
714 9996 2.3076109311807362e-08 0 768.5353659496474 -13.340490147625495 28.71826901305697 -26.01202014669986 -5.78549073605556 11.042036862132688 20.75380172491791 -22.314798845706978 21.280477915226665 -6.310874412468882 36.822178555318295 7.7930926011029005 -46.55809741444088 5.099890751650007 30.05188651483869 -27.419290521567554 -7.711585594988229 -1.7854610265434216 -16.97711044480877 -1.4509458564633186 9.910272434796964 -38.42715994099178 1.2992300518379194 4.110033838240219 46.764728166711656 48.74344614370795 -50.05078517223014 -7.920577207183813 10.126698935042345 -17.378422615883956 -20.364579207949376
