% # columns="iteration, evaluation, void, void, void, xmean", seed=25, Sun Jul  5 15:50:25 2020, <python>{}</python> # scaling_of_variables: 1, typical_x: 0
1 14 0 0 0 3.4884992939307318 12.280015218719363 -29.1142668657172 -1.829023261383876 -24.40690067242112 -56.06778784408734 7.346279460118742 23.46944626130907 -78.84556609851998 8.21372634699315 -5.924377784652397 23.634264851623747 18.01270974105058 -38.233128698681966 20.553771547159915 -16.843921455572286 -2.491309616683237 -7.818292835121428 5.2378139576591325 -45.583625477415254 15.938006863138124 -51.453604543349364 42.31351688862188 19.10043568571582 8.201375662996965 -24.12725494092787 -5.6661484168340035 -19.944327413543714 15.385511267022725 50.58259531819255
2 28 0 0 0 16.33207422997052 -2.6209476192139523 -29.39917993182584 26.437594014496344 -25.97685708932697 -90.13303158145028 -22.060060733560974 -2.3993781745561087 -147.04460554003705 -15.525779161244232 -26.36391627706741 -33.84897635525841 -5.0809200180406116 -28.3963091951531 42.77253476161327 -10.077328259727041 3.585133353016907 0.4144115746032959 24.563670998964746 -74.77024132605928 -25.81374638206307 -47.3380018407 40.403529462102156 18.949611540257816 -18.510253295696486 -56.04099853502723 -55.27595603958882 -13.30011682553083 33.23706044505751 73.05880418026109
3 42 0 0 0 65.11868567437398 15.39744551974154 -29.956945941143445 46.64869432324901 -14.392681444239756 -100.18811831899106 -43.94196796346015 -0.9975752081137468 -203.37143030928695 -69.58371207453219 -38.47017267006082 -100.12043518060489 -35.12078292660326 -13.9306099491209 24.476114468721857 29.01378576907188 7.795322916945377 -5.1906842687845325 24.263868628865705 -89.52994838985151 -60.593043027523976 -35.03656264622745 56.808081501164864 36.64164389220823 -37.98581884364608 -83.42098528161556 -96.93670433662442 -33.837215427686864 36.31427992721395 72.47847451651742
101 1414 0 0 0 132.98652868864667 -48.187539394840414 -63.46385590579243 5.098138304947006 33.54640952684133 -161.5017004995241 -173.8948228115387 -73.45666534138839 -383.23132394041914 -200.47234900158784 -69.0687686103749 18.40331105439105 -143.8019233988129 -100.95699342829474 195.46923488736627 69.56939151844841 -2.200767724895543 181.64839443847535 95.40412133364083 -173.60380689241344 -128.25890689821364 35.113528501065744 115.52570035682785 79.15613222493229 43.23346225153303 83.36986139756071 -229.5319513937743 -104.65038061458208 -30.81787454920102 -14.43930558217413
201 2814 0 0 0 149.43751546871098 -47.38420764678595 -58.192272315970676 4.885006000506763 30.66013736854147 -160.13730224057687 -177.05757639196358 -77.00067414875947 -382.7443575722386 -200.38058187503592 -68.75251450195933 18.568140442667698 -142.6800476265337 -98.29963039523506 195.05815058017149 67.11394058595876 -1.9338320540764844 193.13059192501007 95.07494333558589 -175.6226253445612 -119.73341607170265 35.08647362052689 121.76522227793198 71.8166439961386 47.398058459361174 83.7408290955575 -229.4391557484017 -105.12090914018391 -32.039876207799495 -16.508401644733638
301 4214 0 0 0 153.94776065198528 -44.00188784960527 -46.39131186232392 5.040748131086466 22.802148790111072 -161.2299314305733 -184.03993005322795 -76.8737615504963 -382.81412049597816 -201.52269960656164 -68.91291622668831 18.72448644768013 -140.80441010322022 -90.73917715863098 195.19975268384871 57.263440899495286 -1.9733995626524803 196.12603840425837 95.2666031413286 -172.92067364663453 -103.51386893872643 35.09198573231445 127.19220431580102 58.742874574295215 50.12822604268101 83.76515890131515 -228.6429957807176 -97.8612398133626 -29.641176541932445 -17.833344276153827
401 5614 0 0 0 144.44640557859083 -38.201814453595006 -22.06111348553279 4.936791421048623 15.141897516201142 -162.237577824553 -196.3721493309996 -69.77222247359595 -382.7498545406369 -209.08990625844717 -68.69567072740199 18.647438066000163 -139.45328202642293 -77.0730046720516 195.09688877323418 39.19153880555905 -1.947836705591757 199.02285204532032 95.09567271818011 -171.36429491363762 -91.03296829576374 35.10712948323258 128.5413515611494 40.21509705668207 50.29479848515067 83.74027084526999 -236.74428489124853 -93.04239487752291 -29.87026439042674 -16.508812498811295
501 7014 0 0 0 144.55390635344162 -33.99941282463998 33.487770941558935 5.024516036827726 -2.5156962181451137 -149.24947285938447 -213.88933851095118 -68.29622534946641 -382.67656304348367 -247.45298446610755 -68.68485967522459 18.71886131485291 -153.07896051336326 -53.58239161994474 195.13950556224106 -0.7985761618590858 -2.045723189199465 220.88228933515984 94.92383496031968 -163.4900450142333 -87.89861643070725 35.07967572477521 138.0370775259623 26.249146356870966 47.64031464747285 83.55579141157034 -249.5188002610589 -99.0940649538254 -32.11661014281858 -1.009193954553322
601 8414 0 0 0 158.77226934695955 -34.680635928817736 61.99921875142116 5.065944737145287 -15.819085301907062 -146.93534583572526 -224.90183854904865 -61.3938231244716 -382.75456141945233 -275.82227427595694 -68.7773853068786 18.6685841338473 -155.97987354803277 -40.632133190086 195.144523581495 -17.783191670656006 -1.9868966943312105 231.87302436384851 95.08503787591009 -161.1334216660312 -82.70779852963955 35.06419708651691 138.31639977180484 21.591609672509957 40.76261251125509 83.6604072357532 -262.06086167979566 -102.6849798617831 -32.63655943119833 9.433803313263486
701 9814 0 0 0 167.038787496879 -23.29066918102144 56.114289862158444 5.026566290419307 -18.797387812813298 -136.2208589163434 -223.60092955168938 -51.31171250879163 -382.7173317699997 -282.6070235346389 -68.72767858415709 18.620643697455606 -136.0345901069117 -33.56750552761381 195.07878157526693 -21.37051066189251 -1.9371671130766086 214.41973987152625 95.07723919802643 -164.75672527702403 -49.64933083991973 35.126321045167536 124.12420909859054 27.65270508335485 24.41962150381144 83.72691315399145 -251.3512476516366 -95.35213958647236 -32.869048181308756 5.119651143009164
801 11214 0 0 0 163.86535447797652 -20.294996722663722 64.2119955707586 5.041826577196664 -18.561273793581762 -136.8350302945513 -228.68778071799463 -51.05863184759388 -382.7737081227403 -276.0908067325895 -68.67439987262924 18.606360220242674 -133.11472145285583 -33.153684446429445 195.04562083621886 -17.87680391925194 -1.9227269469026118 216.43190441823447 95.03605572319773 -166.29719760183855 -45.02821835679767 35.112271991980755 124.2534835595666 29.63478110271269 14.540790872348238 83.73555739699768 -251.07824328405414 -94.5646341655656 -31.424347276528994 9.077692473920115
901 12614 0 0 0 163.96802374874815 -20.11150828862584 64.91078916411962 5.0424282608270214 -18.885893576636178 -136.68496623421183 -228.74619648384467 -51.58904103735161 -382.75914856027066 -276.7744659784063 -68.69232119205138 18.626498092461787 -133.1520711493347 -32.885040058257346 195.06359784509354 -18.081943090684135 -1.9634992215056404 216.4535251401184 95.1031902561685 -165.81757442482623 -45.294145620813815 35.06401001514974 124.53021855531213 29.644968059232784 13.910794017313634 83.74416537258276 -250.88740996286853 -94.4843053434797 -31.2936282625351 9.342717228601815
1001 14014 0 0 0 163.94953305441243 -20.080662851760422 64.87501328291238 5.040164794313945 -18.856675595207108 -136.67569240356312 -228.7129187328457 -51.622724475477945 -382.7572409221988 -276.78037970371986 -68.69645451185612 18.623104657621667 -133.1429946979897 -32.89425784572497 195.0658138720644 -18.09404764486038 -1.9616180799870295 216.4326867674278 95.10171012801146 -165.8067350727009 -45.303000821294816 35.070637574468556 124.52822502972602 29.669770482503534 13.8761600620569 83.73997983766287 -250.8438488205661 -94.46538118659639 -31.280522566101155 9.352705901121153
1101 15414 0 0 0 163.94791549958447 -20.081106326032987 64.86824266345177 5.039999142793332 -18.85327961788733 -136.6767748795793 -228.71025255615055 -51.62487415840954 -382.75704687120805 -276.7741468374558 -68.69641291388403 18.622977620411366 -133.1433882228001 -32.89827350560525 195.06565271336484 -18.08867451112711 -1.9616155133663593 216.43175080579192 95.10152006887158 -165.80678842268065 -45.30658122694842 35.0705875884341 124.52961011907149 29.671401669689136 13.878873279220805 83.7400090702633 -250.84127575486772 -94.46473180695607 -31.28092911714493 9.351898527542943
1201 16814 0 0 0 163.94806199051848 -20.08119244305623 64.86850600721937 5.039996831020692 -18.853437857054278 -136.67679989223512 -228.71040244784 -51.624796467253624 -382.7570621404508 -276.77429912835726 -68.69641015699523 18.622965322158223 -133.1433935910641 -32.898231591021116 195.0656559453439 -18.088738052865438 -1.9616231534596533 216.43184985091102 95.10152924297269 -165.8068435795744 -45.306573287938804 35.070596176459745 124.52960682561005 29.671292730659946 13.878906858489792 83.74001229000943 -250.8414510704609 -94.46476310161181 -31.281003613407695 9.351955812087287
1301 18214 0 0 0 163.9480612241955 -20.081192692145613 64.86850469255658 5.039996806605326 -18.85343734554808 -136.67680035979595 -228.71040201535237 -51.62479650880107 -382.7570621917104 -276.77429878513493 -68.69641009165969 18.622965236293645 -133.14339363516518 -32.89823244290024 195.06565588573994 -18.088737124251455 -1.961623029102782 216.4318491074658 95.10152921566787 -165.80684370410907 -45.306574512994544 35.07059615496672 124.52960669685531 29.671293350592187 13.878906857194613 83.74001230383126 -250.8414511011027 -94.4647634547537 -31.281003386239174 9.35195559110228
1401 19614 0 0 0 163.94806125061945 -20.081192694214074 64.8685047283715 5.039996808445624 -18.85343737134464 -136.6768003468207 -228.71040202537722 -51.624796493253626 -382.75706219209127 -276.77429882072204 -68.69641009121885 18.622965233932163 -133.14339364354782 -32.89823243995901 195.06565588426668 -18.088737128579165 -1.961623029891577 216.43184911087172 95.10152921643481 -165.8068437131387 -45.30657451315614 35.07059615650173 124.52960670275958 29.67129333731232 13.878906853133099 83.74001229971289 -250.8414510852604 -94.4647634523226 -31.28100338166077 9.351955584903552
1442 20188 0 0 0 163.94806125064932 -20.081192694212042 64.86850472830572 5.039996808445732 -18.853437371336188 -136.6768003468208 -228.7104020253286 -51.62479649322213 -382.75706219208325 -276.77429882068367 -68.69641009121476 18.622965233933456 -133.14339364350442 -32.898232439966435 195.06565588426108 -18.08873712851408 -1.9616230298915467 216.43184911084793 95.1015292164326 -165.80684371314726 -45.30657451312734 35.0705961565006 124.52960670276984 29.6712933373167 13.878906853139458 83.7400122997175 -250.84145108520516 -94.46476345232284 -31.281003381675212 9.351955584853457
