% # columns="iter, evals, sigma, 0, fitness, xbest" seed=40, Mon Jul  6 00:52:02 2020, <python>{}</python>
1 14 46.02389109811784 0 1210.3567352113637 1.385582614023973 -16.020005537166863 -42.30866128279284 -21.671554327811933 -66.85217087222351 10.458695689108026 -71.21677725166442 -27.674165500411817 3.7399820643050816 -25.281370891198453 52.62126620722463 48.57091084301566 3.8416537322518463 -21.75051001122165 27.650365071876575 13.33614870114411 0.449482404915494 32.056045879224136 -8.88562444798625 34.814983038937356 -59.43823606962313 -16.58542324829362 1.503862046814226 -55.39788215024804 -27.497344779180594 -99.42762624840528 70.39894073267754 31.65683769566637 98.45167625026559 -26.33138658910062
2 28 43.65097482311806 0 1053.5394857813208 18.89656201739997 37.15223691729225 -45.93579580940837 -10.871729410862784 -22.849647450802564 57.881913588284874 -33.70712735522664 17.620743072928107 16.068161510541458 41.34746423602512 99.09448336872397 58.60931899087407 -57.34263642142652 55.65017715792946 -34.89537992714788 -52.51883565653308 70.10358013749811 -19.25373077380253 19.522325106985022 -0.19925453900477308 -5.858968746417629 -25.722997039998077 -55.28753443340671 -85.77755298999813 35.3362253490607 -31.85200942586144 0.037566798331678086 -33.48142162372652 7.745919941203915 28.449791041520417
3 42 43.26445107064472 0 975.6160934916961 43.08779953222745 67.75732917501797 -18.930635182228123 72.3759922640583 36.02022484332434 25.54334644509712 -49.49983354270067 8.260878533054965 51.84125198166372 63.41257500445923 96.10113970503154 69.58564406452112 18.525273364793783 36.520788294483 -39.09401229705075 -55.87882819253888 45.12728650337082 21.446922497427057 42.05303945793819 -0.700317360843119 35.89117792231246 44.43665066983755 -38.94668007280824 2.7796515573494958 56.92001218274397 -93.44066864548452 -17.03951545886712 -34.02301456418585 4.86943586170894 79.48235409680902
101 1414 12.696774784458977 0 823.0358217197042 47.65179553412928 51.060728202946436 -18.759948220469894 -74.73645682487185 16.433738496230454 70.28120434743914 -88.65488357611497 65.02538821270494 18.301556724031112 -31.66935845351479 95.21592151971342 40.029965397202005 -31.08797117652793 -22.427510344959142 -81.36457931043248 -54.36811836358436 -26.931707683765595 -42.67159200149071 53.41637237140565 -3.6192058778281524 97.55858900872117 60.412394346432514 -11.25306830441523 4.294614493140804 26.881806340409724 -52.37730314639022 17.159870563839803 -43.56796297338326 -40.356617438488335 64.97457359397066
201 2814 3.657656980183238 0 715.7370620901913 -8.357983343418493 52.20770674672714 -11.885375281519318 -65.94170880207031 2.6735116506094023 58.55008607684326 -97.84487862766377 52.20024000006732 47.87133873453959 -34.51649528113393 59.92697042119882 42.231304053258356 -7.845837652271939 -9.468038217330257 -52.5625494742369 -27.408255459839808 -47.93070373813535 1.1140620686072624 53.44377204590977 -0.3573562026248016 51.47038725811004 30.792059102765123 -8.46774258158128 -20.577836827936896 -10.971413667264585 -32.41242631172198 39.24200818918922 -27.586917449397536 -77.2344568909677 54.175486960403276
301 4214 0.15539037910896802 0 536.1375568654862 -20.373338489991763 58.626220474654765 -14.221325264990925 -72.364539707501 3.966386730978098 58.604384594447936 -93.18007326087717 54.034435605837906 50.446465947571376 -34.14227988283309 48.22177143507216 41.9584007769258 -3.0489400785329224 -15.575261509308342 -45.13860784031516 -24.188987492591735 -52.3860974977449 -0.44309419503888425 56.245916913735826 6.580931135649912 56.76084754453231 27.23630128268445 1.2080683837492432 -10.950482732989197 -9.456139408264505 -25.80482384773626 39.75910329218172 -28.15853686425992 -81.86994730672973 52.73480456985941
401 5614 0.003067690221173457 0 535.8186185800974 -20.47952156323692 58.7915462921535 -14.12780109856557 -72.46287638433941 3.963337622911939 58.52316388686299 -93.33337072102434 53.7710758789355 50.30174209519439 -34.05244616523899 48.34512361313885 42.023014293483754 -3.134858450480749 -15.43212801911862 -45.02088460971356 -24.287546481427796 -52.48781224115741 -0.5053490368222124 56.20277538512972 6.718100878362607 56.6399974260714 27.41619668726862 1.2563598391333852 -11.012603918235268 -9.438867869063046 -26.0265431781904 39.942718574163706 -28.118484435106932 -81.77711514271515 52.61303368738013
501 7014 7.863703851059102e-05 0 535.8185009383408 -20.479313416877897 58.79365215306017 -14.127553695987862 -72.46431786012124 3.9649256286569856 58.521844325451355 -93.33094575700382 53.772704471947925 50.301775999405365 -34.05073214103444 48.34131380718115 42.02236620819261 -3.133017371464774 -15.430651847684322 -45.023208253111875 -24.290111623928482 -52.485620606209835 -0.5071548387834698 56.19929150632989 6.720867954290036 56.63513427847175 27.41690486707608 1.2520423771794746 -11.010947663587714 -9.442555530220233 -26.02797636119702 39.940539451968135 -28.120133814691087 -81.77278528632114 52.61128815619748
601 8414 1.8873252429386146e-06 0 535.8185008663047 -20.479332412527 58.793652765172446 -14.127519683200896 -72.46435049581413 3.964890358831584 58.52187003905408 -93.33097624109172 53.772793097126225 50.301786111210106 -34.05071754807639 48.34127967861095 42.022466585440725 -3.1329285444737707 -15.430723901585019 -45.0231976335202 -24.29017678544031 -52.48562796325099 -0.5070962172133271 56.199283681898514 6.720801470740772 56.63511465930105 27.416915745477755 1.252033428209952 -11.010968923485542 -9.44258191904018 -26.027950374616374 39.940491288539334 -28.11999979179703 -81.77273374476711 52.61126787668324
693 9702 8.732174080589899e-08 0 535.8185008662632 -20.479332728668933 58.79365300846325 -14.12751871327432 -72.46435190755876 3.9648905838125748 58.521869674528546 -93.33097737813286 53.77279521713269 50.301788021069804 -34.05071725823492 48.34128255887861 42.022465233812454 -3.1329270461690157 -15.430724574427584 -45.02319639096555 -24.290176107687188 -52.48562859961267 -0.5070956215805624 56.19928581013769 6.720799129130949 56.63511228195523 27.416913976702777 1.2520313880318248 -11.010968065277632 -9.442581782306632 -26.027949665803956 39.94049115679826 -28.120000563136667 -81.77273128850496 52.61126804878555
