% # columns="iteration, evaluation, void, void, void, xmean", seed=39, Mon Jul  6 11:42:09 2020, <python>{}</python> # scaling_of_variables: 1, typical_x: 0
1 14 0 0 0 8.794263682487225 -2.1214043273441603 -22.817476142570438 11.337276723579905 -11.153361308671267 -7.028725593845802 10.920240086237776 13.86815592215966 -30.280911623986977 8.908275537831702 -42.66091750419754 28.740464680402738 -10.805644117334628 2.795353393055422 -28.573663242125868 1.7507591940874396 -18.124422761473635 -25.043157367450195 26.071116218436398 5.340984920982567 35.23791283265242 -45.94526431314445 -24.571724856758454 3.593475521154754 44.65641991751528 -30.1899218568265 7.682918653358972 -28.340963733847826 0.8367066327232217 22.44995558905281
2 28 0 0 0 49.31956572931333 7.916619731452922 -2.230203053419462 -20.714508710441606 -11.57371297949876 9.657192256526674 65.82365121477275 35.54783722790063 -63.59072290462531 16.976350328957533 -42.19703915794533 30.0681225150755 14.951219395134382 -7.720205523461933 -25.138182099206567 -4.206283588905775 -16.112882104863154 -4.513540814942626 6.450130121262617 28.169669688117775 43.036189424733514 -67.65239134517734 -17.401102784948037 6.120291430076518 20.254032024833347 -22.959642394033732 17.46257240884416 -18.154238404913897 -4.923755668394766 10.36418481826564
3 42 0 0 0 61.38327776627417 -30.005226102125324 -35.91813042382002 -34.416753362570596 6.378718237432624 42.93688881686896 65.42759918996265 9.402399342162589 -123.51462071454368 21.1063396163988 -51.217196406852516 38.003368745145984 25.640358935627415 -42.53343207740466 -24.084061973619995 -12.438070324156959 -4.757968889630693 -12.538644435295051 -8.146314406314177 43.89524291594037 34.288415342951026 -68.91773638799678 -30.162956482018615 16.7506716429 16.49612911818943 -32.20890862307373 18.961945506702026 -38.59148144770821 -1.0210676628807045 -21.144862332392997
101 1414 0 0 0 2.7549522409883176 -74.7343140240484 -119.51581218573064 -95.48517348965524 76.49365511526027 123.44346679264687 -8.674754012101332 -11.91201375759827 -155.57870056291546 12.641176110586272 9.738365822206836 -70.53033699459147 58.29330833774741 -205.957452935211 15.347285596797493 -9.073688701751598 -36.39800382069867 -88.54393391679433 -10.658932549839166 134.4647800799333 26.481572957597166 7.660909327754661 51.70755712647346 -28.433413221433327 109.32053478278894 -111.35134963522435 -7.350673700435705 -20.152773010754096 -55.96864371149174 6.892128640820701
201 2814 0 0 0 -9.161706106105228 -69.57131543336376 -116.90199667734868 -93.10082634649362 102.28813126186093 124.7739289022696 6.893275415344396 -30.55683135206953 -168.65339166366954 19.47449393941578 3.910364436283437 -67.76669954051673 59.22084619843099 -205.94400894284595 17.68467841938189 -16.004734845860785 -30.332504355119976 -82.54112697431275 -10.668981474439216 140.02507241114736 17.472143692652015 3.746907025005554 50.275702731836525 -15.890213575530634 115.79561432750214 -111.84567795141128 -29.869391400177925 -11.049318423707561 -47.96643801796956 21.097992530275665
301 4214 0 0 0 -10.545926317877727 -70.33575798281053 -117.59840077443671 -92.68619379255124 103.90672287623099 124.64914799522694 8.242780156434872 -32.124622449102425 -170.7841719622408 21.318661678059964 3.1811810240897436 -67.4536964899903 58.97349935443301 -205.83208858399203 17.022682565799396 -15.588924480170965 -30.682020186131037 -82.16136108335276 -11.543412251027663 139.8035948419292 16.127640006897547 4.463965579594561 50.12779905531285 -14.514474209778687 116.76507514754596 -112.40330587378483 -32.38074105223413 -10.229238940826441 -48.000101914714115 21.376500842882265
401 5614 0 0 0 -11.287157828859357 -69.83761026386468 -119.84762147781841 -97.5894596497201 99.67558761226515 122.82694773952035 8.580972595769298 -36.45345178145178 -176.69855531798854 28.900605820132466 6.160871996685567 -70.72921074381692 61.89316101491972 -205.908986829505 11.18501847586988 -13.713495734583164 -27.415395882938594 -81.15499441694293 -14.13391720460892 143.6209138429204 27.578299483471252 5.481569033618878 49.871831835713614 -11.4319873107421 124.5150611643732 -113.12474895202477 -28.337148424032037 -9.816663830211805 -48.4639573637182 22.935144187753068
501 7014 0 0 0 -9.740516358074537 -70.39835192185268 -122.21035919426429 -102.74712510346474 94.75174294987785 120.92391413026931 7.855403614953853 -40.07399537104421 -183.79510095199905 38.06895217027578 10.1432355063122 -70.93481842246247 68.15049953191279 -204.59567155448835 5.9278367445319775 -9.435631144243436 -24.084356793420316 -80.59198635271729 -16.39241239255147 149.08925070357736 38.080389253835094 4.732255079716168 50.05293917697461 -9.838784646245307 131.83977252231142 -115.83112034015053 -25.097610659798395 -11.663271295182444 -47.529083706697534 23.515615813722093
601 8414 0 0 0 -6.5584669257252335 -76.07480398861655 -121.3488851087955 -96.34607965250062 88.76530555539249 125.30799859379005 6.545625021599287 -37.37547756637838 -184.6684266005828 39.39164850527138 10.715467001281928 -60.452252415828944 70.7210836036608 -200.99293884547703 5.3537596103760405 -2.7009370241021635 -26.600851875648946 -78.53867004225442 -19.604384288309884 147.83851274038912 29.483564367672532 4.224831969597949 49.23443787852979 -13.907820468819816 132.03194448501253 -120.26823829853902 -29.66377282892987 -17.72452824239063 -45.67667329597648 25.41821407359435
701 9814 0 0 0 6.034415893760411 -96.80412966701788 -120.90932583646754 -63.78751981461428 66.81042704798114 148.30197912121537 4.854213815120022 -22.333610612709805 -181.32803093697646 35.898713007321334 5.837447160341098 -17.768519385209768 78.62137811133317 -183.45704495565514 5.1880767720412235 25.913987045163456 -34.42069507007701 -75.32338590549352 -22.9160657680191 138.06130803939757 -18.09667222053588 4.2911204473704565 49.74596650715122 -27.83023324450321 123.51998259978367 -136.95830417856075 -52.63819783393972 -43.19340850702283 -32.8838217008019 21.252313340493274
801 11214 0 0 0 9.048606135285398 -101.88749188693743 -120.97990732215335 -55.39418946883569 61.90151115143663 153.255985265407 3.9297826476335036 -19.115990057888293 -180.72337638029418 35.324041268322624 5.952166563904208 -7.777285930477963 80.58640566290676 -180.1960397463039 4.750810843739193 32.79665517478569 -36.23498907807142 -74.98265401417083 -23.859523400919812 135.11854140123535 -28.260344408570553 4.389302641786061 50.885400972560774 -31.36679010907971 121.0665307365682 -140.16906322714945 -57.53586481842388 -48.38686135661887 -29.524249194808416 19.449819422475194
901 12614 0 0 0 7.361433075401599 -101.67249704210411 -120.65185993231516 -55.62879868136175 61.59220436200502 150.64412780264092 5.920367504548804 -18.88541870215401 -180.6495936317519 35.252485502037096 10.161440784441305 -6.893807563502017 79.47156331375409 -179.43835830314853 4.382495808399431 32.703085855278076 -35.95196293713499 -75.20758491810464 -24.86683506115534 134.03663525852735 -28.903781435693926 5.196522584303057 49.644648807210906 -31.374963195800415 118.98278292256106 -139.07296750413138 -57.821583694289025 -48.4938744594685 -29.656807614387628 16.834229252923336
1001 14014 0 0 0 5.723331134400328 -101.25851094219517 -120.9409053865026 -56.33164497225427 61.71994195274793 148.8319887533621 7.553530294323272 -18.96378491749584 -180.66599390463276 35.25908497685795 12.669183546211263 -6.740111056600521 79.30857744366328 -179.32188383413128 3.617827901610525 32.69488291562334 -35.97212022868512 -75.59053813250812 -24.550451330341748 133.88898932481558 -28.71685909510425 5.952728079886542 48.481243384052064 -31.32416507141935 118.28619169951146 -138.1933273918283 -57.747897800949865 -48.181093764752525 -29.970554195040496 15.226260409547365
1101 15414 0 0 0 5.518798058892018 -102.35076958336144 -120.88805740977884 -56.41735944475568 61.640760044050516 148.87551631393345 8.136448072590664 -18.916847507417675 -180.66118764580372 35.25396006176884 12.480119008978035 -6.300600993236262 79.12800962399668 -179.41148015168065 2.337150112777024 32.77410489932924 -35.054802824904286 -75.47341359215176 -24.805276425901383 133.835942279601 -28.88073711330317 6.575726391605695 47.817564920210316 -31.073851271703028 119.31777812728427 -138.01922301784165 -57.83060456628214 -48.222584639497754 -29.929165666574264 15.40135775146801
1201 16814 0 0 0 5.656036311076228 -103.50919009687486 -120.8417472071453 -56.332129935324424 61.61312721317136 148.89337687822498 8.531424870397247 -18.893818295380356 -180.65432620855393 35.24606646452057 12.664803484081853 -5.602771637503748 78.86076028030556 -179.4269277267351 1.4158909096840167 32.68385473370344 -34.55903678684514 -75.73600961437273 -25.26969213965645 133.52803390712197 -28.95066827702519 6.791326114839977 46.76518185088302 -31.333248910206105 119.82649632444154 -137.96031370365176 -57.86428015495161 -48.22762665294993 -29.990734801859602 15.594532166716236
1301 18214 0 0 0 5.675616031311712 -104.16270272783203 -120.84460208907164 -56.32924522087473 61.66080544564188 148.88557650254603 8.645040103642158 -18.930934306292958 -180.66489692243422 35.258229948633186 12.587198188952465 -5.485411919190011 78.84990428561312 -179.42962199914706 1.6828997837386512 32.70548947885763 -34.40146182843053 -75.705518642069 -25.668182078272633 133.19772232666995 -28.835047295596688 6.664887616491044 46.15767321425277 -31.82188875418994 119.48426310595332 -138.13191725152868 -57.808365634385694 -48.176245999106314 -29.991037932681948 15.297740263866665
1401 19614 0 0 0 5.736527022030752 -104.55038390992247 -120.87247270021508 -56.325669217503496 61.66861388434653 148.87165670460035 8.767253926076474 -18.93691197119353 -180.66721628540873 35.260803789124736 12.47056344995666 -5.614631687572645 78.76504935436732 -179.42411486323866 1.9275713358822697 32.71003484587392 -34.45081631987905 -75.62310413817947 -25.677208891671 133.09667626980226 -28.815820493934055 6.573652085161618 46.11419400115375 -31.75886362727662 119.45710139272674 -138.02150115863458 -57.79944505387361 -48.26874600906485 -29.98187169423612 15.526836146703973
1501 21014 0 0 0 5.822156425747701 -104.87211558258285 -120.87017289859176 -56.3308247876512 61.66751084762463 148.86797405732054 8.74318003003325 -18.936183255336275 -180.6668197652137 35.26041899306696 12.413504202364127 -5.679887259979053 78.76497088261686 -179.4244882298418 1.9227669514122923 32.70451897689954 -34.46734540173479 -75.74374475764445 -25.736206120201473 133.07858689145394 -28.818194472431305 6.562478730321922 46.17094892892196 -31.743895481530153 119.4154592302978 -138.04521010047208 -57.80038800044728 -48.359308856212806 -29.986290367958347 15.5072301792167
1601 22414 0 0 0 5.837969455585129 -104.98328024677011 -120.8682755015543 -56.32791280751307 61.66827938506609 148.87211791046136 8.753613656343655 -18.936695715205122 -180.66674032394937 35.26028799689216 12.42849067227772 -5.694399942314113 78.76229244078091 -179.4243860127972 1.9162567533409731 32.710186350361894 -34.48795189308692 -75.79515273812365 -25.72936233776514 133.05916384143808 -28.817219075048296 6.570290189061074 46.199060211603175 -31.71267973697505 119.40121526187534 -138.03480311798685 -57.799878470386346 -48.408790031358365 -29.988052130002774 15.4895327539174
1701 23814 0 0 0 5.8070311670294394 -105.01035608436659 -120.86776278855983 -56.33000108987785 61.66826337564217 148.87411222559172 8.777234245263081 -18.936698111697794 -180.66673001816238 35.260250270336265 12.453248889249284 -5.704033936158776 78.72943837463043 -179.42484763322264 1.9407936048714058 32.71018261046361 -34.49497091256801 -75.78804674055279 -25.71038976498621 133.0377955191194 -28.817268560668406 6.564581022585794 46.19186398234012 -31.708209130682647 119.41401004663037 -138.0356107953095 -57.79990670883304 -48.41301518080624 -29.98990874192808 15.461175872813003
1801 25214 0 0 0 5.798241851383325 -105.0206181602946 -120.86784750800912 -56.329276411412515 61.66827548996317 148.8743832531532 8.771039546501921 -18.936722739126996 -180.66674524563606 35.26028623270454 12.456368800597762 -5.704402323943729 78.70852062618954 -179.42357005543272 1.9393223877883807 32.70965015066031 -34.49579053036986 -75.77837310670698 -25.702405026308497 133.03864082755894 -28.81722923025488 6.560425725763226 46.19383122336939 -31.704316972379722 119.43912880252907 -138.04241003884422 -57.79988493470115 -48.41761651863136 -29.98922848147478 15.4620163078487
1901 26614 0 0 0 5.794400364593196 -105.0369557167139 -120.86672746259572 -56.32953402372493 61.66827364377302 148.8736012588033 8.764826956356972 -18.93672028410922 -180.66674689544584 35.2602892419912 12.456168624386912 -5.706758113887644 78.69759638148736 -179.42303762441236 1.9369587286325731 32.70920240410647 -34.49774354448964 -75.76982197627936 -25.699145397156332 133.03503537783175 -28.81721381021726 6.556921038531605 46.19060905891919 -31.70549911019445 119.44113791204397 -138.04718392092215 -57.799880361806224 -48.420189779205074 -29.988615046300502 15.457115243246637
2001 28014 0 0 0 5.795949172190492 -105.04524567090971 -120.86676896135981 -56.329258109059836 61.66827375890852 148.87363149136317 8.762465669637589 -18.93671896010517 -180.6667436818133 35.26028805311438 12.4542382196769 -5.7071006812070335 78.69602208029548 -179.4229508140533 1.9364206260339814 32.70949424757328 -34.498651175855706 -75.76509148479208 -25.697273056239673 133.03434167587656 -28.817212865589536 6.554895140626646 46.18859330350493 -31.705762207479076 119.43922936373595 -138.04877111102218 -57.79987780915962 -48.42201233370445 -29.988793466565056 15.458297728911393
2101 29414 0 0 0 5.797327326628625 -105.04616989287881 -120.86680152730058 -56.329118745381344 61.668274334643556 148.87341523119156 8.760173510632804 -18.93671819389647 -180.66674267072605 35.2602874376492 12.453422784026586 -5.705810167379344 78.69706180703827 -179.4230439059965 1.9356899280125897 32.709399688553916 -34.49909530058371 -75.76288778696245 -25.696320802280255 133.03526777135426 -28.817215239763282 6.554151335559652 46.18930452319194 -31.706016494295874 119.43637242018914 -138.0496933743029 -57.79987790484437 -48.42241844953122 -29.988962911445025 15.459794830658835
2201 30814 0 0 0 5.7979457471096625 -105.05017271531318 -120.86680324745984 -56.32929078407238 61.66827106940581 148.873922839799 8.76079584392621 -18.936717060277484 -180.66674323605318 35.26028654045138 12.458776562243019 -5.700028983412275 78.69692318446731 -179.42310839514207 1.9355811227954365 32.709170995411895 -34.495424852672485 -75.76221181554037 -25.69359715566197 133.03642315980065 -28.81721905736827 6.554324372202703 46.19307259918347 -31.706037750852374 119.43250331625462 -138.05106796398883 -57.79987996389356 -48.423556348544246 -29.98866207401153 15.46279793209353
2301 32214 0 0 0 5.797207639812563 -105.04923489047673 -120.8666456914438 -56.32943225477266 61.668273560038315 148.87390429969517 8.762056255021058 -18.936718712514047 -180.6667431949059 35.260287768370326 12.460365165460315 -5.698228395868646 78.69768382908123 -179.42315511823648 1.9342441054023145 32.70938583986287 -34.49422046251354 -75.76184413000853 -25.69298818252145 133.03613143742868 -28.81721395507014 6.555315064856115 46.193767812295384 -31.706667958378628 119.43170359967864 -138.05200030186668 -57.79987796944316 -48.4224219295294 -29.988567625389198 15.463065423791791
2401 33614 0 0 0 5.797104239737484 -105.04984970649251 -120.8668728627154 -56.329224893620314 61.6682740582118 148.87380021174545 8.764676480766044 -18.936718952312212 -180.66674349323662 35.26028746186017 12.459795972170763 -5.698632317491962 78.69986805624752 -179.42332841487683 1.932366736962177 32.709504646647815 -34.49597649509811 -75.76209689249701 -25.692050241718494 133.0342987930156 -28.817213139071402 6.556754182857641 46.194214280474995 -31.708689477054243 119.43133474410422 -138.05389983245064 -57.79987743692138 -48.419730907241075 -29.98859879779454 15.46295399990047
2501 35014 0 0 0 5.796885429925424 -105.04975116930794 -120.866772653854 -56.32921540855592 61.66827386170477 148.87370122705954 8.765668207799044 -18.936718815618633 -180.66674363695128 35.26028750927348 12.459668874128019 -5.698985987640565 78.70029500779157 -179.4232622729309 1.9326929728674622 32.70936944423428 -34.496606277436385 -75.76178827302756 -25.69203759205307 133.03354830516903 -28.81721367069427 6.55689666837922 46.19408562486684 -31.71033866777117 119.43153712028813 -138.05452211989984 -57.79987788451729 -48.418229816096584 -29.98866870478682 15.463497030997658
2601 36414 0 0 0 5.796887507029953 -105.0497494597943 -120.86677425465088 -56.32921465009794 61.6682738723103 148.87370227795418 8.765665377456168 -18.93671882280578 -180.66674363576297 35.26028750242474 12.459660857165698 -5.698988180996805 78.7002964921583 -179.42326386474596 1.9326979393645312 32.70937103890422 -34.49660683747678 -75.76178288782924 -25.69203880656293 133.03354933137405 -28.8172136757628 6.556893251720795 46.194082124360996 -31.71033832283753 119.43153570735453 -138.05452134754938 -57.799877886904575 -48.4182302786116 -29.988670376520925 15.46349420977758
2701 37814 0 0 0 5.796861616839609 -105.04982227076205 -120.86678478562905 -56.32922712845807 61.66827386301867 148.8737350036013 8.765781440407672 -18.936718829648626 -180.66674360522035 35.260287511258404 12.45973784560134 -5.698952630585425 78.70032962072403 -179.42326127811754 1.9327717542355989 32.70935440846329 -34.49656605017032 -75.76185649554344 -25.692000939767272 133.03354091638377 -28.81721365357323 6.556914933320375 46.19414378346632 -31.710426658310453 119.43156614801899 -138.05451363837827 -57.79987791515638 -48.41819456616294 -29.988680593324986 15.463582698342204
2801 39214 0 0 0 5.79682644713156 -105.04990606177913 -120.86680012297718 -56.32923774155626 61.66827385001802 148.8737654515421 8.765885723492604 -18.936718835191282 -180.6667435769619 35.26028751019589 12.459826579487734 -5.698913279700978 78.70033868761669 -179.42325866194312 1.932848489529895 32.7093396799135 -34.496512024058575 -75.76191956985782 -25.691958123410434 133.03354492632855 -28.81721363605441 6.556925916816367 46.19419542142291 -31.71049610515909 119.43161458619171 -138.05449177770427 -57.7998779472083 -48.418178002329824 -29.988691246457694 15.463665490382981
2849 39886 0 0 0 5.796826444017404 -105.04990605833078 -120.86680012494574 -56.32923774211879 61.668273850013286 148.87376545355556 8.765885732398313 -18.93671883519268 -180.66674357696067 35.2602875101917 12.459826587099052 -5.698913276864352 78.70033868931041 -179.4232586626645 1.932848492644748 32.70933967923104 -34.49651202131985 -75.7619195796065 -25.6919581221121 133.03354492677587 -28.817213636054404 6.556925920271868 46.19419542580123 -31.710496107493082 119.4316145944705 -138.05449177632212 -57.79987794721556 -48.41817800018838 -29.98869124680616 15.46366549288261
