% # columns="iter, evals, sigma, 0, fitness, xbest" seed=39, Mon Jul  6 11:42:09 2020, <python>{}</python>
1 14 48.99582158997193 0 88785431.03661233 52.32387187437209 -8.109229644315349 -76.98503249393404 35.58775078661153 -30.28563549062338 -4.555498850262799 42.296753218080944 4.868313901874891 -42.29359973996054 14.551314805404502 -64.33893932220201 90.38519465628033 39.52401159872781 -28.0652823796077 -46.38673926571185 31.633303931374336 -43.37225967729621 -51.83308914439297 53.01638339399082 6.4241662058126145 66.90182333914397 -99.74138920359911 -73.42303524086853 -59.429825542353 98.56505785716756 -84.63524945451255 37.154145245494114 -4.118467917963662 31.99479111251724 38.61166810368185
2 28 49.29493888221597 0 90194668.83595353 70.3483898738511 5.501106558293337 31.291910461182308 -8.566544574300668 -7.302215844695243 -25.14147109124678 99.5322589112763 83.16617713454575 -50.495473667934746 -5.745395846908517 6.58248153250215 68.63796048760685 32.59436276616005 -29.578174683161777 -18.786031791443975 -8.488114726350274 28.161827584515688 59.00246841165034 -20.119704285213803 94.95403083595194 60.835681185798066 -44.94301987202997 -48.39639087514434 44.125832727294565 -8.228032165997512 18.50299691749133 26.502078955424626 32.063561088355144 -20.693074111539406 -34.94564180390181
3 42 51.55544663557533 0 49677276.923261285 50.29802894418387 -80.19071820695652 -62.54021989689522 -17.806151162338583 6.1622901914806665 98.18341181847838 11.704834649379045 9.366385603078264 -36.566533471011354 12.846744318721264 -42.05231238231151 62.79734725555668 5.083238308525685 -85.14917630185931 11.057623188307602 -15.3353581371582 -5.730908015606584 -80.92596366243863 27.184490667286283 35.80845961947918 -5.446097211767878 -35.46041509885481 -99.32725367023615 34.95477614594792 -26.829791256739323 -43.984901854937576 -16.741209902052212 -99.97350782426594 40.274737400856864 -51.0762641424303
101 1414 0.3821468869275866 0 495222.26358260674 2.8591788222649743 -74.59239154318401 -90.38982891360772 -95.57220335260581 76.47516792329331 86.7142817632035 -8.19698501866549 -12.067436011576087 -54.23583101764174 12.744428487742969 9.268802744592357 -70.59998602385718 58.38843648532494 -3.746518913251748 15.00155781931884 -8.679456012103087 -36.45882105205953 -88.65905077076907 -10.822260187134576 75.87986163483643 26.459494100755823 7.2847913762949075 51.86667729327076 -28.18944306636234 98.94899541099237 -97.73588863114942 -7.500312943613338 -19.88079212341387 -55.70146764635169 6.692264898662982
201 2814 0.4609944172691634 0 24800.1021073996 -9.733866305014613 -69.56249196642904 -93.32773100458003 -93.00621995365947 99.71146722201667 85.17248649497432 7.340448560649776 -30.559532637527074 -41.12295965401782 19.82691936714889 3.8053393128464568 -67.78522680567805 59.06962469251527 -3.791582638451331 17.36561976099864 -16.33886634372504 -30.757933300791255 -81.92040079749486 -10.813171228357918 69.97970153623413 17.19005143918336 3.6132956211055447 50.01696867261893 -16.356015003551928 94.20735008515626 -97.82023569936977 -30.326853930553806 -11.190773955555548 -48.292132497725 21.129726664464446
301 4214 0.06737124504787038 0 20482.506257560435 -10.609165748898112 -70.32987705261058 -92.55522492503941 -92.70730318281 99.93663985807072 85.50148995280492 8.313892267139163 -32.188304567720586 -39.31466245125188 21.32274102459673 3.1884209992528647 -67.49408517324247 59.01343288206469 -4.246185732666476 16.970601568904907 -15.620005600693286 -30.71946005005379 -82.12703261216059 -11.577258598084878 70.30299056364203 16.135078754708896 4.459384209998399 50.08104468975397 -14.482652337180534 93.325843146229 -97.32819502056553 -32.36262268098552 -10.206224458420667 -48.041120693254186 21.32868964454039
401 5614 0.5364063517321165 0 13303.388446160574 -11.15506269645637 -69.81380858136822 -89.74891140952874 -97.55336265693373 98.3617097535701 87.38021722428167 8.523688279660485 -36.98634577410024 -32.399690302126885 30.032519860760875 6.196454252835603 -71.17563931307338 62.62198910075111 -4.155706241550433 10.276008288731376 -13.40078762685856 -27.078050708376807 -81.67454632347493 -14.576676310089377 66.06168499021416 29.034841580875973 6.041424923141399 49.59937724885503 -11.415310440270314 83.71095013569428 -96.31866246837674 -28.032406770495108 -9.565314427765244 -48.41073448874132 23.552924976659178
501 7014 0.13431688187896812 0 9620.81457212699 -9.74477780591695 -70.400233202745 -87.96453309743237 -99.67657254078252 94.74789525642232 89.17485135171182 7.870290986400727 -40.111039137825095 -26.237400199626563 38.14636494130451 10.165247405581308 -70.95039586900816 68.04548960374706 -5.590177963192929 5.950859586033437 -9.390542291624062 -24.044651205876622 -80.64698503057714 -16.441359260646088 60.979389617266264 38.171437045178045 4.765684749417765 50.004013994165994 -10.011741444851253 78.30198131510289 -94.23568576497614 -25.085759417371513 -11.660051477234292 -47.50036360012096 23.577176169131555
601 8414 0.31836356975535224 0 7208.082559261634 -6.371641722646006 -76.0873935347036 -88.41972730929952 -96.44579541397094 88.58418112087 84.56902565368947 6.7078270865126886 -37.26437146925563 -25.65081411865765 39.159821110826776 10.283196802965339 -59.89966415779808 70.93897016744248 -8.76688294463034 5.372864586937708 -2.736500446149572 -26.574927502640836 -78.42007090877499 -19.328156973358777 61.90410084174482 29.096466596084774 4.367452683979076 49.4057670090875 -13.969756511098536 78.10266944547226 -89.37351738304083 -29.678538033655 -18.07467216054352 -45.60303383709819 25.33316698397245
701 9814 0.5542709640772597 0 1929.0985210831109 5.812191535510787 -96.42353021893207 -89.10216283292021 -63.514658035751324 66.66916477669494 61.83002614806347 4.669166742470128 -22.298886341684383 -28.630990029287887 36.09079646757775 6.153674921067996 -17.607807324534203 78.43532057525809 -26.95536613992965 5.308362595064909 26.07005292650192 -34.71788113485914 -75.26902983880001 -23.119443650016233 72.27813408809689 -18.04122388337161 4.7250165258178685 49.848857037564606 -27.82432150289855 86.80344707691381 -73.0817843803629 -52.67538365142744 -43.3501429338353 -32.77590400043854 21.34654493604366
801 11214 0.02393365887603855 0 1589.489858977318 9.070821661704306 -99.50940991496245 -89.10103304674708 -55.42371970584826 61.895236600648744 56.836050582013485 3.9451763362580583 -19.11691769989132 -29.367619057628417 35.33290810110131 5.962953487260639 -7.759897175529447 80.63669636612688 -29.903089753926565 4.763504264899235 32.802464859848044 -36.24661667282456 -74.99983213910005 -23.87026438891154 74.9570270729379 -28.267996784491512 4.413888497981857 50.88055644013193 -31.366457501694203 89.04400554244566 -69.92829426916552 -57.545495497233915 -48.39297059206009 -29.50165055121451 19.46490903892509
901 12614 0.13131217827124572 0 1559.1992203060513 7.344093631225494 -99.42229041544317 -89.52622144370058 -55.51372645147874 61.6454555027815 59.29804172721384 5.894660210658746 -18.818633939956484 -29.562389648496463 35.09875316995577 9.968007722083254 -6.812850685640306 79.33386267866126 -30.784871690021163 4.534307416572333 32.61350493970444 -35.98172050499141 -75.18960299367146 -24.827330180593425 76.09430593746808 -29.1499918004635 5.181706847764661 49.689483575970705 -31.501384751977117 91.03692250092601 -71.15197244195875 -57.92457765136583 -48.5432901728562 -29.745164970965543 16.993555679826173
1001 14014 0.029182854179267453 0 1546.0759617594965 5.74241600935526 -99.28378150708903 -89.14417046495227 -56.37184975921944 61.739229048413925 61.26448936507171 7.568677404043648 -18.971914779342107 -29.440665999146802 35.252534445202215 12.635552937214655 -6.785816339039421 79.31558888895516 -30.736275925967277 3.597745992260295 32.64085539987314 -35.93680743494073 -75.60141840692589 -24.530343225897642 76.17446092492975 -28.682979549531623 5.966009484095038 48.48977141739696 -31.264676954773353 91.78233383501109 -71.90972639217506 -57.72577818194017 -48.17658984095556 -29.975889681949525 15.230321190665098
1101 15414 0.05642228319865904 0 1541.131075205231 5.548370683679465 -99.6283251347924 -89.20641534315808 -56.45551118819072 61.62027441405844 61.26895271423882 8.156795115060573 -18.917985387348573 -29.429233997516945 35.269800251480625 12.582415009326422 -6.165488468258022 79.15802286939098 -30.73229098688853 2.3076355936933868 32.779332351543395 -35.05289393438172 -75.49262536051343 -24.849390335208344 76.21397464678529 -28.873607534986753 6.5541527650841065 47.760398797718864 -31.085689064537213 90.7496978014743 -72.0159341950278 -57.82546847316461 -48.246752346586156 -29.937444224554845 15.40437231699701
1201 16814 0.025912077952932357 0 1538.4525947487714 5.664487079264734 -99.8876189407804 -89.24327509247232 -56.32388278824239 61.61722993319935 61.18248407293203 8.499352337147753 -18.89502849866815 -29.4465793562498 35.24561587142016 12.61230654083829 -5.627921886006896 78.85131901583162 -30.67934410819734 1.44520035975633 32.686582693783215 -34.53946815234748 -75.73179273922443 -25.27366241918313 76.5576955994826 -28.940561349505913 6.769038906756111 46.80319506104036 -31.344023573991805 90.262228361865 -72.10305716811288 -57.858207808812075 -48.235027405589406 -29.977954861771785 15.606399992487328
1301 18214 0.012464532390276282 0 1537.618626269137 5.674231227570526 -99.96314787398951 -89.25365179297218 -56.32197414864488 61.648437379433396 61.20901144964924 8.660234115219737 -18.92172213894658 -29.437880335109526 35.255704479270484 12.587203588773033 -5.465385533810801 78.8452974132263 -30.670702365581377 1.662968487642701 32.71068886972594 -34.41243237647487 -75.70430815149183 -25.66879850456041 76.91528362424242 -28.860534888285446 6.675458615709966 46.138342674873044 -31.830708158450594 90.62137423036066 -71.96656121658336 -57.81979701443511 -48.180980435588765 -29.991221038773276 15.303510802124025
1401 19614 0.005174744867815977 0 1537.4576807774156 5.745222286315681 -99.98825254276937 -89.22466542333984 -56.329179588308016 61.6690784693897 61.23178260939051 8.76932313378758 -18.93711709522423 -29.43248497681691 35.26108613315085 12.460565368141747 -5.6191392040973955 78.7657199094073 -30.67601811127676 1.942824690636531 32.71130010284907 -34.45357982430937 -75.62084573696394 -25.676974461215462 77.00330113262382 -28.81466686381606 6.569481018953513 46.110101396095196 -31.760185884315916 90.65008351162567 -72.07248622167495 -57.79909050280184 -48.26970553920073 -29.984503552738943 15.536749479657425
1501 21014 0.006404108200246697 0 1537.410968643896 5.822487558115542 -99.99818602978992 -89.23004997548794 -56.32829414182268 61.668576633872775 61.230052199150236 8.733890913951841 -18.936773917667278 -29.432872672039395 35.260641825163155 12.4097862655238 -5.683903516796395 78.76881281218247 -30.67723426982485 1.9284595303571297 32.704741506261044 -34.4670333924862 -75.742013139907 -25.737116391150227 77.01623413495241 -28.816206330230784 6.562546053139119 46.1805699136667 -31.742230545390342 90.68514982911341 -72.05306678162029 -57.799644384227214 -48.361771240978 -29.98325077784649 15.504593274592724
1601 22414 0.0007367239720536715 0 1537.4021362293076 5.837656437550863 -99.99978305801794 -89.23186531424241 -56.32771972714623 61.66828557245634 61.22775179728794 8.753977768638814 -18.936671064435934 -29.433259528573927 35.260278778089784 12.42841980444593 -5.6942013911197815 78.76230075703441 -30.675690402562708 1.9159598134028863 32.710065640113484 -34.48839054822997 -75.795811754307 -25.729170013050602 77.04102751395484 -28.81727731147609 6.570189677940558 46.2000584022322 -31.712554055786537 90.69894601256061 -72.06523636640213 -57.79992372898128 -48.40918973218066 -29.987974987520413 15.489432057762638
1701 23814 0.0004196999889878755 0 1537.3997765702736 5.807577991429669 -99.999918299779 -89.23230525976578 -56.330027334830085 61.668317840971895 61.22586771467374 8.776338503996586 -18.936727068949065 -29.43326425800086 35.26024636421396 12.452361696447676 -5.704088448329172 78.73007562177862 -30.6748636724609 1.9406308040262361 32.71008583169209 -34.49524638737273 -75.7883506169124 -25.71042941436193 77.06145285232597 -28.817237981712676 6.564542529212328 46.19291164427582 -31.70824192821878 90.68591779706426 -72.0637852234201 -57.799907678408395 -48.41299385129914 -29.990077755159298 15.46174847227806
1801 25214 0.00019094505797018544 0 1537.3989205122914 5.798239193793475 -99.99995696345698 -89.23219362643704 -56.32937107755652 61.66827044323538 61.22560057762831 8.770958669728124 -18.936716233347116 -29.433253875306377 35.26028582115454 12.456322343364251 -5.704457721264651 78.70852781460036 -30.676523141601763 1.939255138944181 32.70964107473087 -34.49581593706264 -75.77854577083312 -25.70240120395331 77.06123312743375 -28.817251311066304 6.560537486987612 46.19376685953166 -31.704609570314826 90.6606615777643 -72.0575684133471 -57.79989955442401 -48.41749236993319 -29.989154024537232 15.46207887194459
1901 26614 0.00025861015229212644 0 1537.3986193805194 5.79444975810086 -99.99999189118022 -89.23331193577172 -56.32957966911288 61.668261588062265 61.22640143531285 8.76447130309026 -18.93671978534624 -29.433246042174773 35.260298067369284 12.456309029949578 -5.706691241226771 78.69746789717122 -30.676925861400804 1.9370588971349347 32.70913512439798 -34.49779240584758 -75.76978375721413 -25.699249973294112 77.06483996808669 -28.817218847335667 6.557007612576159 46.19059582580128 -31.70564355855784 90.65885947055125 -72.05259625574016 -57.799885601713804 -48.42031763426947 -29.988600939100362 15.45695321720928
2001 28014 3.3151971549925066e-05 0 1537.3985402115568 5.795975554608135 -99.99999889763579 -89.23321920584144 -56.32925944140097 61.66827379812363 61.22637522478425 8.762435208659731 -18.93671908032183 -29.43325600958471 35.260288396292566 12.454257404761007 -5.707090139241294 78.69604965575587 -30.67704945861658 1.9364739633919474 32.70948614518004 -34.498702457138016 -75.76512874638195 -25.697295158713395 77.06567712578789 -28.817211930114055 6.554876450102518 46.18864621062012 -31.7057594646119 90.66086618034032 -72.05123805737205 -57.799877502654574 -48.42204913688106 -29.98879572522691 15.458258222193793
2101 29414 6.65163848557622e-05 0 1537.3985121366197 5.797320395800016 -99.99999924367567 -89.23318211739178 -56.32911624977852 61.668274672245246 61.22654835153344 8.76031175012863 -18.936717856753774 -29.433257827008816 35.260286834411005 12.453550036448654 -5.705755811363399 78.69706746588741 -30.676928116325 1.9357540586959818 32.70939477558494 -34.49910867553807 -75.76315292236693 -25.696379998812112 77.06476524194238 -28.8172155457786 6.554217019555292 46.189466366396225 -31.705883453175474 90.6635298451601 -72.05042663693996 -57.79987815869247 -48.42250415808263 -29.988984133486937 15.459741662507176
2201 30814 8.702200169697724e-05 0 1537.3984401386977 5.79803447531391 -99.99999999896367 -89.23317984564558 -56.329326884425925 61.66826928957358 61.226012352288734 8.760775681525114 -18.936715430865792 -29.433257556317272 35.2602862683166 12.458837224762064 -5.699937920331664 78.69703698110992 -30.67687512662002 1.9356679141441206 32.70918931686409 -34.49545362786518 -75.76226792764369 -25.693490353394907 77.06358724659836 -28.81722559021326 6.554333683844332 46.193177524728874 -31.70606443614798 90.6676831085939 -72.0488281160975 -57.799883093397824 -48.42356898848669 -29.988648284229107 15.462802987049907
2301 32214 9.648629375001259e-05 0 1537.398424540115 5.797103999364645 -99.99999998519351 -89.2333862493148 -56.329407425246764 61.66827271797948 61.226033136541275 8.762157028084752 -18.93671849472893 -29.433256294942083 35.26028782524457 12.46041817441521 -5.698177010732298 78.69762039833917 -30.676869720323026 1.9340890662510544 32.70934360067139 -34.49418898021371 -75.76202077277357 -25.693036090506777 77.06386570613992 -28.817214404039895 6.555296839536245 46.19382836624292 -31.706575106226246 90.66811101948198 -72.04805691802483 -57.79987830243572 -48.42253255032259 -29.98854610602135 15.463016323461789
2401 33614 6.12632797867803e-05 0 1537.3984047583283 5.797191450365118 -99.99999999999922 -89.23309490496044 -56.3292294156803 61.668273819618726 61.22620097427915 8.764714757973184 -18.936719016446176 -29.433256898255735 35.260287553163735 12.459751455791553 -5.698778652971014 78.69987307926642 -30.676634227599948 1.9324832713056512 32.70949822497542 -34.49603654126977 -75.76225868034649 -25.69208437639219 77.06572582487269 -28.817212954473856 6.556787257521036 46.19421147412288 -31.708746976788625 90.6686590058533 -72.04606040470438 -57.799876849614215 -48.41972091786283 -29.988615967212205 15.462813864443747
2501 35014 3.2778147793349055e-06 0 1537.3984004264644 5.796881594752074 -99.99999999691359 -89.23322899027377 -56.32921544125392 61.66827384175748 61.22629755401323 8.76568350854768 -18.936718820067323 -29.43325634928044 35.260287519283246 12.459675055923663 -5.698985671823379 78.70029670027915 -30.67673937071484 1.9326983043049584 32.7093695281257 -34.49660829285374 -75.76179143336479 -25.692037910334786 77.06645648263049 -28.817213669522936 6.556898163916826 46.19409389391837 -31.710335657678126 90.6684568874982 -72.04548036482907 -57.79987788509386 -48.41822883359553 -29.98866838057762 15.46350221180111
2601 36414 5.204679464228537e-08 0 1537.3984003693888 5.796887450163152 -99.99999999689166 -89.23322575395964 -56.32921462766508 61.66827387233967 61.22629774943559 8.765665258768852 -18.936718822946688 -29.433256364208034 35.260287502543555 12.459660783784283 -5.698988247930327 78.7002963460217 -30.67673616714748 1.9326979292430522 32.70937105450317 -34.49660691858363 -75.76178280498904 -25.692038820794664 77.06645066865957 -28.81721367551685 6.556893180589273 46.194082069777096 -31.710338199655798 90.66846410837101 -72.04547867063735 -57.799877886655516 -48.418230373900776 -29.988670393074024 15.4634941468625
2701 37814 1.4407033667824026e-06 0 1537.398400243862 5.796863710413758 -99.99999999844891 -89.2332150032992 -56.32922739324392 61.66827386527929 61.2262640908059 8.765781274655748 -18.936718829483326 -29.43325639556116 35.26028750793651 12.459736637304571 -5.698952294212392 78.7003306908628 -30.676739205907552 1.9327721536957128 32.70935426892537 -34.496565868949055 -75.76185849157264 -25.692000575536824 77.06645796055903 -28.817213651702986 6.556915220826837 46.19414446028449 -31.710427656074767 90.66843254687996 -72.04548583533958 -57.79987791377605 -48.41819413151713 -29.988680435358344 15.463585233852688
2801 39214 1.5693174907798213e-09 0 1537.3984001681742 5.796826448991991 -99.99999999956314 -89.23319987615834 -56.32923774216547 61.668273850018636 61.22623454805321 8.765885721140062 -18.936718835193368 -29.433256423037818 35.26028751019795 12.459826582596142 -5.698913276497009 78.70033868771478 -30.67674133861479 1.9328484951127396 32.70933967944996 -34.49651201876248 -75.76191956878606 -25.691958119739258 77.06645506789161 -28.817213636054962 6.556925915057753 46.19419542427117 -31.71049610665134 90.66838541536123 -72.04550822310796 -57.79987794720777 -48.41817800326512 -29.988691246474254 15.463665496699685
2849 39886 2.5553733172599366e-11 0 1537.398400167849 5.796826444027887 -99.99999999956312 -89.2331998750892 -56.32923774210739 61.66827385001333 61.226234546502695 8.765885732203715 -18.936718835192664 -29.433256423039268 35.26028751019173 12.459826587018046 -5.698913276897934 78.70033868920592 -30.676741337332942 1.9328484925119125 32.70933967925352 -34.49651202133641 -75.76191957945662 -25.69195812216291 77.06645507321198 -28.81721363605443 6.556925920231742 46.19419542572728 -31.71049610737315 90.66838540554849 -72.04550822362151 -57.79987794721556 -48.418178000252496 -29.988691246773218 15.463665492750978
