% # columns="iteration, evaluation, min max(neg(.)) min(pos(.)) max correlation, correlation matrix principle axes lengths  (sorted square roots of eigenvalues of correlation matrix)", seed=767569, Thu Jul  2 17:28:57 2020
1 10 -0.08407136159308011 -0.02201953218983865 0.02223691577584247 0.049398132287579846 0.8829278463488094 0.969011641803895 0.9784407018022284 0.9880901526388128 0.9968203410468796 1.0058245011976696 1.0141399098908335 1.0274277436665749 1.0547265455370758 1.0704752070091281
2 20 -0.08407136159308011 -0.02201953218983865 0.02223691577584247 0.049398132287579846 0.8829278463488094 0.969011641803895 0.9784407018022284 0.9880901526388128 0.9968203410468796 1.0058245011976696 1.0141399098908335 1.0274277436665749 1.0547265455370758 1.0704752070091281
3 30 -0.08407136159308011 -0.02201953218983865 0.02223691577584247 0.049398132287579846 0.8829278463488094 0.969011641803895 0.9784407018022284 0.9880901526388128 0.9968203410468796 1.0058245011976696 1.0141399098908335 1.0274277436665749 1.0547265455370758 1.0704752070091281
101 1010 -0.9872362625540647 -0.2169147591052399 0.12569066717086697 0.580213427136915 0.04094537866841655 0.2926812194189065 0.5698766194979114 0.6970863478743825 0.8455255529269273 1.0247432433495283 1.1711750022074818 1.280717088390559 1.3737239643049912 1.5613953983799067
201 2010 -0.9999716063875376 -0.2317500667060347 0.08953183325292849 0.5583719092301509 0.0031535455364477953 0.22593425779502008 0.2926560803376896 0.39581591821937046 0.5178051638053518 0.9887976683549327 1.1133760773386898 1.3878468097572114 1.565992556784481 1.6860383098777179
301 3010 -0.9999963313004679 -0.19233283013943692 0.10296126873042964 0.6337005184107797 0.0016453537592745263 0.32923411919798673 0.5812738452640083 0.648174129433695 0.7450122747098217 0.985985483256533 1.1364727242126196 1.3898622456232042 1.4732847110385427 1.4874566834644056
401 4010 -0.9999970827346503 -0.314400615627925 0.13989890720332776 0.5549420141228043 0.001408515017373064 0.05011740585325567 0.41684936909977266 0.548597819642939 0.7068575828278804 0.7703680177182257 1.105784567072852 1.2217947414444836 1.4436611637803671 1.9052425875856773
501 5010 -0.9999976713105934 -0.4341328864706652 0.11412176435606237 0.7831320312451029 0.00044601188365506054 0.0015504450015471295 0.20253032828128925 0.4863098124989084 0.5041442702367253 0.7295806359688503 0.9496062136849038 1.1700979977255732 1.4298715138143459 2.149562385376594
530 5300 -0.9999976713105934 -0.4341328864706652 0.11412176435606237 0.7831320312451029 0.00044601188365506054 0.0015504450015471295 0.20253032828128925 0.4863098124989084 0.5041442702367253 0.7295806359688503 0.9496062136849038 1.1700979977255732 1.4298715138143459 2.149562385376594
