% # columns="iteration, evaluation, sigma, axis ratio, bestever, best, median, worst objective function value, further objective values of best", seed=48, Mon Jul  6 00:47:30 2020, <python>{}</python>
1 10 50 1.0000450010125153 4689.237894252292 4.6892378942522919e+03 24216.926355817017 50810.76635188083   
2 20 53.44695528736232 1.1270068172704815 3767.5874400894786 3.7675874400894786e+03 9366.976156450051 34784.67106182488   
3 30 52.38863466495801 1.2206247828587333 2691.386290497532 2.6913862904975322e+03 10893.068603624464 24762.636818535313   
101 1010 0.9741118977871726 7.122843518725773 406.63599255148864 4.0667844072900812e+02 406.81631278504926 406.9259869568004   
201 2010 0.939453602058535 16.425811260083826 402.8743494170552 4.0287434941705521e+02 403.0071341344076 403.12024432280316   
301 3010 0.8898664483425242 16.18877520596462 400.52916078814803 4.0052916078814803e+02 400.6043432857409 400.63157207265914   
401 4010 0.2350239885601298 46.199686013390924 400.0004985307614 4.0000049853076138e+02 400.00171485754606 400.0033107473666   
501 5010 0.0022569454877992274 54.360761517890154 400.00000000583924 4.0000000001306006e+02 400.00000002251164 400.00000003226785   
601 6010 1.6599643506568522e-05 52.61713978343697 400.00000000000006 4.0000000000000011e+02 400.00000000000017 400.00000000000034   
