% # columns="iteration, evaluation, sigma, axis ratio, bestever, best, median, worst objective function value, further objective values of best", seed=43, Mon Jul  6 00:48:53 2020, <python>{}</python>
1 10 50 1.0000450010125153 2520.209256336031 2.5202092563360311e+03 10718.166057619817 354688.2663040474   
2 20 48.360805024100294 1.1195245695948748 2520.209256336031 2.5230444578821789e+03 23258.679004299716 1536936.0518377528   
3 30 47.24544932697959 1.262691900956338 2481.913731450546 2.4819137314505460e+03 4129.1159417605195 770330.1100803398   
101 1010 0.03983023116475834 9.478119773342316 1767.7909428352255 1.7680351374771992e+03 1768.6772836898733 1769.3092850992794   
201 2010 0.01929016996210203 347.71032931142884 1766.5676752309025 1.7665676752309025e+03 1766.6161506056085 1766.6651484384984   
301 3010 0.0009107694722414837 1545.493104116674 1766.2255752989738 1.7662256163610850e+03 1766.2257856523188 1766.225981512041   
401 4010 0.00010232396097512425 9.688146217525837 1766.2254850626043 1.7662254850626043e+03 1766.2254858141769 1766.225486169228   
501 5010 1.2674932307391394e-05 212.65388343767077 1766.2254836049271 1.7662254836050765e+03 1766.2254836085149 1766.2254836112616   
587 5870 1.769460028610258e-07 1964.268911633233 1766.225483596293 1.7662254835962938e+03 1766.2254835962988 1766.2254835963035   
