% # columns="iteration, evaluation, void, void, void, xmean", seed=46, Mon Jul  6 00:58:12 2020, <python>{}</python> # scaling_of_variables: 1, typical_x: 0
1 14 0 0 0 30.666235801880234 -13.31396132370675 5.551128013873805 26.20615835772706 17.365059893745684 -1.197445299531394 5.531562089152641 -24.655925815626464 18.73176830120004 -6.2080957393557075 -23.77138141873128 -0.5680709315608325 -8.301404331217531 -14.313106107875535 -16.449663880534864 1.0252463403351784 5.272222528727645 -54.4965496511645 5.082179517531111 -18.416801704236747 -19.578590370249337 4.331763537821448 -15.726607306462599 30.807883506733123 -8.958439977962058 42.463502253307865 -4.3774749225033265 4.965780093862061 21.760227894706226 -43.85829480701517
2 28 0 0 0 6.462344491156525 16.32079949059523 10.25862981603465 29.089017360745043 10.385249232096797 -29.46512554856008 1.3452232689213242 -6.290078616769982 29.790678994943477 -8.02492579261196 -39.28860606066801 0.8487739679817277 2.493242344138716 -20.125473268728328 -11.43580739603757 -4.167831856380287 3.594979572856234 -56.62585747505583 29.246092292027065 -38.565839208762846 -5.80460417509499 -10.993895100428313 -2.051325410683983 54.12924842031963 1.8134884120330668 6.931412916799971 -12.835317971782006 2.7882975891434367 -39.67639369758832 -25.15885165405866
3 42 0 0 0 -10.803436822961679 29.03661703599889 12.120608722357517 30.39387491431393 -18.982677251194204 -29.012047872644274 -19.596173570852354 4.799232266553556 49.95367211396353 4.58142638025304 -32.584153545149846 6.826206624866725 12.41575682682965 -16.608353264557174 -2.7512762359497582 -9.191186748441092 10.706588162596892 -52.30275741622464 54.601711155774815 -68.21491004092528 -10.099782853184648 -26.9615359341403 -8.43089214952724 53.2350386762946 -27.765668668980787 -9.530704540240801 -29.08426728075444 -15.008623146392928 -60.450677441309296 -16.14889103007652
101 1414 0 0 0 -6.929266699637993 63.040764387758784 10.21254132431259 10.637016273673378 1.742114477929654 -38.21578538235677 29.250093654123898 -15.027003481310066 16.12491824333867 -4.845792921632601 -86.25181404273793 -23.778659851458244 -12.498747269852869 -53.68103024814606 -0.27690275573549883 -4.4181403542430635 -41.456255190118824 -65.87849137516153 107.36933690816308 -63.665615117603835 -28.16774709997 -1.072264011902753 -77.50627227993797 47.95721248130146 -41.3647315122635 14.674483980634294 -44.832401234585085 -14.99590801473643 -20.97220155481686 17.34086643194539
201 2814 0 0 0 -6.937896689497007 62.99498964854225 10.232201900173866 10.462185687331214 1.6470085946559956 -38.234884466419956 29.26329594644981 -14.951104211218693 16.106839770105804 -4.895207465659909 -86.09566366786689 -23.72537834812615 -12.494000575699614 -53.6159168930732 -0.2752918040316218 -4.404161345504439 -41.49955577910612 -65.86920275040495 107.32142230668514 -63.64911101886887 -28.21045098946969 -1.0467729579128662 -77.314032557517 47.96348096675156 -41.404089453216116 14.6655192642052 -44.794286141512984 -14.994240124505508 -20.886154372844675 17.471858070293592
301 4214 0 0 0 -7.126073167680121 62.470213513831474 10.53695240176859 7.014972829729411 0.26553156399542743 -38.13454453571396 28.922354938871415 -13.89912413099819 15.695646256648963 -5.657271103048786 -83.27395602003806 -23.222456715804665 -12.349969280757252 -51.87501866924178 -0.2565607493203052 -4.613133800766587 -42.883516190403746 -65.3858854490656 106.47185678439978 -63.1101838820346 -28.818328510589204 -0.49865404301154664 -74.37087700257757 48.12594575000413 -41.93103557403196 14.446765411419374 -44.026854606876185 -14.96441694117751 -19.652923184117164 20.020218304375945
401 5614 0 0 0 -7.917222141895725 56.91171270604805 11.795173787598625 -19.287034740293752 -10.384297064804315 -38.788255502275945 24.970841624562336 -5.752531065290742 13.663416146534713 -13.05915230502022 -60.75376550787803 -18.79800958726342 -11.736631429555965 -39.17006585368522 -0.16126604915295642 -7.21250516241269 -52.06915917571762 -61.726792223940215 100.28770071787154 -60.07888392706215 -33.49490812418159 3.5456390651098753 -50.150849925817774 48.79133889031998 -46.08050103960604 13.52884352199569 -37.11701376608684 -14.828363491674018 -8.816856131449148 38.13765809365692
501 7014 0 0 0 -9.554169383811402 47.89071279081469 13.593804930175482 -60.35238530146907 -27.652834188411152 -39.22090421628097 19.593334322650175 6.8216413667495575 9.613446860472704 -25.057271218731024 -26.401906552815916 -13.061476233860576 -10.476673845805841 -18.954797310825455 0.0193322226298016 -11.141303133616772 -65.32113892751303 -55.74530904046143 91.53527257360994 -55.013603274865716 -40.51412698148034 11.032246324300743 -11.752360530278152 50.183964252904204 -52.99194085277707 11.63797747986828 -24.77493708875695 -14.546677800497436 8.188037003110683 66.3660989240979
601 8414 0 0 0 -9.748258517214262 46.46753022961284 13.934771754576506 -67.3378362015032 -30.628526494525865 -39.32805629782442 18.65253922450544 8.977448158642275 8.965848782418593 -27.11318079518222 -20.510398343272783 -11.992755466708257 -10.32708073883242 -15.531449876573028 0.042650805995676326 -11.79915317502885 -67.59435058794543 -54.77339547453762 90.0471919532964 -54.19356860634959 -41.791746706464565 12.272749047594573 -5.355894786499068 50.34669495672556 -54.19483761344083 11.414220181583827 -22.752044544771557 -14.51281545933995 11.036700823408347 71.11898412297366
701 9814 0 0 0 -9.14083851426332 46.55229243451342 14.150309973829092 -67.3584768250274 -30.562536556053978 -39.083236340755285 18.661782598707735 9.044129560113246 8.97522765355841 -27.399033567667257 -20.091656838836137 -11.929665532788798 -10.795484450704011 -15.240041035099324 -0.026186265765513358 -11.676393108821902 -67.694157961607 -54.69932373590662 89.9959872296307 -54.21652751871289 -41.74143570330989 12.533041695435541 -5.4659709818465725 49.831149214363954 -54.375965414859294 12.117457995615593 -23.005329339512585 -14.617506435305758 10.904580275901594 70.80437228772671
801 11214 0 0 0 -0.8289788587246346 47.9341290723343 16.74024864383084 -67.89045278945322 -28.475586345755133 -36.380193854377765 18.594736665647716 10.986575827355866 9.172091587309273 -30.005828727085568 -16.389074296745335 -12.357034431732657 -17.202243050648494 -12.66638776495157 -0.9700309362219385 -10.585177035367725 -67.91506664255829 -54.33224970644527 90.01363809584204 -55.918453519674145 -41.80898445536486 15.989459003577624 -7.520384658610234 42.78415077870241 -57.399184147813266 21.730970304464396 -27.362673452825604 -16.037808083664213 9.847985434145276 66.02427708642618
901 12614 0 0 0 5.838705980245143 48.19167266382938 18.524295889694383 -69.99477236768195 -28.0439203826064 -33.916130015791914 17.82685095539197 12.909903841848598 9.629674557162536 -32.62122492483828 -11.372169567286024 -12.235722528678282 -22.336713747924104 -9.222742882817663 -1.7212419280154099 -9.989398925105917 -68.34174257083359 -53.230096767369645 89.5606314569342 -57.22394110581358 -42.250632794487494 19.245462584083842 -7.332544792326205 37.131277069032365 -60.2539847691409 29.43969418773631 -29.567387388227022 -17.179230976944428 9.673013612130534 63.14745422983628
1001 14014 0 0 0 5.451541525821009 46.93217066286611 18.334249330400006 -70.33526360195175 -27.389311502871568 -34.4244847237139 20.485582820888443 12.692982891222856 8.228190826158366 -32.03324033701864 -11.473384026211418 -11.927981335815934 -22.038483587610003 -10.51252052897971 -1.6778736371734562 -9.627764507275796 -68.81297628703064 -52.719171454759795 88.78360864949589 -55.976767515322855 -41.61928512500349 20.086334785601625 -6.866525205016816 37.460393747319635 -59.69656259712481 28.99200263483978 -30.231314783132454 -17.113303183874486 7.725699909464704 61.814088019758444
1101 15414 0 0 0 5.3590432182420935 43.48004543882204 17.55880855321329 -72.66898542426948 -24.676937400999144 -35.56571192914639 29.41908837892596 13.52436931428186 3.995964284440462 -31.442670006759727 -8.855018364633327 -11.553791571484958 -21.967230872652404 -12.281513688384202 -1.6671742258271498 -8.277313956301308 -70.97230140012003 -50.28753053830745 85.5629647614276 -52.35216110738939 -40.79879388803134 24.484331552601507 -4.647414643576151 37.537261667877786 -59.17078540745499 28.88673762151239 -32.84247866971535 -17.097699863950726 0.8059046269846097 57.499684865294675
1201 16814 0 0 0 4.969091182928134 41.3172230933975 17.276355287358907 -73.5838418508675 -22.704635436178503 -35.84063863123527 36.12825939809021 13.747252773093962 2.209582197175505 -31.4889522567063 -7.426196270025487 -12.106927463447077 -21.666130711536784 -12.287116250231186 -1.6225330360953112 -6.027957187016022 -71.75474851394083 -49.33070199379317 84.48923083002212 -49.4540012834865 -39.788796751013265 27.929057866405117 -4.568152096263787 37.868081374051805 -58.60662489968078 28.43440027096114 -33.92827992233917 -17.031022772509463 -2.878074802718192 53.07209382081197
1301 18214 0 0 0 4.66901197632171 39.12725255600644 19.617073147225828 -77.82631494391494 -22.853651037678137 -32.195204554826695 39.073041448313894 15.189494506307271 5.455111244131377 -35.77650510590644 -4.456918307415156 -15.998280715508606 -21.435474604000706 -3.3950101364040073 -1.5885519234307164 -1.335798464404271 -73.46661844000238 -49.88557275828712 87.28579083649205 -46.84377623352276 -38.753673419760155 34.11923629208913 -5.350388815155053 38.12318101406333 -59.012829325900725 28.087363573571377 -31.53181454103633 -16.979093933694823 1.9192223936022446 49.319314461606446
1401 19614 0 0 0 4.382066094763004 37.939586176420754 20.565999159028877 -81.02504972368908 -21.89223899807578 -30.965629339061415 43.68357690292838 15.28445934543731 3.9045230022475326 -36.79753439550577 -3.6989571045008365 -17.133849984899637 -21.214521808287284 0.8587690697598201 -1.5566725612978958 1.025619353976435 -75.9151138022963 -49.398322853856236 87.61783089417332 -43.58394609739749 -37.768989551097924 37.268842954175014 -5.56312572871773 38.36644592848713 -59.96602567713384 27.755375879258334 -31.273889873608535 -16.9304304971445 2.4905560282915298 49.64964593310589
1501 21014 0 0 0 4.711246423070305 37.29283625320716 23.202222271747168 -82.20263150818539 -15.044038846570915 -28.43307981834312 54.92835992903338 12.095467439300185 -1.9733054202591933 -35.253977352376175 -9.849349899915318 -17.533111196706916 -21.46830003480984 8.80696629882572 -1.5937572797485675 5.978021171700042 -82.68198877555089 -48.076911992704815 89.34328427752017 -34.63882946452247 -34.52897775033428 40.64936962887304 -12.472904408151772 38.087310241466646 -62.18831676776809 28.136234501122615 -33.03976810432628 -16.986306519326845 0.029052108362987713 52.58027893780405
1601 22414 0 0 0 4.812808151771323 35.74846290369086 24.229993761806806 -83.54315205484852 -13.977699671977925 -29.320222890874703 54.159669660446625 11.165232931768777 0.6941903034614572 -36.507073368634174 -10.905459244372611 -13.433136072669624 -21.54642372674671 10.345988073934123 -1.6051402589565305 6.330707297560237 -83.71698275362391 -47.01855373298836 89.74775756515925 -33.7353702439256 -34.87758618866762 40.16053521552737 -11.199447661905738 38.00086950941637 -60.98207221882858 28.253923776469776 -30.808446686418808 -17.003776704828525 1.413945355135239 52.338765445220865
1701 23814 0 0 0 4.863974891209464 34.56194797535829 23.87231124567742 -87.7777390932876 -12.20673766780086 -31.61204973122976 54.26329601052909 12.339446623689955 1.427563656575135 -38.23307630616974 -12.327159204499752 -12.853228483834163 -21.585868357051847 11.98716013456343 -1.6108643369072888 5.382608288940699 -83.78614785946344 -45.14793123824652 90.7231038546026 -33.925976754508284 -35.407338057115204 39.20830031137477 -7.726088534049664 37.957757492844515 -59.64036279251807 28.31262771295722 -28.407942295661567 -17.01253214094275 2.5160091772887836 53.77061782166922
1801 25214 0 0 0 5.013586806262717 34.4179853201845 23.097754766477895 -92.17208341134906 -11.609131127302943 -31.75080615398484 54.48205741260065 12.889539584847363 3.032215274499153 -37.786691601896145 -14.265638144728792 -13.501600297151906 -21.70100322049111 15.83656440121166 -1.6279059436675827 4.608495286128962 -83.77100105601342 -41.72376754565193 91.07280248218919 -33.90614644372015 -33.53231049809907 40.429037056539975 -5.4657998902405085 37.831210958247794 -58.817033889416905 28.485234222776118 -27.499027316353835 -17.038173662916115 1.0988228711606323 55.74710074527245
1901 26614 0 0 0 4.991902184924571 34.91201244227812 21.863032093498784 -97.7514100584234 -12.591023885741883 -31.31050663302919 58.35313545237021 12.749692954474435 6.012188478805629 -36.18552872368913 -17.178424373019205 -13.629997821300353 -21.684501256012513 21.493842043593514 -1.6254244207244075 4.786225569028301 -83.15876954573082 -38.72853233911912 90.93322052744216 -31.763311569385706 -33.201074574357406 42.65393030740153 -5.128619596676003 37.84913009818022 -58.62785027443992 28.460951532935706 -25.952753874536054 -17.034636943726845 0.4923353648799819 57.04319442239987
2001 28014 0 0 0 4.953601552931331 35.534546167986 21.179065769987464 -104.76566986976087 -13.18361569934087 -31.431419207867382 59.95329494740425 11.788938386495007 9.55841804461345 -34.56789986482608 -19.162804791901173 -14.3796116432365 -21.6546176733202 24.205315824756916 -1.6209818756753651 4.795905016648386 -82.94184078828569 -35.079958333351016 90.42206022019363 -29.06972219577878 -36.20515404957059 41.64754285218769 -4.414716337523946 37.88164772931627 -59.5011908104192 28.41634030179357 -26.34099392018582 -17.028061346936045 -0.5274133244806348 58.38721620118578
2101 29414 0 0 0 4.9712040304064615 35.59797795078417 20.238549043037878 -142.28021934565626 -12.596190379831546 -31.90598682168416 70.48458071729632 10.373274610907881 23.875693552618902 -29.517631798708173 -30.499524432579065 -15.092968266610487 -21.668807260155972 43.34816592231417 -1.6231178849072139 5.093897246801757 -83.43273564687694 -15.605695411557685 88.96174200607199 -13.881384080950516 -48.0654334454178 41.379135675827904 2.929141904302725 37.86678155915453 -60.23298242174813 28.436914162348376 -22.571252528559942 -17.0310019780005 -2.4412876027376638 68.62829581177442
2201 30814 0 0 0 4.964483661776624 35.30848425625127 20.887925750826362 -144.00075017027586 -12.635014127896849 -31.5097718498302 74.19061452632032 11.283213113712373 23.87018177983544 -30.376106332063348 -30.38343215559581 -14.6478724877738 -21.663319020433654 46.491913844068854 -1.622324905761849 4.90706338235452 -83.28889028739961 -13.23547526441334 89.86244156956946 -11.175611432190113 -49.45457571370381 43.70471149484419 4.018669567642115 37.8724609309927 -59.419732250255706 28.429055363765652 -20.371665714845893 -17.02982816572462 -2.2363889131833234 70.1479601329869
2301 32214 0 0 0 5.02940016966446 34.94315449382205 25.559521197143745 -143.173163252539 -13.209679297772567 -31.17005826991782 77.49314755473539 12.313964752359798 25.001318282933035 -30.22755419716898 -33.8477562433809 -14.469465057267616 -21.71340097979183 50.61557749984433 -1.6294876592095782 5.137361047028515 -83.73877507176131 -2.272011778246048 90.52435097001995 -8.109591793868178 -46.18153852265818 50.350343690105255 12.134862115628463 37.817559286374205 -58.75573579049712 28.504258732451106 -10.316590323491333 -17.040763182700076 2.43947442000067 72.93945607616378
2401 33614 0 0 0 4.915472278814453 35.74763414292289 37.608110513168334 -144.2043568405062 -13.286884547978707 -31.569047308451715 94.18786080066423 12.948491443128368 30.37904704731531 -26.641471776944986 -45.05634319525269 -14.449305194567632 -21.625818210656096 73.35562590080848 -1.61668674657334 4.498654747921306 -83.96248055177344 38.32161271516537 90.85347604605091 6.652994033844095 -36.98175045282852 76.6544069462071 36.53034653454153 37.913919241231106 -59.56142301977842 28.37249794294063 26.017804908853392 -17.021110427729752 13.330896291024922 83.07704133753893
2501 35014 0 0 0 4.973050846170683 35.721047559795224 36.67526862535263 -142.89397300358252 -12.79397544413065 -31.556946837107727 93.30305376582159 11.401257673648809 30.131378353696665 -25.935601350523726 -42.99260795048817 -14.89268605077666 -21.6699604988777 74.27526624473509 -1.6233705937401233 4.887985548635955 -83.49725553242162 38.15217086662986 89.97906663520253 8.23622345187628 -37.88893281338478 75.34394488273861 35.98742627462057 37.86524865296059 -59.602130640018 28.43891380971569 24.985301779181405 -17.031167984818612 12.68165979777203 83.62260592301138
2601 36414 0 0 0 5.0165400590819305 35.524049397893336 33.44853838523697 -141.18087943755933 -12.83047932238953 -31.497325277262988 91.16767414531894 11.540139390296032 29.404703001032264 -25.431467222021375 -41.74636596160818 -14.850391892880982 -21.703411372857012 75.59303083949595 -1.6281566247535673 4.944043870659824 -83.47484563042111 36.021954120912405 89.8898014293909 6.045288748978999 -40.774685731719025 70.82910538634522 34.536503942891756 37.82844817222754 -59.548498870559264 28.489065099019683 18.585563390333927 -17.0386810361524 10.443606119668948 83.84126681904151
2701 37814 0 0 0 4.987391110046825 35.531273002211805 29.6214462108822 -140.95322140982498 -12.847865879575028 -31.591804154442343 89.92427427427775 11.554055884626303 27.021616084237206 -25.016542022952404 -40.594234947375135 -14.76052021255473 -21.680957137262975 76.79630639845948 -1.6248652168984512 4.806298401276813 -83.5176456133509 32.99106498149994 89.85115008289078 2.8508344181943173 -41.09280903015827 65.47216412703769 33.91716837993624 37.85312303500147 -59.5246630775769 28.455475810372693 13.039234597131022 -17.033610686591413 9.422671632195543 82.81553665910471
2801 39214 0 0 0 4.962422617213133 35.59101198278864 28.48899836888863 -141.05040946281713 -12.906062767935726 -31.495257261802188 89.04272865491453 11.3883829860986 25.32831035880355 -23.855412247684825 -39.88946455144542 -14.753256192291586 -21.66174951900655 76.91334094028636 -1.6220491951798555 4.966222897919924 -83.45180090123067 33.30028435446106 89.97618342047323 1.3498314513673244 -40.976393876501916 61.471174517017694 33.98221484404919 37.874238928621594 -59.589287053932196 28.426600723030248 11.018218087803398 -17.02940004117162 9.207352971296299 82.1065278609063
2901 40614 0 0 0 4.9422405493322 35.662574246806585 31.594900882956267 -140.62714790431127 -12.7498676681856 -31.637558988704566 87.61467002910693 11.415815106414895 24.5130213508187 -18.350194152244875 -38.87360439504025 -14.582300490026164 -21.646272379395057 76.28591723387882 -1.6198600107162553 4.8746031695772265 -83.42564148024546 40.38569009852484 90.09153818571703 1.5353127019779982 -41.46120814654181 53.346483412100135 33.02984712006723 37.89144985877193 -59.4994964597345 28.403253313977434 14.267440461548032 -17.026018040102134 8.499455521993815 81.90200287359859
3001 42014 0 0 0 4.991778178092873 35.61470287655467 31.92852963686057 -140.80473725868558 -12.774992032625981 -31.4926198022206 88.0592810698147 11.504406544426628 24.860618865696036 -18.13705980298254 -39.02756529686707 -14.703402427601832 -21.684302994943756 76.51912863227966 -1.625368637859533 4.928035693793614 -83.45611498788308 41.19371830851009 89.98223516125803 1.87995182696617 -41.40001890929383 53.77480081998965 32.92184780734412 37.84937271362455 -59.615172677417526 28.460548915258897 15.12339976505007 -17.034450472302076 8.60341133746208 81.95496138273002
3101 43414 0 0 0 4.991686385226105 35.61390842090484 31.93069504626669 -140.8069989351814 -12.774695653943096 -31.49124830049773 88.06062906830573 11.505041126082796 24.8613447846011 -18.137171538515723 -39.030166171220124 -14.70323641272146 -21.684233659853685 76.52079422338659 -1.6253593679139091 4.928540434126608 -83.45644842350657 41.19818870903079 89.98231376885062 1.882569202778415 -41.39693558163937 53.778207556199845 32.92488830373307 37.84945213170738 -59.61386844275429 28.460442865593023 15.128798999899708 -17.034434974873133 8.605277841150688 81.95709784488707
3201 44814 0 0 0 4.991676675084471 35.61397965432571 31.930710147386797 -140.80706213105964 -12.774589914575973 -31.491268858793873 88.06097974296775 11.505122969257673 24.861434627821197 -18.137594857380442 -39.03033076857622 -14.703376161760756 -21.6842262282839 76.5208897207473 -1.6253582378427933 4.928466681844286 -83.45652976245931 41.19755339392941 89.98228070373594 1.8828513990589713 -41.39663557650728 53.77907310826322 32.92464361714312 37.84946041393889 -59.61393965204399 28.460431725335518 15.128977516462035 -17.034433384298385 8.605402005653644 81.9570983537553
3301 46214 0 0 0 4.991676564634429 35.613980152281265 31.930716970289616 -140.80705937982748 -12.774589300069685 -31.491267824741367 88.06097341742166 11.505121004738891 24.86143872327502 -18.137591723846274 -39.03032753244011 -14.703377015920571 -21.684226142846832 76.52088415965869 -1.6253582249738479 4.928467861993177 -83.45652862552735 41.197557275387695 89.98228096121817 1.8828555708543977 -41.396641521273885 53.77906858722874 32.9246433409103 37.849460506129454 -59.61393785201499 28.460431599287933 15.128979244330193 -17.034433363765785 8.605399827011562 81.9570972976969
3401 47614 0 0 0 4.991676563921708 35.61398014707566 31.930716967115977 -140.80705938669166 -12.774589299880178 -31.49126782381678 88.06097342257281 11.505121006880552 24.861438732786606 -18.137591735210158 -39.03032753448404 -14.703377016479857 -21.684226142294172 76.52088415964008 -1.6253582248853384 4.928467866326212 -83.45652862807096 41.19755727299642 89.98228096434605 1.8828555685131618 -41.39664153057699 53.779068593210454 32.92464334152937 37.84946050672651 -59.61393785235993 28.46043159846565 15.128979242561888 -17.034433363637568 8.60539983054399 81.95709729176033
3452 48328 0 0 0 4.991676563928061 35.61398014721182 31.930716966981723 -140.80705938654202 -12.774589299922471 -31.49126782412014 88.06097342242798 11.505121006776818 24.861438732570594 -18.13759173527635 -39.03032753414893 -14.703377016396248 -21.68422614229898 76.52088415917724 -1.6253582248860798 4.9284678663284565 -83.45652862807277 41.19755727246785 89.9822809643512 1.882855568320899 -41.396641530851795 53.7790685930399 32.924643341457795 37.84946050672065 -59.61393785242233 28.460431598473022 15.12897924208743 -17.034433363638477 8.60539983043618 81.95709729165675
