% # columns="iter, evals, sigma, 0, fitness, xbest" seed=44, Mon Jul  6 00:51:23 2020, <python>{}</python>
1 14 47.4355291389029 0 22716573000.514088 -56.70420812378877 74.45552310562306 -8.36298238076771 52.73628313328452 49.11880290842448 42.58484062955626 42.375530822892685 49.484789938809016 98.97635639063962 21.52072890918852 24.821106406824537 -97.85396038843663 -30.02372609970891 -60.25011879952091 15.471729694669389 35.99019392543315 28.232253164795324 -67.74474625487964 61.81747082860799 30.92981299578662 -0.24350984086127242 -56.93314731843887 6.64208193530987 24.239746824326733 55.79472128822979 -39.32229678324756 -18.36041237806505 -38.63512115391946 17.322602571078267 -6.793851165824008
2 28 45.862245816427816 0 897594580.3463525 -74.68517773093095 -20.453926732289993 27.913953940709476 28.7206183436843 40.295860577217255 39.29331129301012 98.93298734735852 -56.72482898155748 39.78117953369878 44.17735971122203 -13.87259350646113 14.037690455208704 15.633722349217528 8.539252354196375 21.401874347406228 -74.0655272175799 -1.2445024778353657 -63.8743920530675 29.218290125623668 21.395480988772118 85.08574793963074 -13.026159528406728 63.65173080483032 63.85997962434216 18.831156156516656 58.99432037359415 53.84341793783395 41.37940818145701 64.94418676611757 -96.22420463334761
3 42 44.85311243672582 0 699497428.2225982 -79.84909813307418 67.75820134184237 44.0121644096936 -59.75587237234562 32.11635952872077 73.45470976101217 69.93702184942886 49.241231637792396 -10.67876605469678 88.33809042712417 8.007468144492481 -63.17988276990431 -58.471470489699975 -57.12837268610017 -76.58565748269098 13.347623888979161 -17.90840237262254 8.756161842784586 31.741982859442288 -66.47358760596767 22.638416019422998 16.240186889210364 47.86660261229234 51.62213437891209 10.868321206083685 -66.5075695061457 35.14850687208258 37.939832704982194 76.67190299850392 -99.01887667795717
101 1414 20.450767512953913 0 1101864.4579013516 42.37001302474556 -6.8819724722874716 54.71846130678642 -66.04392185830821 45.09103284211571 6.8028660320138385 34.9542271779184 -2.798732626039751 1.9836428892260791 -40.615107139107025 -41.90311500257397 -36.481897851303174 -41.673745242696036 50.259178036876484 -99.94052058389325 88.34758692298567 -69.30451945387438 -77.14693399725996 58.5846570286931 -62.1542710971321 98.70533557053452 -17.610419647584738 2.963991876687345 63.73915942083087 84.80544086067496 -86.43078673836136 -7.7244341782356685 20.680546329607697 92.34422585060861 94.9249094099518
201 2814 23.36373233765887 0 336465.98422847467 -74.77783529407235 -67.93327005883103 61.92168488973395 70.52001817853906 14.345669905430867 -49.09707211629839 6.821678406949887 -1.8259243086987489 -83.14095139812925 -9.165923814265028 -2.1413677103405746 -72.42328353365167 -32.45599869330784 -23.55880929812418 -99.74389327139484 95.86357096133793 -61.188156707520704 -33.901156565659505 -36.92371534568878 -66.14689872646235 54.09328063961229 -99.95874605409716 -3.0002227377376585 -39.42034092356187 38.414721006837084 -43.00580823493288 15.277294842856975 44.29271275512575 59.314976399998 -1.691903975994677
301 4214 11.105726896659828 0 7384255.32834801 -81.64579391812426 -67.94282374498924 8.653270076495316 97.47623097714572 -40.250790958982606 8.56650110816716 83.65893489112813 95.33970973435113 -92.736477145245 80.91559101683673 99.28583789706116 -65.2008103679142 -28.084409012442023 -35.10025920595547 -57.94550072958294 62.86324193401565 -96.8910846489913 -79.04499966959324 -78.9230820912272 15.079432218735528 70.06004917798586 -59.55257613595684 -70.63401208624427 -0.5416413419794708 3.3713915091672106 -14.44792412263355 -83.87379421652193 -84.50387595547488 -19.353342264767747 0.8402532677151271
401 5614 3.795302084361529 0 303619.71655733837 -51.02384693622983 -77.29380242783715 15.691819422526306 68.36190447027062 -34.51197750211372 -19.336656891648317 74.02080569056392 42.324454194916875 -80.65559214871844 80.9285420603904 99.95785507177425 -54.679645149832446 17.972033872775228 -65.48468457744181 -34.120215065486605 73.43013295824684 -99.97952765390845 -76.14189311043377 -98.7178079830997 11.145548530664476 99.58120384160341 -74.52284814154179 -16.426833602954076 -12.820646056062117 -7.15847260117539 15.858308337557558 -34.004848145810925 -68.57743912584249 -90.34914604486518 13.65914696711883
501 7014 6.628388030450488 0 218481.32863519705 -28.658019124349153 -97.88580465210406 17.184989516716605 28.50043766229905 -49.96596657537336 -17.62090854142815 78.99642292996629 56.46372968010359 -34.22321545229005 48.41155481946048 99.99849394385679 -21.48113955201984 -22.051249010268947 4.096929184206049 -14.260465486299747 40.41287129322157 -75.07864513298134 -11.356347045261305 -99.9890374313979 -57.840310018814364 38.14580909686326 -47.98600100478464 29.100772838147265 -12.897555882478855 24.134167404468485 47.01700010244922 -42.510503703288634 -94.33984871625803 -80.63618183052057 6.37055599366721
601 8414 4.354815934358806 0 110381.82866434376 -29.14557187291241 -44.715150529096576 33.2679165636171 47.09596923387929 -62.44531742283394 8.424608783966647 63.46650087959898 34.23484658341671 -48.73078164947046 12.74404554719277 99.72671213913317 10.340492147478875 -26.05734540782592 50.67143422395181 -3.115899143554439 32.28052609586094 -23.532386202781584 58.069335753074036 -55.03470662260432 -83.9018202108186 -19.691116013782853 -3.0135391110308354 18.002806875501165 7.188957859462448 20.50202913932995 79.56079938855925 -75.22663104750238 -83.7489879758678 -77.70134719402253 -24.07159704345517
701 9814 7.450442269763771 0 42061.63492782827 -28.630281521416087 33.50591436598438 33.868265065030585 23.413074093357352 -36.50421786795181 -3.4457524646839772 5.923929801562053 -0.6538607714438722 -46.30420875777055 15.088351607988399 99.59437403392755 9.279631435152758 -16.112911714000177 51.234354456109386 29.956395471335643 50.50356449571435 27.257999952411982 42.01322467438742 -20.985188467767898 -85.03010089165045 2.3949187769828653 43.15255551355438 23.737220827280424 45.743685388487904 -40.035254642624295 20.986025690452454 -66.05738252708862 -73.6704722507366 -11.534288533722266 -80.92930448699272
801 11214 4.548258200677552 0 18959.66825319946 -48.83311856076092 31.26754549132204 46.36261527566412 11.056769281763593 -60.66006503679952 11.269857650266715 8.820174323971088 -8.86857423293035 -45.38466625288512 -33.96751165586744 97.41400731195667 13.294066202223599 -27.281716472608338 61.650247992204555 66.89603063584677 35.67338931631804 25.74961347911279 78.5863739364535 28.517391254866766 -78.87711990949062 -0.9777560792122024 30.68567348317413 36.356702032611594 8.549657147540415 -31.921288008167835 -30.26278920869843 -79.53656368297645 -67.46721686370336 43.43966249503219 -78.19045436922602
901 12614 2.5798030539993104 0 12600.11535641351 -62.404966738642436 5.569306625895365 35.189059433920406 0.6160751425723276 -54.39684271631958 6.988003279382298 1.3819713058243224 -0.6741133897054017 -56.41769419983615 -49.07700852085706 83.8033376387328 14.36118649883418 -14.55402338240637 37.07844224116247 55.34576243896087 26.972010611341883 34.045269075822745 76.83461792446684 15.940902858580642 -70.45717928892863 1.8277969796387041 30.956225933625667 20.041357362551224 9.115407348014799 -41.03057183816324 -33.10020958537174 -68.61722061942322 -53.11638750950857 56.803312455989754 -69.50916905998145
1001 14014 5.472475888065436 0 4568.1389416874235 -55.02732081466054 -1.4123671311602948 24.710166854344983 -1.1856331977590742 -48.71290879136612 6.81586406654236 7.479774289274786 -0.3675003543446995 -70.013550423854 -57.97073192070129 28.392205471079713 7.676969625065976 -18.86055519544442 45.160689539321936 40.25971118060771 21.046392266379428 32.76836099680667 78.86970518124093 30.947425061433535 -72.65643231378513 -5.936489143504579 35.51052678497657 36.542151955724506 16.66905465176478 -40.49267026917869 -36.58490285326908 -61.39507261381263 -54.638609679364095 53.27142574330729 -66.19419655131014
1101 15414 0.9308754506253816 0 330.31173112522833 -56.357908407080124 4.62165135189781 33.91940126744886 7.468721991102257 -47.214175169420145 6.801096085086584 6.174834452882095 -1.2277623375061217 -60.54601254255188 -47.320613194257845 -21.85535686015362 12.023397029008342 -12.890130379870897 45.84941342353747 60.97052937962483 35.62841118929221 31.88286586865233 78.89779737021875 22.552594441197925 -73.81930384191595 -4.6198108386694505 34.02808625813627 38.116348764488805 12.699574400637403 -36.996882377127775 -33.38306255583916 -59.983947095446666 -53.31230033131544 64.58089244671251 -66.22215450319533
1201 16814 0.029145031726949513 0 300.0248182365453 -55.91082189885585 4.51472351806504 35.28151929730737 8.253909195846603 -47.43679350761212 7.321644987476446 6.394963569052095 -2.491568333986318 -61.03333943634913 -47.145297797116406 -21.136441186634592 12.502039007853874 -13.22032285129552 46.11560470816342 61.00869524491904 34.87309082909505 32.649703788295284 77.77042946104412 22.210972763164165 -74.13312147101439 -6.212578412613738 33.09741178482914 36.810208555331826 11.391264928843896 -37.03853158113117 -32.99159463667467 -60.286344374193305 -53.88838812009092 63.54102410305088 -66.07205816541847
1301 18214 0.0014319075135728573 0 300.00002979060235 -55.93931365792846 4.544079226834469 35.29876739535851 8.278261440633912 -47.435977660032535 7.302340054569214 6.387766571702116 -2.4980931412271064 -61.05416776528427 -47.133468574841444 -21.076320986788712 12.479398302163773 -13.239458567622478 46.10865649944635 61.01351404100304 34.82555512979873 32.648180166903316 77.81664245910844 22.19702010153395 -74.08488171922436 -6.174945779374186 33.084866139774974 36.78553717617643 11.411986202869798 -37.033557651881324 -32.989971636518995 -60.283644828354745 -53.88867377747127 63.539692720737904 -66.10786076310004
1401 19614 4.749848920076938e-05 0 300.0000000326076 -55.9382671037199 4.543095506017579 35.30006792342894 8.279469650899898 -47.436936082041456 7.302083083356109 6.38764635755453 -2.4978316089916075 -61.053544616170846 -47.13401818530555 -21.0762033418579 12.479708144149951 -13.239363057258487 46.108197208218414 61.014762872893115 34.8255322580032 32.648197845978 77.81657935991728 22.195936691705185 -74.08379285600755 -6.176426435043983 33.08362467321619 36.785392600783865 11.412093339069486 -37.034180292813716 -32.98985435915911 -60.28286211065948 -53.88810029246713 63.54101416982694 -66.1082145128963
1501 21014 1.027415700363801e-06 0 300.00000000000716 -55.938326921983396 4.543065443703739 35.30006995745551 8.27944024313146 -47.43694290086066 7.302099701473196 6.3876660019666645 -2.4978314943390467 -61.05355744927445 -47.133997065580715 -21.076189667566794 12.479726182288159 -13.239358179665288 46.10822965048489 61.014745025159456 34.825528254192726 32.64817119820476 77.81651676547256 22.19586576164687 -74.08378422817579 -6.176410631866143 33.08364345538098 36.785352882560346 11.41208899069153 -37.03415238110222 -32.98984246650002 -60.28285154983102 -53.88805075515742 63.54101775361566 -66.10819455415864
1576 22064 9.519638760076274e-08 0 300.0000000000001 -55.938326617047764 4.543065374942415 35.30007019806802 8.279440849393126 -47.43694285470886 7.302099601987294 6.387665954573066 -2.497831540913615 -61.053557098877036 -47.13399628352111 -21.076189721873575 12.47972633897677 -13.239358090366323 46.1082296001741 61.01474534507195 34.8255280456458 32.64817141539996 77.81651684672791 22.195865798545242 -74.08378502637379 -6.176409566057321 33.08364284304523 36.78535209352421 11.412088053459172 -37.03415185606093 -32.98984249430901 -60.28285174427559 -53.88805018149563 63.54101817415001 -66.10819437095384
