% # columns="iteration, evaluation, sigma, axis ratio, bestever, best, median, worst objective function value, further objective values of best", seed=45, Mon Jul  6 00:48:06 2020, <python>{}</python>
1 10 48.617908061491185 1.0000450010125153 44380059.87589705 4.4380059875897050e+07 91134454.29160707 2828543548.6622972   
2 20 50.598597311389234 1.2068923534678253 6917.14439407134 6.9171443940713398e+03 47043505.22477738 903293815.7327136   
3 30 50.034556830845474 1.3352171792505632 2855.977615459276 2.8559776154592760e+03 98891321.12675293 1452453008.7641652   
101 1010 2.3000368038272665 29.726269729745923 1172.717651349508 1.1727176513495081e+03 1182.8370000289763 1208.6428885320117   
201 2010 0.72523044917482 44.224296956273506 1164.2043801231807 1.1642403198435024e+03 1164.4190544333287 1164.5393055710315   
301 3010 0.740665771807309 84.61262829431698 1161.8519805117692 1.1618519805117692e+03 1161.9531194064575 1162.0671358266661   
401 4010 0.050153257501225415 157.39796807366105 1161.6868530300035 1.1616868530300035e+03 1161.6869494633959 1161.6870739861367   
501 5010 5.869609457608035e-05 168.6441755194175 1161.6867960238508 1.1616867960238628e+03 1161.6867960238687 1161.6867960238915   
539 5390 6.0106770567560266e-06 201.41647130674863 1161.6867960238387 1.1616867960238387e+03 1161.6867960238387 1161.686796023839   
