% # columns="iteration, evaluation, sigma, axis ratio, bestever, best, median, worst objective function value, further objective values of best", seed=37, Mon Jul  6 15:07:19 2020, <python>{}</python>
1 10 51.25392112993972 1.0000450010125153 24196184036.471905 2.4196184036471905e+10 40638484117.29624 51360956830.15457   
2 20 50.08714762908342 1.2770757434521 19443964242.510193 1.9443964242510193e+10 38957753487.119804 88762743916.18594   
3 30 46.89373994910369 1.3166973412718348 8815886343.287842 8.8158863432878418e+09 35455954651.96208 55668271640.56972   
101 1010 0.1510306814585448 4.932163109070497 21761.025719604673 4.0189245706008995e+04 74129.03534963138 118582.42209209786   
201 2010 0.0002620785111629464 17.817976145860474 372.4511784424052 3.7245288338546874e+02 372.48012527641055 372.51407817202755   
301 3010 0.025874764743706227 505.0554044976912 307.43046447377515 3.2009130883312855e+02 349.8035530756656 378.10936877548926   
401 4010 0.0003785108826365406 2234.432703393104 100.000673910034 1.0000067391003400e+02 100.00184852499282 100.00382713301917   
501 5010 1.447953587680909e-07 1958.2216618646373 100.00000000001111 1.0000000000001111e+02 100.0000000000428 100.00000000008998   
545 5450 7.2680658475863346e-09 2077.472897420579 100.00000000000003 1.0000000000000003e+02 100.00000000000006 100.00000000000011   
