% # columns="iter, evals, sigma, 0, fitness, xbest" seed=37, Mon Jul  6 15:09:25 2020, <python>{}</python>
1 14 50 0 37632.91191184456 18.975587796450903 8.346946366572356 16.258304766242272 29.812361158035078 37.45176113227277 28.974843871832167 -42.156088069891744 -43.91926445158224 -9.39238994878719 14.869436164793706 41.29990313846375 26.758383498690787 43.30816927535684 -53.921828237747846 -47.04523981765731 -18.538321243204752 60.21651065182159 98.17267563141043 5.5782570286013 -82.15471721293868 -11.661179903559535 52.5815597300208 13.003626476581065 -0.7295464390793941 -29.522454470936584 26.324382443064614 20.982441551194437 2.171058180618001 -67.80558418691098 54.12641522803686
2 28 50.22216700136638 0 37874.710339394354 23.91294601468992 -4.95003918659846 93.15824834343785 6.435937561142111 63.86171086371491 -7.807841754610035 56.42541237040241 37.89970168324991 -14.142110760745613 -81.0624253495343 45.971141032228 70.82425509603263 1.0328160153704928 -64.6248906009026 -57.25138820383831 -6.831470465530558 18.859908023388304 -51.580498292005 10.56641772545591 21.89234316937757 -59.36662012152476 -96.03997418125672 -0.6673773912292713 30.732098692834498 -11.735076926589407 -91.40909015163024 20.43882995979477 -6.482448460445211 -31.03485872419474 39.75709897851812
3 42 51.73636589475535 0 42339.173696310056 -25.43699997311461 22.235102316150563 48.586097506533044 3.2305527560000673 5.314193353054339 60.55081972025465 99.17168623374965 51.30798217585455 -37.78003000833172 26.168078936815533 9.810347837331923 35.41455311622384 -21.841560325247634 -71.55116111011958 2.501360149435243 -46.66551883955914 37.92949053429251 -44.6324424110626 39.295188362587105 -35.335575435961935 4.251626241740119 30.251641116189077 49.057336381734785 -38.58794095860254 57.84995448082353 0.24701698318182963 40.68497135008648 -21.00248584320294 -23.02859780186908 23.71882887113534
101 1414 0.28900115220841177 0 957.9906918854139 -19.714837800844652 -1.8072467912157058 21.472122263900303 55.043491519789114 -20.796872887750972 -7.405274376991399 19.000356127170015 -5.578992117347043 -59.68147599642706 41.28162588111621 -20.335305959348958 -19.764008222660237 50.894221449323624 -62.50996323489079 -5.1183578217696635 -38.900720276379616 54.59519364608592 -7.4546631458774995 -56.58289304115204 20.51524169269161 -64.85830764703485 -57.33524087290209 50.238536880134994 -38.22996097214279 26.789068893417042 74.96204006229217 19.02816003930106 33.07153917679218 -75.6479402690943 21.13575858344242
201 2814 0.010651037861444335 0 936.9195035647605 -19.44375201048325 -1.7096996747555235 20.765482809382064 55.04233597115277 -21.241585876760546 -7.331532729251088 17.98043255938587 -6.03532048589375 -59.45231352080289 41.43643737375672 -20.233463993937324 -19.824793930372323 51.168047358528135 -62.43615471740995 -4.929330708457216 -39.070368088619325 54.86633322388921 -7.769538186832197 -57.65038069988098 21.56222492202112 -64.73681056298999 -57.57664447313216 48.92827322377026 -38.79859990078612 26.948332971393214 75.23939736413524 19.52232117905996 33.182125237542515 -75.69378338728623 21.34468377424215
301 4214 0.00844822807334598 0 936.7156503733328 -19.290194129792997 -1.7516668482790547 20.695177554067754 55.045986741756785 -21.008931161101533 -7.359507840444588 17.907247873625266 -6.059837991831752 -59.587026492864325 41.482312017093136 -20.077554953514927 -19.616471926636393 51.48971323240611 -62.46433288668098 -4.9679689162461695 -39.36166198067017 54.7813069889638 -7.829985918920126 -57.778116462974936 21.597321671329876 -64.62784405568854 -57.463542177599926 48.819295737760775 -39.22909040926291 26.99679753414556 75.21742322779818 19.48493984464755 33.154873956647634 -75.87380428720715 21.326564501709665
401 5614 0.0018246217837220773 0 936.6803830468738 -19.31979432063564 -1.7539177958495313 20.733182205437355 55.05302642919874 -21.044700577898787 -7.3520572152074255 17.9389989353263 -6.054579783243137 -59.662914147519 41.503767192263865 -20.12257196441878 -19.627145644034215 51.65058466858883 -62.460229127205395 -4.96353192694463 -39.322988317446125 54.7926408836866 -7.810642999690423 -57.7793035951834 21.572645975763646 -64.6723414993987 -57.40586177159175 48.83692697055175 -39.23259971130959 26.993457215049943 75.22719564902067 19.465103784130452 33.173121099557086 -75.82989144646058 21.353367703901768
501 7014 0.0006793113369972752 0 936.6774079095308 -19.376057095848587 -1.745010210257165 20.74921069878367 55.05288640944891 -21.051213951897054 -7.3336605568112905 17.968932512705386 -6.053623641766056 -59.66093587418443 41.4848829382035 -20.13042639840771 -19.609330730821142 51.646687959597614 -62.46194743206132 -4.960840931831412 -39.34516197748554 54.756741041630654 -7.792221608350004 -57.73013996128253 21.581367418151068 -64.69365960755346 -57.406901566871646 48.86088810970721 -39.24120104476759 26.989580195743237 75.22980893919308 19.465176913288285 33.16659505802763 -75.82229347389355 21.350577882016346
601 8414 5.477678754582371e-05 0 936.6773247801516 -19.385445011212152 -1.745149706754426 20.750789157948475 55.0523720295926 -21.04872423862118 -7.3322678716898 17.973004773778293 -6.055193977445816 -59.660761815268124 41.48366800519267 -20.1299360328793 -19.609430008747722 51.64790877580387 -62.461559919961644 -4.963175398967786 -39.34629435461599 54.759141257166476 -7.789587514735968 -57.72879783950518 21.581627565717575 -64.69305968442407 -57.40802491966785 48.86494040488141 -39.24272439723717 26.992516981133882 75.22676465114077 19.46667805443342 33.16523732279742 -75.81904607835999 21.350679370021233
701 9814 2.7156275429236353e-06 0 936.677324542737 -19.38527968975692 -1.745294070880088 20.750776396938704 55.052408727341074 -21.04851127920518 -7.332340994187458 17.97296378322173 -6.055203950719211 -59.6607792033394 41.48392008696291 -20.13010428890735 -19.609438745734593 51.64784603289079 -62.46158515614346 -4.963194201122595 -39.3461690790967 54.75931439805314 -7.789645280168202 -57.72888812998952 21.581625235773384 -64.69307555694373 -57.40795752381595 48.86497959308265 -39.24315132327986 26.992563335524032 75.22674070227984 19.466609391185987 33.16520294905591 -75.81902051332145 21.350678858018362
801 11214 1.4511367259282313e-07 0 936.6773245420025 -19.385285908290463 -1.7453013430877333 20.750778441767796 55.052410884395584 -21.048506463628037 -7.332332954255125 17.972967273961984 -6.0552030069130405 -59.66078233946032 41.48392900966135 -20.130110768308 -19.609431703695662 51.64784721843615 -62.46158774047092 -4.963192463709431 -39.346146695250425 54.75932616302038 -7.789643096584241 -57.728895016519985 21.581626544896174 -64.69307023464913 -57.40795112014418 48.864972221999864 -39.24314435030273 26.992561543966346 75.22674246831352 19.46660329205212 33.16519803807722 -75.81903534063765 21.350678196384685
818 11452 4.04498956923262e-08 0 936.6773245420018 -19.385286159658992 -1.745301390269597 20.750778580146193 55.05241094994422 -21.048506424752084 -7.332332839717069 17.972967339586045 -6.055203147919055 -59.66078225935504 41.48392885142934 -20.13011090373284 -19.60943159116718 51.64784695838862 -62.46158785918419 -4.963192536673218 -39.34614667296878 54.75932626110096 -7.789643020812401 -57.72889501349051 21.581626621756847 -64.69307031410122 -57.40795097400425 48.864972348852554 -39.243144155806775 26.992561366258922 75.22674232716278 19.466603049423163 33.16519784931982 -75.81903533390428 21.350678080448457
