% # columns="iter, evals, sigma, 0, fitness, xbest" seed=25, Sun Jul  5 15:54:24 2020, <python>{}</python>
1 14 47.38691062914223 0 21004.05798125102 -30.496750346691133 -84.87751704719149 63.43652841158839 13.811546559092077 -30.021978870826604 -59.04802956738324 -14.722367524282454 68.63581489258355 -60.47498264235902 8.910994644832165 36.96641409622557 -0.6822285151038281 -57.423635608521096 85.2549473430478 55.6292757461143 4.268834143750062 14.423604413270263 17.98607489958604 -27.382726651156332 55.68366869471172 73.24660655687266 -6.381534075209702 -0.7504141539831299 23.382702912349284 -27.22059870488181 1.000247186806582 35.28178615590852 -89.068662568055 -18.699263469161597 23.390714808976533
2 28 43.094228736782 0 16233.492468370521 -7.105427357601002e-15 0.0 0.0 0.0 0.0 0.0 0.0 0.0 -3.552713678800501e-15 -3.552713678800501e-15 7.105427357601002e-15 0.0 0.0 0.0 3.552713678800501e-15 1.7763568394002505e-15 1.7763568394002505e-15 0.0 8.881784197001252e-16 3.552713678800501e-15 0.0 0.0 0.0 8.881784197001252e-16 0.0 0.0 3.552713678800501e-15 -7.105427357601002e-15 0.0 1.7763568394002505e-15
3 42 42.37736701105181 0 15729.782593121798 -26.07943642328736 -51.53816119015243 45.506820688706725 -33.81226893112609 -26.23139224906894 -34.51154524670106 -92.87649172143811 28.646334374164027 -15.40325263893784 -42.12712917080245 54.38635515750721 -4.879669945040625 65.3200962037269 3.3432636324096663 3.2273501605622954 -21.750378554727945 -58.539012239359444 1.3274402182903993 -5.749452326882855 -25.116632662072668 30.841476279343755 -54.03728701372834 -25.105206053646352 -24.17754572784544 22.85940587647726 -37.25299378144299 46.681827227556596 -10.398500425470624 -44.92067094404728 -53.11384794635393
101 1414 0.5883776359140722 0 4729.802261762679 8.304561393977927 -82.54356788994883 35.56958035199389 2.998589737656153 -39.40821368692096 -41.16649123597668 3.05872735984894 -40.26815027758767 91.37013451990377 -68.49086476313182 -93.98721870796277 -0.46035238177435645 -40.13698516086126 75.6300882891891 -34.25548347557168 -9.845856731426434 46.78847551783359 5.114801077627578 92.23664607195505 -61.292671003786324 -59.600509875367436 -31.06735825794372 -98.53962566443519 5.44466191186234 -50.90121323367947 -28.47193504222898 91.88631419440108 -85.34312512278917 -93.61807263289064 -69.9350386991854
201 2814 0.028066680863640083 0 4407.201746356741 8.913179278113178 -83.61575829451846 37.833094953846874 4.3077036513342915 -40.05406915819437 -41.19117361990908 2.692712592762872 -41.25955122102306 91.82575661091796 -68.16832493087315 -93.36353373394108 -0.27706126776550377 -41.92341184991565 75.02318310547784 -30.792949518010705 -9.210012946126565 47.25611999016747 4.25104950263446 90.59480636272826 -62.23862518573398 -60.70414937452176 -32.68209084055601 -98.31196295394336 5.946098188968108 -50.07185417234557 -32.73429483304169 89.45847922028662 -85.92127765663149 -93.40060205191541 -70.46395255111923
301 4214 0.028179637630723765 0 4402.649222506661 8.932005177488803 -83.60937068768638 37.90927786484697 4.363244701553142 -40.065259507083674 -41.13354177315699 2.7899701569964988 -41.29339780779095 91.8265429645192 -68.23314773303998 -93.38241605933952 -0.27391197678474555 -41.91955556340905 74.95235387049271 -31.01839276689522 -9.159756062160533 47.32463578704399 4.213974240521138 90.65113420466261 -62.2322507187601 -60.707823967665064 -32.71689942370043 -99.78771399894464 5.986664523475781 -50.03247825592229 -32.77120046053801 89.13428819014123 -85.87489633438716 -93.4523028545426 -70.46435975690497
401 5614 0.0006553950617479209 0 4401.624036617734 8.91293117356822 -83.63780537234439 37.8893292516303 4.309997388888359 -40.032959805076416 -41.18533378512552 2.7177831227820737 -41.278494714717404 91.81179487055809 -68.1696658176648 -93.38189163910012 -0.2883591405478967 -41.88733589323072 74.95732340898664 -30.88850206257739 -9.191030800536945 47.20402309223711 4.237618223715085 90.67708109874272 -62.23924325330401 -60.71327553873681 -32.630595148771455 -99.9999936275806 5.957273849762942 -50.063931041559215 -32.81442815088548 89.15932639091298 -85.88350681871489 -93.43307040302868 -70.46555817909889
501 7014 4.1064339483536685e-06 0 4401.6238872578615 8.913535399213668 -83.63767171294629 37.88892007161713 4.309975571028363 -40.03329069086251 -41.185117132986306 2.716670398379871 -41.278275858076384 91.8131993987881 -68.16939549369636 -93.3817305594899 -0.28864522835522166 -41.88744285161052 74.95707237990445 -30.887096015316754 -9.192984930339907 47.20623207996992 4.238218427495203 90.67776482429164 -62.23956753650111 -60.71280179661329 -32.632571621274025 -99.99999999994967 5.957762071952942 -50.06385218774493 -32.81361730264458 89.15765847011423 -85.88294245441469 -93.4329774780388 -70.46559321352558
601 8414 4.198030860675969e-08 0 4401.623887255004 8.913534814307884 -83.63767035835332 37.88892432675668 4.30997617442099 -40.033287438915416 -41.18511621770887 2.7166710307965203 -41.27827311080951 91.81320508011115 -68.16940196116674 -93.38172773556245 -0.288646298824915 -41.887449143346444 74.95707031965989 -30.88709537074618 -9.192987127723097 47.20623587352129 4.2382179494518475 90.67776824526914 -62.23956719323192 -60.71280024775666 -32.63256674055564 -99.99999999999997 5.9577598744204465 -50.06385229733611 -32.81362501349729 89.15766796188666 -85.88294096922068 -93.43296749117508 -70.46558766157548
622 8708 5.061750527222654e-08 0 4401.623887255004 8.913534842922893 -83.63767011560476 37.88892445587745 4.309976115663808 -40.03328747815116 -41.18511618045147 2.7166710376213645 -41.278273197819125 91.81320492575983 -68.16940194168916 -93.38172775236164 -0.28864637540709737 -41.88744897152685 74.95707028993533 -30.887095207825983 -9.19298712628675 47.2062359302184 4.238218051136627 90.67776823751589 -62.23956710045121 -60.71280028503912 -32.632566728358874 -99.99999999999999 5.957759923129714 -50.063852284959694 -32.813625023553236 89.15766778588912 -85.88294091480745 -93.43296752950101 -70.46558766277518
