% # columns="iter, evals, sigma, 0, fitness, xbest" seed=42, Mon Jul  6 01:09:56 2020, <python>{}</python>
1 14 50 0 12259.596893694843 72.06366445330578 -71.79322721425095 58.15838146869644 0.5116556092510031 -49.075759723038466 23.105366257080078 9.953084309018937 -30.011193986493822 3.490150784534505 -19.265968830453055 5.675961861138431 33.10714068473442 79.30242683994403 -61.892115922660096 99.87260788882884 -97.25738723185717 -7.589457134604305 29.41669378541199 14.050014880875613 -31.13596194754697 -10.406459394062262 -24.650909499675624 -29.469318369074422 42.481733286281994 17.85148834350511 -34.64692335476413 44.9819429469578 15.36566748330971 40.645002664481815 31.48296373598793
2 28 46.78303056353531 0 13045.815328963137 71.23542812459132 -20.69726736745095 -15.968536805943078 -36.03308495727245 -63.96712285296988 19.06941125358114 92.28327024857128 -50.63810812708588 32.63524725880857 48.36580025796815 -58.85603077381318 99.77676795728851 -23.31644290822115 -86.86000831186135 36.78892632302089 -66.05522915266849 65.40045024941975 3.873491290412158 10.950645326417856 5.348837305744901 -9.425190155018642 4.9784018753531685 -17.180342076838574 -5.333813559753921 -32.35178825700403 17.399215820299077 11.926465349804488 16.577672122434322 6.322391955651208 99.9536169324705
3 42 46.06269028665764 0 14670.290832656743 51.25334048874243 -69.29385010792194 -42.46059241796196 -37.18515973196493 -63.42498221449853 86.23699956516367 96.54510252434854 -50.73637586228319 8.033572699633796 8.232630557165786 -26.177869043276967 75.32776555113996 97.92912935389485 -47.050777452140295 13.487393855298755 -53.24182925590669 74.26518876674623 -29.30543097017843 3.757356407102833 16.282169034422868 53.638213129850065 95.23063439327228 8.806195051287627 69.58890353149306 -47.59285967075171 31.527322726877568 -10.755558597793577 -11.10479104845895 2.941511972841268 -9.284629215027302
101 1414 1.3131240636992223 0 2900.07600259542 22.493092232687786 11.886634448058588 -20.051771745571802 -8.325307079935858 -34.29940794352554 39.93182983708553 14.561681042510132 6.005293190172884 35.58089915427471 2.8130502448431063 68.45507044482632 29.31778636591227 77.90316628773981 26.408357788103586 99.89856891284539 -64.85187549779961 -2.5567469864070707 6.435021855731283 -40.01789049416508 10.506394876925297 67.0276731748819 38.18872082887804 -73.76456247788055 -3.25231407328264 20.26738722176794 90.19749965039111 -28.374492324044123 23.555667218876298 -45.86304919814511 85.05490833162665
201 2814 0.08283074269719849 0 2887.0315852199656 22.636745334554956 13.944718391326534 -19.03211248023526 -6.867441343161364 -35.553443718954824 40.92305471478202 12.75122496240258 7.372525243472687 36.635605252153816 0.8947901878032665 99.9977280475501 26.048014246795834 75.91732586942453 31.031066855299116 99.91082140056024 -71.08968185916365 -1.5224799182803326 5.957117384354001 -39.653329839212475 12.4772368218137 66.62884108792665 39.9965415487204 -74.85602973317788 -4.101586764045801 19.54360059220379 89.06742890301115 -28.71705536220165 22.253145145915358 -48.32959165356714 81.60144057460437
301 4214 0.007634124708450793 0 2886.862443825148 22.600342852440633 13.932660953220209 -18.889873481759192 -7.026845069326713 -35.51721869365224 40.85110274105196 12.652888792546687 7.289109829739808 36.69829952580572 0.8855841651809582 99.99572330586274 26.26847754893604 76.01394353322891 31.088053713598782 99.96356470279973 -71.02391446884018 -1.6593890756547391 5.8508317934888 -39.65874841184634 12.413405356502185 66.67155982240548 40.06406794760347 -74.88436038079934 -3.738409695406902 19.453393043712847 89.22934932499751 -28.875784461934916 22.266492095280153 -48.29571631433694 81.61906052315068
401 5614 0.0011657541451396396 0 2886.852815205925 22.59849805539965 13.93353687586073 -18.88141832725983 -7.03674872136677 -35.515980402583594 40.8607050209352 12.652503512587785 7.2942535166237645 36.6963744423035 0.8985107374183826 99.99991451834684 26.261494260493173 76.03089613160381 31.08436080361679 99.99999758366711 -71.01871304830588 -1.6770070436070834 5.85583411957922 -39.66248904092346 12.42340354797867 66.67414596419708 40.05415844399126 -74.89207544537342 -3.748790734509421 19.448613088222388 89.22370086608063 -28.870803868467917 22.254687566611786 -48.30500437264738 81.61434989302795
501 7014 0.0001403483323728721 0 2886.8527944985804 22.59860934040904 13.933044804275456 -18.88132721402294 -7.038466058227457 -35.51615324314447 40.86118140782021 12.651208137536312 7.294013705557513 36.6955021707971 0.8995023571152517 99.99999867516736 26.26297834329838 76.0303005892578 31.085444800348256 99.99999999947607 -71.01921304920772 -1.6771170221639158 5.854683536545813 -39.66233385586361 12.423329168151364 66.67405846383232 40.05477859696295 -74.8912890546158 -3.7472808057209375 19.448123215776825 89.22503840877916 -28.87051945437998 22.255599899018677 -48.30464930134081 81.61482304895733
601 8414 5.622610146539851e-06 0 2886.85279410565 22.59862017566951 13.933292049556107 -18.881201756611073 -7.038291535573932 -35.51621398754172 40.86094533632568 12.651222990413057 7.2940509406663665 36.69543010476612 0.8994690642434583 99.99999999997405 26.26278470401691 76.03024515922338 31.085435655014606 99.9999999999974 -71.01930229771752 -1.6768430826377578 5.854810982274525 -39.66251565792329 12.423323866964273 66.67402464801496 40.05462949167819 -74.89126175517471 -3.747392998667107 19.448039928579153 89.225193152948 -28.87049287872658 22.255648922128426 -48.304796282538234 81.61489640751302
678 9492 7.84598279186421e-08 0 2886.852794105311 22.598615768781876 13.93329178054063 -18.88120293607962 -7.038294887541297 -35.5162059639191 40.86094497531012 12.651222701287693 7.294046993976184 36.69543078642173 0.899469607150346 99.99999999999905 26.262790121073994 76.03024453386831 31.085429861855204 99.99999999999991 -71.01930132002038 -1.6768499280596936 5.85481019458418 -39.66251655714197 12.42333101226678 66.67401928058938 40.05463543548854 -74.89126341850054 -3.74739143462112 19.448037077164077 89.22519556605421 -28.87049209488739 22.255641118864773 -48.304794596135814 81.61489278252631
