% # columns="iter, evals, sigma, 0, fitness, xbest" seed=38, Mon Jul  6 12:20:24 2020, <python>{}</python>
1 14 48.99582158997193 0 11013.279876661258 -10.737704488477197 -1.690253672418003 -99.17920555538981 -16.858631288019133 14.004023571598188 15.981438750201965 -27.54510004423149 -16.795619526256917 -16.894240609770456 -0.08617910515849526 -7.053702089229262 29.54903679167287 4.450077937457269 -92.83186380700351 -3.1671848421352142 -1.3946010419782862 -15.035655688185237 -33.88879209517852 -15.968274585016 29.71052229562259 58.68275419921915 -36.90717250962715 -57.07436951469585 23.831703719692364 39.97661928547078 67.67058196628238 -75.12059929761121 -86.78066961107302 -77.66765075292324 -94.71140101037179
2 28 49.29493888221597 0 8480.85899675699 -64.29355116044192 20.03194763134976 -70.90320604158185 21.24270527646025 -71.90712676287995 12.591308334709275 40.127453269637456 -78.48863163203292 -74.71675897243371 -22.99299571912776 34.08997093744794 37.22357911169016 -2.235893368311949 -35.18671869997307 -18.63869234948707 97.04096561587197 -59.77608351325048 -6.046417988583665 -20.821208453670913 -62.646315875476695 99.51108180318606 41.734209150682894 -66.77448608843147 8.761256071713422 31.869509827190598 98.2119500489394 -38.21002656731249 -76.39802729575106 -21.235945860399404 -73.52268041118165
3 42 52.429267684016416 0 9747.901388088343 -6.7590626898836845 -14.538757959865045 -59.33217905379086 -22.318439214991006 -53.10426723726699 -21.35861846728001 64.02206637155065 -31.9706843254437 -46.71375200188591 -98.45869296027116 3.2566537132055045 39.71974791157744 -55.57446160365027 14.029657353046328 -10.395274268584263 99.82722600965495 7.83663173572447 42.72088955437634 -29.21528266163301 -32.90303020325366 30.860642563305163 18.84321128901346 32.18953752316979 78.88436853088533 16.962527462147513 47.831026761188284 50.84380816179423 -74.39271696835483 -66.88485598548007 -44.54203448079943
101 1414 2.677567322396767 0 3302.8738261101676 -40.68607564384557 52.847187701089084 -29.64990867419612 77.84039895335658 -59.82153408042714 -52.19766295687157 33.03087181254451 -17.358555743904656 -27.118455852131298 -26.174438713465584 68.65248469883988 95.38977456143108 -86.23213416260847 -70.42607812845154 -27.41329510456598 -33.7366560700328 3.504355551608128 59.45488941516541 -48.13725522720437 -88.80897917015191 -41.77105324680897 57.94229341694117 -91.45855511152381 16.07584429391004 27.965087080843546 99.42794711662904 15.440661274402666 -58.900240480853256 -54.536987532688414 -69.03399331000576
201 2814 1.0334506462916477 0 3270.7630545288407 -34.853433908831136 46.59820095354031 -40.93344911421228 75.84608614617508 -57.762805253194145 -49.47998701859481 25.819911667169496 5.367865787484178 -45.706376198556946 -17.771351653070255 65.14552485899404 99.98732083865015 -62.810155411056684 -96.807306251894 -31.80857943128028 -63.1991910960125 2.03652020409037 68.64745183785676 -43.512328960769324 -61.58055937229207 -35.79504013000469 67.64310599420541 -99.98498516505167 21.97444372960658 12.817409628028935 90.95043042979538 8.516486295577192 -55.5506955868058 -59.45981508095775 -62.09913854123991
301 4214 1.7606281750581196 0 3236.8175811030997 -25.235433843556 28.01846214964243 -43.44076553959801 71.90984358049087 -54.480761871347156 -14.860483300227628 32.99893888136563 -11.925949832921527 -50.04336986097285 -24.784350487790263 43.099409918205254 81.09651199558505 -38.332328552248214 -44.87037838181021 -30.11610696425881 -77.2436410379616 2.4098150478931 71.64782913202559 -38.115518530485986 -69.362321002311 -13.574832627087277 59.30445739212683 -98.31245790405664 24.566330910070842 18.837502052976333 79.35463146416407 -21.9919485214858 -38.01871765624975 -75.9835822653406 -59.79349371679856
401 5614 0.47268393840274475 0 3204.7040612236246 -20.908492580486225 23.055362764612276 -40.99507168200162 68.69277351696286 -51.15764882357863 -0.5776043902290269 42.06396177154337 -26.558270805921552 -48.99164394365548 -27.650017019216477 36.406282727118736 79.00012494463917 -20.936086742933696 -38.3584563795838 -26.12808772818981 -77.452459203892 3.596931350239964 72.22415190436705 -31.326581332768715 -80.4314400589822 -2.3683487316245335 52.41168803470661 -92.16759019994845 22.726492112495094 22.476883438484933 75.96259795852814 -25.055543501975016 -29.513233818135433 -78.53776045661454 -59.700053005610506
501 7014 1.1319441501527636 0 3146.238047416061 -19.713859513012537 -9.78769891538965 -49.20520056301712 46.9935505294018 -64.17935670855731 23.71461851659558 52.06519103834331 -29.24813602572996 -54.876340987037686 -36.82639842107899 -6.9017143957277085 78.7245125675255 -41.97425374869263 -9.970541251105118 -7.8501162769901125 -73.16670051882032 18.5837338758056 44.65189406909558 -19.14861886916055 -67.49488701052377 9.835779724768859 58.853882183032624 -81.69347422223476 12.745109650687944 18.729767416098003 65.87592312613239 -37.41428564184675 -23.803928950386705 -62.82843010674685 -59.80102980987687
601 8414 0.6463499682057782 0 3107.363520163666 -24.907809151046 -34.3774548193531 -49.30838669038038 46.66606993786445 -66.09196222156811 46.31060495621776 50.34444293951842 -29.579471168005536 -59.50404400213743 -41.71697349254707 -7.230119912835647 72.29687128561409 -42.65062635824626 -12.694782554521879 -3.355439227902163 -75.21382166480441 19.773527383680932 11.993294679183274 -10.5185525096073 -67.93375141547217 14.012710887820852 56.09312447255371 -47.26279949672997 8.419300674601857 24.23625516721267 58.86931138717512 -31.17465566352013 -22.950053649102102 -66.5454220626531 -45.41998527269925
701 9814 0.014682901106661136 0 3100.0972634893465 -26.459319104721356 -33.989595817528524 -49.927212449588346 47.595083503522204 -66.56286005060922 45.62228007592037 50.577091248882944 -30.673742443140615 -59.06157041932045 -41.542618526168134 -5.679545041684662 73.15399636748111 -41.412415046117275 -8.73393662723359 -2.0814316564069544 -74.57067504009271 19.20059550928367 9.388639877281598 -10.32324729376967 -67.76943239939632 11.814874152710031 56.56131642251105 -45.368762217864116 8.21126328008826 24.037979208414 59.99187035772988 -30.785013776982552 -23.99549846139783 -66.99229913433572 -45.31588044274951
801 11214 0.002255193461458056 0 3100.012260613388 -26.38134944128574 -34.006494498313984 -49.928494811452225 47.619473735083716 -66.54375272417013 45.616063393854915 50.58323271813997 -30.672178516362283 -59.0664489495099 -41.51854342280745 -5.66658436658318 73.14818399623846 -41.394779262870856 -8.716437844734628 -2.0719551070422093 -74.56530122872054 19.168735662606256 9.392761277080565 -10.338151747222367 -67.76542814556541 11.810677559421112 56.54353582607785 -45.37834529895332 8.246819551511324 24.04935594779154 60.04251864779326 -30.77960952964384 -23.991394916459114 -66.97180767534272 -45.34000712390303
901 12614 8.910168887535312e-05 0 3100.0002468089115 -26.371925628162465 -34.00847742347649 -49.92960641617342 47.61653466730675 -66.54526539651773 45.617702027275755 50.58364888080428 -30.670981448355914 -59.06583656012132 -41.52283410684991 -5.666764853845194 73.14704379271288 -41.393639746728695 -8.713222194312294 -2.069517072201508 -74.56448693245461 19.16651382607008 9.39583285647199 -10.346235440301045 -67.76659665480125 11.811798281934912 56.540642426738096 -45.378511121378466 8.249692925382725 24.052777912850765 60.03968906644104 -30.779808727692746 -23.9916917664124 -66.97055752916177 -45.331363707662405
1001 14014 1.155823091285148e-06 0 3100.0000030015017 -26.37193438554106 -34.00844100577312 -49.92961713341648 47.61660088142571 -66.54538058029316 45.61767105082703 50.58365416652914 -30.670939571806244 -59.065884173621065 -41.52281296765952 -5.666850516600505 73.14716204591846 -41.39377780857507 -8.713265020987393 -2.069489192328156 -74.56450195661598 19.166608942176296 9.395841568785146 -10.346371957429886 -67.76646218656408 11.811855643842662 56.54057816876267 -45.37854558803025 8.24970781264973 24.052845963464147 60.039639318931336 -30.7798180099386 -23.991734755068876 -66.97055485669625 -45.33125781632386
1101 15414 4.503114454791092e-09 0 3100.0000000132513 -26.371934514314894 -34.008440642700876 -49.929617825814695 47.61660238961878 -66.54538272688934 45.617669225698336 50.58365439849888 -30.67093847213174 -59.0658849520321 -41.52281373169685 -5.666849970431741 73.14716278220592 -41.39377729926923 -8.71326523130827 -2.0694889368219918 -74.5645014117018 19.16660986782072 9.395841486587024 -10.346373246307298 -67.76646294703035 11.811855559820387 56.540577880405586 -45.378544929070785 8.24970721736711 24.052846991992844 60.03963986342728 -30.779818611163247 -23.991734567824466 -66.97055504639201 -45.33125693615592
1201 16814 5.657114394441038e-11 0 3100.000000000125 -26.37193451553451 -34.0084406370247 -49.9296178230888 47.616602398229276 -66.54538272439167 45.61766922356168 50.583654404860376 -30.67093847634026 -59.06588494540888 -41.52281373438848 -5.666849973495289 73.14716278444592 -41.39377730034036 -8.713265229350242 -2.0694889361834066 -74.56450140966257 19.166609869839416 9.395841483687214 -10.346373242464914 -67.76646294618907 11.811855560048587 56.54057788494284 -45.378544932850275 8.24970721837927 24.052846994288426 60.039639865967786 -30.779818608790656 -23.991734568038595 -66.97055503863368 -45.33125693231818
1229 17206 1.3269958778416082e-11 0 3100.000000000039 -26.371934515585426 -34.008440637041 -49.92961782308877 47.61660239827711 -66.54538272441265 45.61766922361434 50.58365440488798 -30.67093847630246 -59.06588494546837 -41.522813734395065 -5.666849973461012 73.14716278444095 -41.393777300333426 -8.713265229346376 -2.0694889361557203 -74.56450140968626 19.166609869891815 9.395841483671013 -10.34637324246337 -67.76646294619475 11.811855560080671 56.540577885018145 -45.37854493286761 8.249707218378427 24.052846994266588 60.03963986599112 -30.77981860878119 -23.991734568012333 -66.97055503863669 -45.33125693227407
