% # columns="iter, evals, sigma, 0, fitness, xbest" seed=48, Mon Jul  6 01:09:32 2020, <python>{}</python>
1 14 47.251099019060256 0 4815.002071239633 6.18953750563721 0.7459002960147532 -44.80595044565681 63.02156801592814 2.8980086965496703 22.94040276207947 -51.631143635538066 -93.22521100421417 -12.865263547000366 29.629993599276734 -85.58934086094098 -45.96678180988885 -27.23392986139588 55.44202812998267 99.65532540505286 -23.986083057172785 47.614448458406784 19.505890942071037 -46.442883326179405 49.47605188152187 32.08292315163032 8.811248806248043 -12.44419633490686 -4.397991500729543 69.63365724758914 53.610190075358 91.44370180422385 17.427555651880155 77.00920437014084 -47.74120648644889
2 28 45.79217453087503 0 4444.252384336547 -88.32852361002452 -18.940554756771952 6.6781041592238815 -44.47154198111761 74.34494246305019 33.81649445917529 65.1790678805794 -97.74707674441335 -39.323661394930646 -25.685640855756443 -46.59739063924948 -99.97986244984389 -35.05112125137323 -44.66939048515897 52.247256837953685 20.965912894129428 17.111370778455125 -2.548417957461716 27.910652194799596 78.09479342133322 19.829248823759713 -5.246343011187918 3.932304405979054 42.417900399533856 25.537975767543575 -34.12495842886002 41.41209581942884 3.146764940020477 -72.88266926491164 -65.00765722510106
3 42 45.164275629290344 0 3849.9531536726854 -79.26640069475957 -49.56417552415538 2.7458986425151033 51.74382312853329 50.70184188689166 67.16648408667189 45.37956090202638 -50.912226716593594 -32.815951185747934 -4.252603252826825 16.023483323204125 -81.12726769841807 -20.258542465101808 16.309389070132152 87.56614140952243 -4.631362334364052 -97.8877213175642 10.013077652227008 -46.19222949171798 7.299117166295559 60.05005273100335 1.5960625352279907 -32.676854940618725 -43.47423912647623 47.91282221572081 47.924802286011996 32.20595678860195 27.65277883607024 -40.94670221355596 -82.9460645943083
101 1414 8.75837871054605 0 2917.520327917956 -56.809264237097956 -90.59183026712384 -98.21163702569365 87.87432617563577 -98.71704319025027 -57.248963130014715 97.57984069758443 -73.12302552911126 -88.33920565720078 -66.80998289167516 13.55886953840427 44.48553076941303 -16.51146204958993 -63.289438833303144 58.914020085073865 -35.222251068472794 46.61773839218755 16.857739006880095 -3.574290086941707 -75.09542925883343 62.8411333338178 -59.38152782408278 -3.913510527186551 -19.891110075338414 -3.8813325264702887 52.46954640759441 61.93872872081777 -67.7020784517294 81.02412786573692 -92.8332884376028
201 2814 0.5138615522689872 0 2706.67410374901 -39.87013781385306 -95.89967206651602 -73.9005186687025 99.99337148262418 -99.99615100220454 -68.89672020283388 99.92561182914329 -57.14902706453324 -99.99965122315598 -89.7245153682038 45.4987167767008 43.03938929893957 -9.43036488977626 -81.45813791862845 79.17137082679483 -21.495913415906323 56.083758764387504 28.05574711811006 -3.2325795759365654 -60.70546403710421 66.75713518810649 -37.75983695563509 4.507614075820064 -34.09561724335731 -1.7979269390715282 54.54335964884183 61.53574936603877 -54.24211157610341 84.64966073040912 -99.95847763444009
301 4214 0.04011342649524321 0 2701.5538598635135 -38.923622240225875 -96.16344360448996 -73.81874340380254 99.9999248300487 -99.999487669218 -68.25943784666441 99.97903889636157 -58.24119323265679 -99.98125798071366 -89.83952119035175 45.68961491784543 43.68454841693355 -14.067119957006437 -81.29248919885167 79.54906029967663 -20.922250126678684 55.040103775427724 27.959478352194314 -2.7428145646426145 -60.79371177905364 66.31466073254045 -37.9623636463119 3.7461795516179994 -33.58956279912748 -2.299849919211532 55.13489805051498 61.4534407481977 -54.403634542683754 84.73476512991856 -99.99823470836274
401 5614 0.010508013507451236 0 2701.5159915358063 -38.85490951528171 -96.17992628926518 -73.80891237483563 99.99997725890609 -99.99953705441818 -68.27190816167257 99.9824204115423 -58.16873414865949 -99.98405581276909 -89.78639945667106 45.62524843688893 43.65965693537356 -14.142668156553523 -81.22706623735348 79.56909875290673 -20.885928167877104 55.07335180324866 27.935118239834615 -2.7448181992742855 -60.74734453447803 66.24651504654838 -37.97354582155242 3.793649977207584 -33.532788522732474 -2.3237481847332027 55.092603545353484 61.436572337442996 -54.358591275432424 84.72152588828185 -99.99999958539587
501 7014 0.004859759559644105 0 2701.5108967058477 -38.873560105446494 -96.15756192765446 -73.80355650237226 99.99999875794143 -99.99966871708669 -68.28232008693422 99.98556234967246 -58.20335566652205 -99.98196962615975 -89.81000075667653 45.62981906905545 43.68546613491014 -14.128756804608587 -81.23021288136013 79.56922375669443 -20.910406750628166 55.050685420334354 27.899458598944104 -2.7508723372132593 -60.74316547841403 66.24987548840494 -37.9781918643805 3.7740409398569614 -33.535717532841645 -2.336484146689664 55.101715185956124 61.44573150933846 -54.35215606513334 84.72897216635572 -99.99997670231492
601 8414 0.0035574303380275954 0 2701.5078473434214 -38.86561733947978 -96.15922818907507 -73.79449292405405 99.99999199246068 -99.99985371323068 -68.27151013363812 99.98852497430443 -58.201501873549184 -99.98259899745078 -89.80681649251804 45.63853166057148 43.68409979750547 -14.144848506854533 -81.20811951030946 79.58634949481137 -20.896846028150755 55.05320333808969 27.9089727051561 -2.7522671927105553 -60.781076182708006 66.24838891117957 -37.97530257981901 3.7698823120764984 -33.52396839366703 -2.325850827323814 55.10025879423054 61.440498254530205 -54.34814161512958 84.70888939879572 -99.99999793403698
701 9814 0.0033779326397162654 0 2701.5051501932066 -38.87538466748764 -96.1681310515317 -73.79566240991993 99.99999893283936 -99.99998183555894 -68.26954871830847 99.99370674396906 -58.19798822361997 -99.9838065319087 -89.80668879489036 45.63428110174011 43.686470410847335 -14.147695009273049 -81.21795430182631 79.57694620953777 -20.915951961471784 55.04694445015502 27.896896293453192 -2.7461467004808475 -60.79246698429728 66.24506650274571 -37.97780156538494 3.77582044634109 -33.507371180006636 -2.333366498450318 55.09972134243691 61.44570783576307 -54.354058565303134 84.69704265402383 -99.9999982709581
801 11214 0.003608272872002436 0 2701.503067510759 -38.868289183833156 -96.16242329414327 -73.78957164336703 99.9999900849169 -99.99999553454911 -68.28167469531374 99.99851217365914 -58.19653823941939 -99.9841016536936 -89.81395601173851 45.62746631172014 43.68683610062146 -14.150924617038319 -81.21906801900928 79.57695146766858 -20.91668977336355 55.048482792093274 27.912119104929687 -2.7457842012621922 -60.7964054585739 66.24740067660542 -37.98414342875953 3.779400524590798 -33.51047522346051 -2.3335852799031898 55.09828556674145 61.44738621262367 -54.35790124970708 84.69879260396375 -99.9999984124787
901 12614 0.0014206386695691231 0 2701.502188792538 -38.876132214864676 -96.1625113255454 -73.79120272202374 99.99999851628345 -99.99999842125943 -68.28111502840497 99.99998525640532 -58.191807552244306 -99.98366322921257 -89.81034328723563 45.638482814851905 43.682944020378756 -14.149187628372117 -81.22124464090493 79.58514659755647 -20.91263808310378 55.04827867952453 27.904631450623654 -2.749087229700043 -60.78794526871033 66.24937552813248 -37.98031512520566 3.7815434728249437 -33.512255455537954 -2.333863536613142 55.10536306443697 61.4463852760598 -54.35476110966122 84.70028563044345 -99.999999983509
1001 14014 0.0006528295489242487 0 2701.502136510411 -38.87550660333337 -96.1628410702296 -73.79251275169914 99.99999998748298 -99.99999779548519 -68.28015336041722 99.9999980835296 -58.19230169044821 -99.98371454036024 -89.8098197387228 45.63706433333136 43.6846418174556 -14.149138166305665 -81.22190455895247 79.5856599923288 -20.911709617442394 55.04714949551193 27.90461827897942 -2.750282107837847 -60.787606992146635 66.25037126599958 -37.978861311419294 3.779315707357668 -33.509577295123584 -2.3322778120656262 55.101973804997186 61.44469403729895 -54.35312076970409 84.69893528649611 -99.99999980807361
1101 15414 0.0002927143299266145 0 2701.5021268707847 -38.87470302639828 -96.16266000720516 -73.79285656673811 99.99999991149339 -99.9999984948288 -68.28037862824348 99.99999875722213 -58.191136277218675 -99.98378767008062 -89.80948703231813 45.63726015024505 43.68589764616249 -14.148368456834305 -81.22048277236794 79.58557167910482 -20.911415598469695 55.04767692930225 27.906576021786258 -2.7498600956155075 -60.786194258388065 66.249582399999 -37.97835877844686 3.780001948613121 -33.51220476761699 -2.331944152362976 55.10091378488448 61.44511021890852 -54.35320309115995 84.69951845525507 -99.99999992150245
1201 16814 0.0002364415276344404 0 2701.5021203961696 -38.8744421565783 -96.16308285078411 -73.79303001834639 99.9999999803179 -99.99999925330252 -68.28003169567725 99.9999993928725 -58.19266240781128 -99.9838029097578 -89.81030344669432 45.63655537928724 43.68595374674473 -14.147736030960735 -81.22093622209563 79.58564936315629 -20.91051214022191 55.04707766424032 27.906277562232876 -2.7501751738900384 -60.78613281291214 66.2495135652263 -37.97824335300247 3.7797400581248204 -33.511370720068825 -2.3324810848078155 55.101181681656925 61.445085913329336 -54.35255237629384 84.69896184694788 -99.99999999379462
1301 18214 0.00019565122347783766 0 2701.5021173007576 -38.874866954693154 -96.1628921367236 -73.7920905981886 99.99999999896625 -99.9999997875363 -68.2796957644467 99.99999995252944 -58.19287832643185 -99.98381720033429 -89.81056360872253 45.63642224588996 43.68561321051726 -14.147782585842512 -81.22021651899641 79.5858670061371 -20.911583179761017 55.04705995857628 27.906530541350115 -2.7503201449752406 -60.78594096344813 66.24995603387828 -37.97760856023642 3.7795579004920077 -33.511368808737586 -2.332988945744293 55.101434853099875 61.44534559739236 -54.35229479659021 84.69945980816902 -99.99999999961567
1401 19614 0.00014344848208259887 0 2701.502116354542 -38.87485529237255 -96.16254681253046 -73.7925290409314 99.99999998780385 -99.999999875007 -68.27989977483293 99.99999989564974 -58.1929414747835 -99.98391166530728 -89.8106886019983 45.636299451660314 43.686177982616215 -14.147521269294348 -81.22027844715436 79.58588586833827 -20.91157163024023 55.04695851334735 27.906529829805237 -2.750551142177314 -60.78619348186797 66.25007473947403 -37.97745433090019 3.7796587960169337 -33.51164660661771 -2.3329051781848684 55.101328749913904 61.445965883784375 -54.35228912815157 84.69984276739143 -99.99999997525072
1501 21014 0.00019172380953737952 0 2701.502114941902 -38.874736127045026 -96.16295582681565 -73.79271949862522 99.999999977705 -99.99999990996969 -68.28003713413716 99.99999997852774 -58.192996649637685 -99.98403494118162 -89.81042459729453 45.63628020119624 43.68604532198802 -14.147008345253619 -81.2203006931875 79.58586399109157 -20.91123998550007 55.04681270648589 27.90656622167311 -2.750592260453963 -60.78565298939506 66.25015131842022 -37.97778040708098 3.779628213269066 -33.51194795429432 -2.3331294367580693 55.10159472522011 61.44578699587896 -54.35224281678017 84.69952981780814 -99.99999998065299
1601 22414 0.0011223127856768516 0 2701.5021009295797 -38.875286869765254 -96.16304686021446 -73.79246571329769 99.99999989138725 -99.99999989518413 -68.28035557538217 99.999999952476 -58.19238853876137 -99.98599757201012 -89.81002100357537 45.63746164893608 43.685839937239365 -14.146298676952265 -81.22006454682858 79.58544681052568 -20.911235401135762 55.04499116162642 27.90667888981947 -2.7505673641546595 -60.785371731681124 66.24900417079002 -37.97846297834548 3.7795251040916686 -33.50986718440181 -2.332967297514342 55.1019687630436 61.445782770362385 -54.35301710569016 84.69768009105671 -99.99999998913384
1701 23814 0.0008918013566542815 0 2701.5020532059543 -38.875081680344074 -96.16247226986343 -73.79226105217423 99.99999996548975 -99.99999986426364 -68.28018534195726 99.99999997717993 -58.193729178567615 -99.99306331635484 -89.81048225136784 45.6368772380606 43.68570622675642 -14.147884812455992 -81.21988727664801 79.58452490152062 -20.911544494993613 55.04732662763418 27.90621202984695 -2.750239171093684 -60.78654281417121 66.250173224675 -37.97871264067715 3.779848202272852 -33.51163265511824 -2.332708454405346 55.101513285528824 61.44491957735334 -54.352917536866144 84.70031401302926 -99.99999999552774
1801 25214 0.0001717486471087209 0 2701.5020476131585 -38.874793896692076 -96.16292072142876 -73.79231363108003 99.9999999969128 -99.99999999913719 -68.28006998438605 99.99999997635378 -58.19382882543179 -99.99556165814909 -89.81043194359141 45.63645857309545 43.68601835801027 -14.147413863794869 -81.22045898289056 79.5856046777771 -20.911543168049466 55.046952063699564 27.906650007294587 -2.750200662863118 -60.78581916604239 66.24984887238628 -37.9778792851595 3.7796343103962817 -33.51148484525648 -2.33281435419567 55.10153128033272 61.445387821758615 -54.35242096365118 84.69969301993589 -99.99999999881574
1901 26614 2.3607465853969054e-05 0 2701.502047422968 -38.874886509227764 -96.16280665555443 -73.79244244374031 99.9999999999884 -99.99999999999758 -68.27998811312287 99.99999999907523 -58.19371624672563 -99.99544956066481 -89.81041813410354 45.63644143600711 43.68600288740444 -14.147548102842924 -81.2203421748401 79.58556780938608 -20.91136281139931 55.046994792715466 27.90663198918732 -2.7502118928202837 -60.78599302687516 66.2499361980231 -37.97795750471192 3.7796900747149857 -33.511548623656005 -2.3327877392414305 55.101470335284205 61.44544057431161 -54.35250976012332 84.699610751288 -99.99999999975503
2001 28014 1.281794083939254e-05 0 2701.5020474137905 -38.87490297212394 -96.16281647859982 -73.7924360605646 99.99999999999257 -99.99999999982678 -68.2800003375591 99.99999999968209 -58.19368046121319 -99.99544223648707 -89.81040016561951 45.63640650595638 43.68599893873781 -14.147499146274994 -81.22033545412438 79.58558693031554 -20.911367180310226 55.04696418937094 27.906613176312934 -2.750202198079173 -60.78602024076639 66.24994647552306 -37.97797102575697 3.779684596143645 -33.51156341818447 -2.3328141208354873 55.10146571200772 61.44543687909573 -54.35250439317583 84.69959892998048 -99.99999999996024
2101 29414 9.383695408157855e-06 0 2701.502047409849 -38.874890833453115 -96.16282223773874 -73.79243602821326 99.999999999999 -99.99999999999568 -68.27997790238453 99.99999999997449 -58.19366748143707 -99.99546013971144 -89.81037193822064 45.63641704596284 43.685980441523185 -14.147501133702281 -81.22031883531069 79.58560598487384 -20.911369097970073 55.04696710634611 27.90657854432604 -2.750213984178535 -60.7860220515997 66.24996722895457 -37.97797598741764 3.779682758690986 -33.51156744874574 -2.3328293974485654 55.101463176930196 61.44543943507101 -54.35251114823884 84.69959061472552 -99.99999999995143
2201 30814 3.6204589388982236e-06 0 2701.502047409114 -38.87488699008241 -96.16282717211952 -73.7924466363709 99.99999999999699 -99.99999999999949 -68.2799887559377 99.99999999997097 -58.19367074177828 -99.99545615182174 -89.81037206383108 45.636404377022096 43.68599752950547 -14.147483791687108 -81.22031132439994 79.58560412555975 -20.911365888823315 55.04695371018337 27.90657689208705 -2.7502195629764845 -60.78602302095351 66.24996495223147 -37.977977586481046 3.779676911713303 -33.511560796285 -2.33282908666448 55.101453145479184 61.44544160820345 -54.352508458207026 84.69958445643596 -99.99999999999184
2301 32214 2.47448439801138e-06 0 2701.502047408867 -38.87488665958842 -96.16282831723706 -73.79244006867538 99.99999999999986 -99.99999999999868 -68.27998726886119 99.9999999999864 -58.19366736459675 -99.99545649703327 -89.8103711887088 45.63639902912254 43.68599455207263 -14.14748849210548 -81.22031003736717 79.58560571948186 -20.911364149761766 55.04696106550515 27.90657832183957 -2.7502150216222576 -60.78602868445981 66.24996717202795 -37.97797900823633 3.7796767780134064 -33.51156410091868 -2.3328305153704094 55.10145132859245 61.445441524996056 -54.352511112194364 84.69959098254176 -99.99999999999882
2401 33614 1.0077920243429715e-06 0 2701.5020474088137 -38.87488575618754 -96.16282709569096 -73.79243974164146 99.99999999999945 -99.99999999999997 -68.27998812559156 99.99999999999906 -58.1936661764968 -99.99545909635401 -89.81037027944666 45.636397162757454 43.685997078121744 -14.147487693472415 -81.22031079960547 79.58560771816285 -20.911366975972093 55.04696160561392 27.90657683728092 -2.7502155246211566 -60.78602856051765 66.24996648815221 -37.977978611359674 3.779678707472764 -33.51156724541427 -2.33283025610626 55.10145016988932 61.44543860310831 -54.35251125152469 84.6995933188401 -99.99999999999943
2501 35014 5.453597133074711e-07 0 2701.502047408781 -38.874884598403945 -96.16282731636736 -73.79243928537988 99.99999999999999 -99.99999999999976 -68.27998766283162 99.99999999999852 -58.19366716393623 -99.9954593307717 -89.81036827111467 45.63639605015548 43.685995918353484 -14.147487612971927 -81.22030972478997 79.58560727061032 -20.911365501984804 55.046962372988155 27.906578161999054 -2.750214169651603 -60.78602709535883 66.24996659336506 -37.97797797869737 3.779679386401967 -33.51156656332934 -2.3328288134973 55.101448396921 61.44543969619119 -54.352512049734415 84.69959521884768 -99.99999999999973
2601 36414 1.222252398222266e-05 0 2701.5020474090966 -38.87488086245503 -96.16282776916536 -73.79244287375462 99.99999999999038 -99.99999999999532 -68.279992378944 100.0 -58.193671994920805 -99.99546461267424 -89.81036706774594 45.636391087076845 43.68599085604873 -14.147484879084004 -81.22030993940643 79.58560382345604 -20.911368336073792 55.04696069577767 27.90657910937898 -2.7502182969619753 -60.786033902551566 66.24997020829323 -37.977975897152646 3.7796858100982718 -33.511570370028494 -2.3328256202039483 55.10145096496714 61.44543954830806 -54.3525146026459 84.69959189079236 -99.99999999999709
2701 37814 1.958770212472541e-06 0 2701.502047408807 -38.87488331096574 -96.16282656874893 -73.79243849292754 99.99999999999986 -99.99999999999942 -68.2799899743928 99.99999999999842 -58.19366541020099 -99.99546256167604 -89.81036543681958 45.63639560312913 43.68599415489152 -14.147489232740554 -81.22030965020531 79.58560849213245 -20.91136445988377 55.046963855973445 27.906579302267346 -2.7502132056215487 -60.786029293723544 66.24996550910691 -37.97797888423156 3.7796803123428617 -33.51156728263231 -2.332827769412688 55.10144821252854 61.44544107127285 -54.352513692969296 84.6995959453634 -99.99999999999996
2801 39214 8.983587048033994e-07 0 2701.502047408796 -38.874882588401306 -96.16282811854633 -73.79243904269998 100.0 -99.99999999999996 -68.27998872488533 99.9999999999975 -58.193667257417474 -99.99546159560072 -89.81036639243595 45.63639358331238 43.6859948042962 -14.147486192036013 -81.220310165103 79.58560794509685 -20.911366248325066 55.04696192155825 27.906577347806433 -2.750212000493775 -60.78602802401801 66.24996543033922 -37.977979143663106 3.7796795753147308 -33.51156691761935 -2.3328278637600306 55.10144606747602 61.44544084202607 -54.35251265497027 84.69959513688809 -99.99999999999987
2901 40614 7.978739828828939e-07 0 2701.5020474087855 -38.874883553698965 -96.16282797712464 -73.7924391002478 99.99999999999994 -99.99999999999997 -68.27998881028324 99.99999999999959 -58.19366584836462 -99.99546137024606 -89.81036740845562 45.63639570957821 43.68599625255737 -14.147486343925266 -81.22030978818293 79.58560666033372 -20.911364991607115 55.04696131890523 27.906578403195 -2.750212651608308 -60.78602820390151 66.24996581556115 -37.97797921970778 3.7796802369357465 -33.511567143839784 -2.3328285310417414 55.10144726872247 61.44544002770135 -54.352513337449636 84.69959303512587 -99.99999999999991
3001 42014 5.03134974441692e-07 0 2701.5020474087887 -38.874883760689045 -96.16282785160321 -73.79243973819962 99.99999999999984 -100.0 -68.27998866423658 99.99999999999895 -58.193666148719785 -99.99546148613246 -89.81036590222416 45.636395513663956 43.68599629925811 -14.147486703916002 -81.22031043118477 79.58560644413956 -20.91136553758406 55.04696065852477 27.906578673994318 -2.7502132147419616 -60.78602957048824 66.24996608761467 -37.977978731880285 3.779680256217034 -33.511566915844014 -2.332828747374151 55.10144737689407 61.445440099997086 -54.35251344390781 84.69959110187483 -99.99999999999973
3101 43414 3.524262701826496e-07 0 2701.5020474087873 -38.874883628537646 -96.16282779710659 -73.79243935185406 99.99999999999956 -99.99999999999997 -68.27998865321351 99.99999999999994 -58.19366688978516 -99.99546230086483 -89.81036553441876 45.63639565583617 43.685995797282516 -14.147487264443043 -81.2203107031819 79.58560639460848 -20.911365771280543 55.04696110999794 27.906578129184254 -2.75021329705487 -60.78602902751081 66.24996608446418 -37.97797858873673 3.7796802922293864 -33.511566801946174 -2.3328287210024428 55.10144753959949 61.44543968086873 -54.35251356848494 84.69959148889757 -99.99999999999989
3201 44814 2.5222770010119047e-07 0 2701.502047408785 -38.87488360714633 -96.16282769283202 -73.79243968278803 99.99999999999967 -99.99999999999994 -68.27998866996276 99.9999999999996 -58.19366729781905 -99.9954623716369 -89.81036577388457 45.6363956010573 43.68599546362165 -14.147487278745757 -81.22031078170039 79.58560707624201 -20.911365623247548 55.04696128258365 27.9065779331022 -2.750213269071537 -60.78602908715547 66.24996600854865 -37.97797858273407 3.779680528179597 -33.51156679305859 -2.3328286709402164 55.10144781957072 61.445439667145365 -54.35251358761525 84.69959202152677 -99.99999999999999
3301 46214 1.476669335839603e-07 0 2701.502047408784 -38.87488358637711 -96.16282792356985 -73.7924400470688 99.99999999999986 -99.9999999999999 -68.27998892537798 99.99999999999903 -58.19366765343693 -99.99546212512985 -89.81036562299275 45.63639519474236 43.6859952699393 -14.147487176156574 -81.22031040182264 79.58560725818461 -20.911365442916576 55.04696135476115 27.906578340837314 -2.750213099803659 -60.786028783824435 66.24996579920844 -37.977978676030034 3.779680416922929 -33.511566660850804 -2.332828609374701 55.101447519194465 61.44544009639321 -54.3525137643137 84.69959219105658 -99.99999999999999
3401 47614 1.338455526559827e-07 0 2701.502047408787 -38.87488362453587 -96.16282804617062 -73.79244011844924 99.99999999999987 -99.99999999999983 -68.27998874058684 99.99999999999913 -58.193667812653075 -99.99546207474032 -89.81036538219624 45.63639506728941 43.68599527769547 -14.14748716703616 -81.22031027477351 79.58560748380478 -20.91136561170788 55.04696137479914 27.906578448697474 -2.7502132182053174 -60.786028882961176 66.24996579068647 -37.977978620267095 3.7796805256248263 -33.51156672868092 -2.3328286098039825 55.101447584327474 61.44544009088986 -54.35251367165074 84.69959211259265 -100.0
3501 49014 9.877459391683416e-08 0 2701.5020474087833 -38.87488379535171 -96.16282806939313 -73.79244009888998 99.99999999999982 -99.99999999999984 -68.27998878676007 99.99999999999955 -58.19366770954002 -99.99546217860487 -89.81036564364408 45.63639513147791 43.68599523975499 -14.147487148260552 -81.22031040438378 79.58560757626401 -20.91136567227295 55.04696134147525 27.906578275690663 -2.7502133117814083 -60.786028813845036 66.24996572821692 -37.97797864082895 3.779680695668503 -33.51156672596335 -2.332828633730969 55.10144783663978 61.44544000151018 -54.35251356622939 84.69959208584623 -100.0
3601 50414 3.035625762947985e-08 0 2701.502047408789 -38.874883756927375 -96.16282808148163 -73.79244015016968 99.99999999999982 -99.99999999999984 -68.27998872917814 99.99999999999976 -58.19366753007307 -99.9954621977066 -89.81036567782016 45.63639526931911 43.68599534054519 -14.147487103364256 -81.22031037406487 79.58560751867117 -20.911365627296618 55.04696125435294 27.906578156488195 -2.750213360257476 -60.786028914495176 66.24996566913978 -37.97797877883568 3.7796807239947157 -33.51156657858155 -2.3328287069743965 55.10144778782504 61.445439855398945 -54.35251347486701 84.69959202283644 -100.0
3701 51814 1.2575343729658017e-08 0 2701.5020474087833 -38.874883754499024 -96.16282805790078 -73.79244016311333 99.99999999999982 -99.99999999999984 -68.27998873129545 99.99999999999974 -58.19366753677059 -99.99546219211305 -89.81036566268406 45.6363952515494 43.685995347861166 -14.147487104983156 -81.22031038111163 79.58560750859033 -20.911365644522448 55.04696123377653 27.90657814785618 -2.7502133728994522 -60.78602893473325 66.24996567614653 -37.97797874362368 3.779680726407605 -33.51156657713 -2.3328286932664923 55.10144777020568 61.44543988963778 -54.35251348287784 84.69959199760342 -100.0
3801 53214 1.0774771613041315e-08 0 2701.502047408785 -38.874883731044974 -96.16282805693675 -73.79244017459212 99.99999999999983 -99.99999999999984 -68.27998872433236 99.99999999999972 -58.19366753788199 -99.99546218394586 -89.81036567302013 45.636395257681215 43.68599534254244 -14.147487094442113 -81.22031039090871 79.58560748644959 -20.911365657069837 55.04696121865709 27.906578134208303 -2.750213366212847 -60.78602896269658 66.24996568644019 -37.977978761631675 3.7796807220147457 -33.511566564586246 -2.3328287021577125 55.10144774153278 61.445439879551486 -54.35251348613019 84.69959198631113 -100.0
3901 54614 1.749299195436816e-08 0 2701.5020474087896 -38.874883750482695 -96.16282805134914 -73.79244015949877 99.99999999999983 -99.99999999999986 -68.27998873305259 99.99999999999973 -58.19366752656788 -99.99546217822144 -89.81036572357172 45.636395265923056 43.685995361503586 -14.147487085780085 -81.2203104171058 79.58560750346078 -20.91136564194312 55.046961217420176 27.90657812391828 -2.750213350303966 -60.78602895532785 66.24996568008464 -37.9779787501393 3.779680713648304 -33.51156656696185 -2.3328286935611686 55.10144774425348 61.44543989033082 -54.352513477413595 84.69959200383164 -99.99999999999999
4001 56014 1.41884467403576e-08 0 2701.5020474087846 -38.874883790549575 -96.16282803673954 -73.79244017874231 99.99999999999982 -99.99999999999984 -68.2799887072375 99.99999999999974 -58.19366751191046 -99.99546218508961 -89.8103657349453 45.6363952916945 43.68599539800343 -14.147487092392112 -81.22031041765149 79.58560745921568 -20.91136566665955 55.04696120011795 27.906578124772295 -2.7502133764646715 -60.78602898045901 66.24996568378083 -37.97797875662582 3.7796807356853606 -33.51156660126799 -2.3328286945979926 55.10144776200062 61.44543989062822 -54.35251349515602 84.6995919480105 -99.99999999999999
4101 57414 1.6442944683511562e-08 0 2701.502047408783 -38.87488378268063 -96.16282802822494 -73.79244018051429 99.99999999999982 -99.99999999999986 -68.27998871595409 99.99999999999973 -58.193667518940856 -99.9954622007614 -89.8103657447559 45.636395285075196 43.68599538133057 -14.147487049618576 -81.22031041273658 79.58560745316572 -20.91136567587091 55.046961166590336 27.90657812185964 -2.7502133910602424 -60.786028979403994 66.2499656702239 -37.977978757637175 3.779680741712582 -33.51156660485867 -2.332828699531092 55.10144777468227 61.445439879355035 -54.35251348989004 84.69959194443072 -99.99999999999999
4201 58814 8.340953944599185e-09 0 2701.502047408784 -38.87488380760806 -96.16282803110437 -73.79244018645107 99.99999999999982 -99.99999999999986 -68.27998871833333 99.99999999999973 -58.19366754196017 -99.99546218836556 -89.81036570537285 45.63639526280713 43.68599534345557 -14.147487055122838 -81.2203104046348 79.58560746733929 -20.91136569262744 55.04696117149433 27.906578123540385 -2.7502134013557225 -60.78602900687437 66.24996567301423 -37.97797874321623 3.77968075490935 -33.511566616212804 -2.332828689224698 55.10144779034354 61.44543991850105 -54.352513506968535 84.69959194451803 -99.99999999999999
4301 60214 1.7068217962209275e-08 0 2701.502047408785 -38.874883793034314 -96.16282802536455 -73.79244018588878 99.99999999999982 -99.99999999999986 -68.27998873027317 99.99999999999973 -58.193667537807414 -99.99546218689989 -89.81036570402742 45.636395271361835 43.6859953336585 -14.147487066671601 -81.22031040438014 79.58560745673822 -20.911365713640407 55.04696116987907 27.906578102236836 -2.75021341140382 -60.78602903006649 66.24996568597635 -37.97797874884782 3.779680755984373 -33.51156659510161 -2.3328286889700394 55.10144779385959 61.445439923875256 -54.35251351111947 84.69959194635157 -99.99999999999999
4401 61614 1.3193755877078298e-08 0 2701.5020474087837 -38.87488381831645 -96.1628280169102 -73.79244018496786 99.9999999999998 -99.99999999999986 -68.27998873097894 99.99999999999974 -58.193667545527205 -99.99546218954508 -89.81036566893786 45.63639524989958 43.68599530701394 -14.147487065538371 -81.22031041346054 79.5856074678195 -20.91136573370386 55.04696116699779 27.906578106348206 -2.7502134200440196 -60.78602906556952 66.24996568686038 -37.97797872985757 3.779680759904295 -33.51156661387358 -2.332828674585471 55.10144781186003 61.445439952513425 -54.35251352422165 84.69959194588591 -99.99999999999999
4430 62020 1.283275513749299e-08 0 2701.5020474087855 -38.874883814669374 -96.16282801257519 -73.79244018271908 99.9999999999998 -99.99999999999987 -68.27998873448959 99.99999999999977 -58.19366755142255 -99.99546218530989 -89.81036564603428 45.63639526275074 43.68599529267303 -14.147487063250082 -81.22031039684589 79.58560745563955 -20.911365749750985 55.04696116123523 27.906578105305925 -2.7502134270616807 -60.78602908018328 66.24996568345159 -37.977978749069734 3.779680769736842 -33.51156660980996 -2.3328286809155543 55.10144781645286 61.445439949793126 -54.352513536272454 84.69959194687544 -99.99999999999999
