% # columns="iter, evals, sigma, 0, fitness, xbest" seed=45, Mon Jul  6 00:57:24 2020, <python>{}</python>
1 14 46.38592610543267 0 72152394.33695346 -9.138950240087249 -39.84190769341496 -71.57320716315807 -68.58725368835907 -25.12824095655517 34.74982656266539 22.30276608669904 83.94246135844082 -15.933949184732594 43.962851527029265 -46.914879819353274 44.86007894661408 4.392749684658204 59.27280092234683 2.912021114658697 -88.7451421865451 43.834058136079086 39.57664092328279 -83.77608496706299 -49.11927026842723 32.17310734138516 27.401779532267224 85.92324479519202 64.73045515418245 0.13560735951942024 -79.88207698062581 -10.15713150065356 -4.908684967499689 2.4596961760719074 76.33125587889708
2 28 44.396990695859984 0 50103270.90027893 40.589848610289906 65.27194644066466 1.3724648718039028 -43.79864663313999 22.579140285138465 13.70675433983994 -66.57271095891517 86.45501234559245 -13.805106756229595 62.27551683234508 -53.04786484058093 20.718942057758024 -33.46958044494047 32.94153535835464 -10.18144991598126 -6.892408670903855 -60.74540186661845 69.22655009632408 7.98285803165306 -95.23330864035961 -4.35338908946552 -70.73767435870036 2.7259810999214906 34.00052904748451 46.768872149112624 29.15164739954233 -66.97036796017686 -91.43397912817409 -48.9323100336235 89.89958271679106
3 42 43.423839656425095 0 33341062.179186456 23.78461468104397 -20.80891808037409 -99.96686949158175 -35.64827344302441 -31.099891882354463 2.8776387876303726 -93.01075755587951 65.38081974239128 -15.643650638217325 49.58954683717452 -61.273694576488346 71.334799912247 -45.16922252273754 26.07301406206284 87.88842448899887 -18.777181244978692 -43.1999326533564 0.7728435926217543 23.096740924541614 -97.0697562876288 -1.6036386315021218 -17.7517149044311 -70.73524883300976 72.06659683560046 63.11013744676636 -38.18931508413799 -29.7310705314243 -85.853717670415 66.23441768043983 33.88604513633867
101 1414 34.63840358750673 0 18889242.413881086 -40.109083171699254 -9.985377770431398 -14.362964937381236 27.100845412805647 -35.001859210339006 54.547094808462745 -88.23541233815753 -32.486278168758986 -43.36263546153526 42.67559208050912 -29.72182850218865 52.30193743130653 76.15789435495321 32.35642292358673 51.872195896081905 -43.660790311525524 -4.672359443012908 87.15063552629297 -32.067139456537745 -71.7892502779454 6.560074270416237 6.942865603712839 3.6516549124597475 23.16650438134741 99.22305294022357 90.33605182321077 19.375196807375776 -36.65506579855475 65.21945350036938 -15.81771598509971
201 2814 16.107386073515002 0 6166457.3606190225 -70.46189907834645 64.67725488742994 42.88126968873679 5.153635873235155 52.14673094695766 34.78242508747728 -23.163040024587048 -49.10917954791132 -11.205202765654418 73.2733551112789 -99.45127746391545 -79.60780664678265 69.6458214331993 29.34406151838571 63.721867825027076 30.54328827439435 -39.30887552478393 -86.2340922864947 30.42457559914101 -30.093393966793794 83.44444968822924 -70.8327334634283 4.361058620589526 -76.14195740241601 -54.30812731421989 62.34354579578552 8.330467359050456 -22.25540926291606 15.156471494736481 -91.11197954638303
301 4214 2.5847321333543034 0 73508.44941618529 -94.4290733955003 -37.67993281324422 25.484806294973566 -37.2745042639649 83.2129578289267 50.33243607738365 -3.497764568667691 -57.06416690496255 2.6957731045032025 73.87533915996423 -48.1224183461094 -96.91113632230746 75.56370094642176 -13.614009146737398 67.48360035232167 77.48079743732585 -16.061162707214294 -92.72479449749386 -58.34440972943625 -83.68466546741584 71.70972409836347 -50.01352145422368 -42.9042191964281 -93.6192209210358 -37.548689141256354 31.11689950506183 -18.910039571457784 -39.4388878242642 51.73692023374991 -92.68727641186511
401 5614 2.0937066353869183 0 31799.823536969714 -99.44407195180162 -54.41824470654919 15.544007850625999 -48.974884540041735 91.48927060252382 49.30004420275891 -19.788052437921408 -53.70125419044509 -7.632450763969092 61.29135413982264 -44.62655419086757 -89.10150662680428 71.29139535577173 -3.7353256464394486 73.07182153001796 98.09124806066694 4.564952988787184 -59.79027541368151 -40.53059351119071 -98.91003465650645 69.53849424024432 -23.02229424933794 -50.47535854925866 -90.63543362407589 -17.54867192508482 29.73437717228221 -15.97619096426534 -52.51040781970994 45.65403081783196 -78.15873416703654
501 7014 1.5157011642478166 0 14490.494691943688 -86.41237882907454 -35.966631039242884 35.148120025163024 -55.1655516369977 94.13193508494024 66.44448991146919 -29.16974636059399 -46.23859820541133 -18.53715697446906 48.17984391505246 -72.62332825017683 -76.90909637089584 83.95287704222508 6.835531603569562 61.832507671804024 85.70486954826394 8.756086348351289 -57.01902400272405 -61.49979016057937 -96.4170533222466 57.07234027892119 -32.637420247209064 -43.78396148385535 -81.60236170273569 -3.304623112019563 25.507582428837395 -17.504070271999183 -42.32009580743718 40.24162835479846 -99.92677889621399
601 8414 2.8095186256787503 0 6507.854796483187 -95.4826913621472 -8.437942381745245 66.29347406013244 -44.73478467190665 80.17953111981163 60.64730076934617 -33.309639411561335 -33.862868708163035 -23.35517380940189 42.366284896510294 -99.6377368274764 -73.8774439759473 90.48779002247309 23.46571927987252 47.06377545593912 68.20695265624165 -8.044121006998608 -59.94909855567482 -60.81426464462594 -84.62145763091083 19.573946362187115 -32.91919146295689 -61.969052394045846 -85.1930991231491 19.057904896205947 23.73853679630821 -35.27311583102498 -27.932806652339202 34.70139476544503 -80.26247385358656
701 9814 1.016805081409129 0 2165.793418461941 -98.4597772270976 -0.2696583120647915 81.58245187734069 -47.1608888750027 68.51307419068237 67.57505878446345 -45.11485824696874 -23.309274131201157 -28.683735309936484 35.891061014291765 -92.01222795111178 -64.43289504215358 84.66563166731606 39.186916817669776 38.859472135418 64.30408970838648 -8.492356708980083 -47.81452077684145 -67.94639489689145 -75.94003757091104 -15.1864446038052 -13.611116135632367 -70.71877550623569 -83.50830649623575 34.60397308830938 32.082141273678936 -51.270572945931505 -32.87059298307245 25.327058524405082 -63.05922964058357
801 11214 0.36384334323730955 0 1699.4761072355527 -98.12020814947249 6.847761196633513 83.75061426332523 -51.49860485556555 61.412337711863216 69.7756008196662 -46.59632696983991 -18.784892590254167 -29.479113973341583 35.23849530528816 -88.71913820046561 -61.19742566726154 78.70736837649639 34.08202627109495 31.510076470178863 63.60530626664567 -8.094545641259145 -48.517467879564265 -69.29506871028977 -81.53014012853305 -29.132418507672384 -21.53089082547043 -79.48275410364117 -82.32083397179153 43.635045751939764 30.426476584597253 -57.89984745130157 -31.11403357456956 29.84787268306556 -64.65623486650435
901 12614 0.21953167700628504 0 1632.410795117392 -98.39503901635305 3.634273703210198 89.58818600015344 -55.62151373744561 62.04568517001289 65.31322110693844 -46.15261044681759 -19.18961294102494 -29.3735327135482 35.312045786147515 -88.91864947822893 -59.54645238090842 77.75301709775195 36.82940425160152 26.739390750460345 63.08545064215474 -7.656564970249434 -44.15612894252649 -74.48613513440014 -80.19960471894709 -28.041780456680016 -27.592725683187147 -77.76499969316784 -77.65280905172008 47.345383315310016 27.4087132971225 -57.437000780568084 -27.261802334605704 30.453537701631063 -69.77020160650554
1001 14014 0.0715670418565806 0 1625.2840588803326 -98.5668292407793 5.322776882875644 89.89025540832907 -54.64687216444293 61.58175853708846 64.81856087256809 -46.2826893453572 -18.87952871036714 -29.445623449953455 35.24713812277024 -89.18621565853502 -59.96218285492728 77.86218498015896 37.14239489838239 26.881553704325714 63.297770966347876 -6.7238407183904485 -44.43060971792818 -74.18378408695855 -80.79024158514511 -29.016657329342422 -26.17247106414637 -78.00824194778899 -76.96964966173877 47.72721138064367 26.840515508983938 -57.89805314770961 -27.93742129637655 29.949607477807014 -68.90387939704448
1101 15414 0.02589203694509964 0 1624.2666030413206 -98.31394773681772 5.4257621260581175 89.79486812778386 -54.546278119660464 61.688753968185296 64.8858592781442 -46.18049263260687 -18.94313112711835 -29.43964102459762 35.25162631422059 -89.28738022244507 -60.288722772167375 78.28942180708356 37.125233787971375 26.905022536968875 63.291316057236365 -6.053857005570563 -44.643934739568124 -74.7014425113321 -81.03171411130919 -28.79290296221859 -26.127360613702844 -77.54017890926144 -76.80281288636681 47.53091698639558 26.873013681146105 -57.78530194986088 -28.032741419103786 29.996986055218823 -68.69489812238373
1201 16814 0.1465633982388034 0 1608.8658491808621 -98.18075996138397 2.192806080399947 89.17743017935784 -55.00263236161767 61.69855033669032 64.79828290183139 -49.14878559579091 -18.970185974695628 -29.41447154061646 35.28739243046823 -89.18896227611889 -59.70139154125866 80.29399817285224 37.735431601011705 26.93925707004024 63.2975842673662 -4.3444052427004465 -49.081204097042075 -78.65634441008407 -85.10550904666256 -28.668103673805916 -25.27037471787349 -75.12187717834342 -76.43696395630596 45.54306522873623 26.642202213216663 -57.72210666603238 -27.58721300107274 29.98966566042578 -66.46280706001897
1301 18214 0.009401468535234648 0 1608.0534772857404 -98.34660683061323 2.204883741572985 89.15598924387257 -55.13467554405745 61.6655127368077 64.84390912841585 -49.22784781015733 -18.93511978027918 -29.433249378000063 35.26030874034871 -89.45904086114763 -59.9316877850182 80.27690401955525 37.65969290305207 27.006283165764344 63.338876961424475 -4.608378997898797 -48.99548041654168 -78.43873961274895 -85.33422418474157 -28.823216726503887 -25.755654999623413 -74.99841710949065 -76.31824407461582 45.87656034852094 26.31354942501572 -57.80310157450863 -27.186831672428966 30.045524921418224 -66.56050225614646
1401 19614 0.0018316121159257656 0 1608.0439165584246 -98.38775893415195 2.1654617090432566 89.14718749818772 -55.12510360252178 61.66864302734987 64.84286875277492 -49.28339407323682 -18.937043368266743 -29.433162154050713 35.260388211573854 -89.47142985526705 -59.91548896554508 80.26248521874169 37.66422560082217 27.00137884572863 63.320883070144134 -4.590057453076128 -48.98488833945754 -78.39445513544511 -85.3628647658459 -28.816324652713746 -25.723788594433756 -74.99559256483487 -76.30527919083616 45.87467555981523 26.344524177316558 -57.79945344819147 -27.227489150426628 30.041665619547885 -66.5196723122813
1501 21014 0.00041019322210003096 0 1608.04344524324 -98.38482088658985 2.1656674724849267 89.1492451049147 -55.125592698934526 61.66823903963862 64.84511963959719 -49.27250667126927 -18.936699163722736 -29.433261996869103 35.260291046253684 -89.47204164611429 -59.924039445380515 80.25564073816517 37.66419955316685 26.997637738024476 63.32227040160338 -4.588777782329771 -48.98416307065685 -78.39557490420624 -85.34970472318538 -28.817235374475672 -25.723285733642278 -74.99991512088518 -76.29966300952665 45.88900282014029 26.34887268366022 -57.79987788948635 -27.231097536447344 30.041427951863444 -66.53020997288525
1601 22414 0.0001372754230701171 0 1608.043419833314 -98.38421386386707 2.1656745602291494 89.1486832863632 -55.125537617043406 61.6682738559704 64.84497589350596 -49.27268799228267 -18.93671923824915 -29.43325449339194 35.26029038731835 -89.47279214256643 -59.92566451887893 80.25761351147736 37.66435584626248 26.999813784445234 63.32203850613471 -4.591353860949567 -48.9850030345479 -78.39560283092042 -85.34860154372875 -28.817215116834774 -25.721801600905966 -75.0001853141941 -76.30011327927261 45.889745003660856 26.35014378247006 -57.79988227948473 -27.2305721138037 30.04147546283748 -66.53054319347288
1701 23814 9.9439735578087e-05 0 1608.0434018317803 -98.38402198900711 2.166629408893897 89.14906034535836 -55.12553042555227 61.668271575608316 64.8448680031491 -49.27232801237787 -18.93671805261087 -29.43325626285691 35.260287804116466 -89.47160140547277 -59.92536954282809 80.25860391887437 37.6642486337003 27.000795954605284 63.32188720548062 -4.592039347578407 -48.984754098111694 -78.39696243705521 -85.34898774538304 -28.817215998576557 -25.721184748268747 -75.00124697600872 -76.3008446262069 45.88891936363067 26.349319664317164 -57.79987906401996 -27.229911525783088 30.04145545101329 -66.52987289072402
1801 25214 7.780435691273303e-05 0 1608.0434018293975 -98.38421525498038 2.1665545683161724 89.14915487904015 -55.125382882033676 61.66827480816002 64.84483069957943 -49.27189299027896 -18.93672034554333 -29.433254778687942 35.260288379216725 -89.47112991619855 -59.925890667257306 80.25783570876405 37.66449218017289 27.0011826158558 63.32198716150915 -4.591460695411769 -48.985197853304555 -78.39714904268912 -85.34904449696097 -28.817211694408456 -25.720802085456672 -75.00184501282544 -76.30074988916712 45.88928369398116 26.349253573935286 -57.799877116461076 -27.2299486548656 30.041344852475884 -66.52945348136441
1901 26614 2.6428478863272652e-05 0 1608.043397766765 -98.384092735614 2.1668984052918745 89.14904310506779 -55.125586233933625 61.66827386590106 64.84476075003367 -49.27187837686989 -18.936718717765768 -29.433256012132777 35.26028686516616 -89.470894054199 -59.9260039495494 80.25751614676577 37.664456737449406 27.00113554700941 63.32193512718324 -4.592058547996203 -48.985007159215286 -78.39726949944958 -85.34901826421904 -28.817212721197592 -25.721121752055232 -75.00203799787201 -76.30052187250979 45.88948657193924 26.349287078366636 -57.79987733598591 -27.229986451636325 30.04147977577288 -66.52963860432229
2001 28014 6.585941912077789e-05 0 1608.043393042028 -98.38410895772253 2.167542818211871 89.14894014162374 -55.125628407391204 61.66827415038105 64.8448810830088 -49.272387261583674 -18.936718988478678 -29.433256221646715 35.26028758784293 -89.4710049230862 -59.92572560572171 80.25715769888325 37.66442102460465 27.001217489474538 63.32194826355945 -4.592602148641561 -48.98455612992069 -78.39841119132178 -85.34968870575867 -28.81721338329507 -25.721490079145585 -75.00236375807148 -76.29948600778769 45.890098118900944 26.349240664488214 -57.799877661720366 -27.230647952280783 30.04163961295574 -66.52859510278373
2101 29414 1.979043755001859e-05 0 1608.043392393272 -98.38417736574986 2.1674898262770057 89.14890486715895 -55.12558421143921 61.668274071006266 64.84485409972415 -49.27251531470088 -18.936718832923614 -29.43325633881137 35.26028750559607 -89.47088656629272 -59.92570886360829 80.25709975927046 37.664450779239026 27.001447998151843 63.32200443366746 -4.592994258038175 -48.984416681642415 -78.39874018693722 -85.34953523451945 -28.81721351584389 -25.72083173596697 -75.00284999588702 -76.29932449912698 45.890062313352665 26.349309990977833 -57.79987786965608 -27.230726341691668 30.041588208005766 -66.52866138274803
2201 30814 5.187435008211159e-06 0 1608.0433921209124 -98.38417227199744 2.167541505379887 89.14891026998103 -55.125569232556245 61.66827386630686 64.84487739712752 -49.27252744867616 -18.93671882808378 -29.433256353048453 35.26028749816609 -89.47092266349821 -59.92571414300039 80.25703565097285 37.664446709043 27.00135723625076 63.321992166492976 -4.5930177126328715 -48.98438060430357 -78.39869422284953 -85.34948209110232 -28.81721366578836 -25.720943421811313 -75.0028179995021 -76.29931443674027 45.890134958159685 26.34929453104487 -57.79987787790925 -27.23075722783226 30.041598934333546 -66.52868428791746
2301 32214 1.4437547407983919e-06 0 1608.0433920645464 -98.3841992821296 2.1675308427020923 89.14891602901146 -55.12557573244654 61.668273869623846 64.84488246618407 -49.27254497835963 -18.936718822520795 -29.43325636778531 35.260287502455114 -89.4709297598989 -59.92572731305086 80.25702980766161 37.66444581943726 27.001395373511247 63.32198641429353 -4.593011224088343 -48.98434153991269 -78.39864682293833 -85.34949468229523 -28.81721367356002 -25.720921562303452 -75.00284192730359 -76.29932935406455 45.890112047393366 26.349294737993848 -57.799877886240175 -27.230777839337517 30.04159041531294 -66.52864358898643
2401 33614 1.3814461764995576e-06 0 1608.0433920413009 -98.38421080920851 2.1675020932750897 89.14891177206843 -55.125580146555656 61.668273869284775 64.84488975686924 -49.272540178623586 -18.936718819311512 -29.43325636371117 35.2602875029608 -89.47095463556066 -59.925722335175124 80.25703204584514 37.664441043666045 27.001391518009715 63.321996907476446 -4.593003853588556 -48.98433624656241 -78.39864711867195 -85.34950869177466 -28.8172136777427 -25.720913288863073 -75.00284190442255 -76.29931924603702 45.89009970435961 26.34928874909879 -57.79987788689842 -27.230781921001505 30.041586223798806 -66.52865774597586
2501 35014 1.9060689860686175e-06 0 1608.0433919955549 -98.38424541087021 2.167436201761319 89.14890872296569 -55.1255954231278 61.66827387589851 64.844908225511 -49.27254110976082 -18.936718824158035 -29.43325636424626 35.26028750388795 -89.47098591562767 -59.92572514018343 80.25702428452612 37.6644389862706 27.001384638025996 63.322026910147414 -4.593016295548324 -48.98425031246751 -78.39866347578449 -85.34950176753128 -28.817213668344266 -25.720895188724192 -75.00289137442307 -76.29925821409083 45.89008464059676 26.3492755240914 -57.799877884575764 -27.23081326085186 30.04156638473367 -66.52870467922162
2601 36414 4.328272487934462e-06 0 1608.0433919197292 -98.38433488041434 2.167418601824579 89.14889918259496 -55.12559454339453 61.668273875268625 64.84490824762865 -49.27259836799243 -18.936718821298573 -29.433256367469358 35.260287502269975 -89.47114088259252 -59.92564515134376 80.2570824769054 37.66444790672647 27.001444738804814 63.322027006399836 -4.593054076839849 -48.984155506838704 -78.39862632909897 -85.3496040211969 -28.817213678851687 -25.720811752616484 -75.00301058992194 -76.2992953938693 45.88997548994006 26.34922045977043 -57.799877884202886 -27.23095239412265 30.04155201252468 -66.52864030116612
2701 37814 4.866309652116926e-06 0 1608.0433918602437 -98.38435064074365 2.1674759633372673 89.1489107607864 -55.12558110845148 61.66827387623292 64.8449166433241 -49.272611156337575 -18.936718825546578 -29.433256366174337 35.260287501254716 -89.47131525599416 -59.92550726387515 80.2570922913736 37.664468817947714 27.001392740703864 63.322027580360185 -4.593029661857372 -48.98415884997257 -78.39874140573365 -85.34975676654012 -28.8172136694277 -25.720868315152686 -75.0030769847517 -76.29931667070369 45.88999888538733 26.34911234100867 -57.7998778857896 -27.23106213610898 30.041570747081682 -66.52865724459585
2801 39214 1.2416470364971391e-06 0 1608.0433918497201 -98.38435856908023 2.1674727059669294 89.14891809863246 -55.12558683027933 61.66827387287108 64.84491389095007 -49.27262216792718 -18.936718823644824 -29.433256363647928 35.260287502923184 -89.47137377628104 -59.92548647862719 80.25712254444647 37.664468601798205 27.00138797827985 63.3220210886372 -4.593047913771159 -48.984172007913344 -78.39875216220457 -85.34978779001369 -28.81721367579371 -25.720868854632773 -75.00309480998558 -76.29933221737869 45.889991765460984 26.349096842704096 -57.79987788729765 -27.231090535170978 30.041573651391598 -66.52864824300187
2901 40614 6.387841206230085e-07 0 1608.043391846024 -98.38435472279617 2.167475306107036 89.14891829786441 -55.12558411993845 61.66827387272693 64.84491047888895 -49.272618314842134 -18.936718823043677 -29.43325636428582 35.260287502292215 -89.47138567226907 -59.92548868656564 80.25714182178962 37.66446619574446 27.001401841266205 63.32202046393485 -4.5930555562306665 -48.9841909907102 -78.39876358285059 -85.34978725136159 -28.817213675196598 -25.72086829565148 -75.00308326972534 -76.29932520832207 45.88998397078006 26.349115493111153 -57.799877886411444 -27.231086607508743 30.041570295695074 -66.52864504836324
3001 42014 7.788694172549092e-07 0 1608.0433918436659 -98.38435146992632 2.1674699557370616 89.14891801546351 -55.12558308525763 61.668273872376204 64.8449075100489 -49.272604165072835 -18.936718822750873 -29.43325636417947 35.26028750265971 -89.4713984820655 -59.92548297555601 80.25716900079232 37.66446190313992 27.001421638860517 63.32201962781614 -4.593048871807099 -48.9841910981836 -78.39878161506086 -85.34978169094325 -28.81721367558103 -25.720871597039096 -75.00307170574436 -76.29931010104187 45.88996866290253 26.34913408926844 -57.799877886638996 -27.231094330990835 30.041568538013475 -66.52864748254711
3101 43414 7.249264641615137e-07 0 1608.043391842083 -98.38433808417044 2.167483366499937 89.14891840961052 -55.12558257642581 61.668273872460276 64.84490921411027 -49.272593200233075 -18.936718822907483 -29.43325636411399 35.26028750242063 -89.4713938270424 -59.92548380566308 80.25719263280536 37.66446033899589 27.001435763870994 63.322017443835826 -4.593032671473935 -48.9841701039511 -78.3987965903639 -85.349758039268 -28.81721367529795 -25.7208918883672 -75.0030653807738 -76.2993143782156 45.889962225564354 26.349136872491332 -57.799877886518246 -27.231103324624332 30.04157079924872 -66.52865676942045
3201 44814 3.88395134913129e-07 0 1608.0433918414758 -98.3843348026383 2.167485218543618 89.14891861517695 -55.12558671143178 61.6682738725689 64.84490918557768 -49.272588166611484 -18.936718822922817 -29.43325636417617 35.26028750244509 -89.4713989746808 -59.925477736876985 80.2572018821304 37.66445865226422 27.00143532643745 63.3220170706167 -4.593031479014286 -48.98416356305552 -78.3988024134726 -85.34975424995643 -28.81721367536906 -25.720899680683893 -75.00306426916113 -76.2993235363011 45.88996069876836 26.349127210794173 -57.799877886586316 -27.231113688356803 30.041570684414914 -66.52866246688731
3301 46214 2.3721202756587758e-07 0 1608.0433918413257 -98.38432916148804 2.167488823156134 89.14891917215823 -55.12558831110914 61.66827387255566 64.84490986436242 -49.27258515401829 -18.936718822875548 -29.43325636410802 35.260287502424745 -89.47139829224157 -59.925485074243284 80.25720908454764 37.66445808720029 27.001437440048694 63.322016248120114 -4.593035914786839 -48.98416740866958 -78.39880407114838 -85.3497487230714 -28.817213675446425 -25.720906006212175 -75.003060769288 -76.29932612229643 45.889960913354834 26.349130998255948 -57.79987788652195 -27.23111249185454 30.04156948642233 -66.52866449411528
3401 47614 1.9596421281528366e-07 0 1608.0433918412325 -98.3843274866017 2.1674916515886196 89.148917881542 -55.125588539084305 61.66827387254361 64.84490989939613 -49.272582650110905 -18.93671882289718 -29.433256364164972 35.26028750243965 -89.47140233775426 -59.92548466590671 80.25721194728004 37.6644585169838 27.00143831674845 63.32201631101988 -4.59303772199948 -48.98416904591437 -78.39880651059838 -85.34975174231087 -28.817213675363377 -25.72091157626831 -75.00305893543981 -76.29932688699083 45.889960654502204 26.34912804617389 -57.79987788655292 -27.23111764862338 30.041569540173228 -66.52866026119759
3501 49014 1.2674567192399686e-07 0 1608.0433918411613 -98.38432640788128 2.167492612887628 89.14891812972556 -55.12558888099284 61.66827387254236 64.84491041298578 -49.27257884683854 -18.9367188228964 -29.433256364168525 35.260287502436675 -89.47139884561567 -59.9254874526693 80.2572113120743 37.66445947499453 27.001438682296815 63.32201655476636 -4.5930391271062945 -48.98416665053111 -78.39880502117035 -85.34974886367722 -28.817213675383186 -25.720917384898488 -75.00305708152675 -76.29932539865999 45.889960046200535 26.349127511439423 -57.799877886570044 -27.23111679114191 30.041569834929756 -66.52865775142146
3601 50414 1.093865043099448e-07 0 1608.0433918411272 -98.38432794067495 2.167490748978082 89.14891796599004 -55.125588388961326 61.668273872539686 64.84491032620647 -49.27257501844207 -18.936718822889855 -29.433256364165924 35.26028750243797 -89.4713983792352 -59.92548762125523 80.25721000598986 37.66445974137613 27.00143697621787 63.32201689115137 -4.593041249053783 -48.98416870282182 -78.3988051370776 -85.34974925714572 -28.81721367539282 -25.720917137136837 -75.00305619020727 -76.29932478130408 45.88995719625626 26.34912758137528 -57.799877886567934 -27.231117233591036 30.041569615823118 -66.52865525899784
3701 51814 1.2531818998059676e-07 0 1608.043391841106 -98.38432886413294 2.1674920726097184 89.14891828736786 -55.125588470995076 61.668273872537924 64.84491016965238 -49.27257368271793 -18.936718822890143 -29.433256364165143 35.26028750243291 -89.47139676083832 -59.92548844169772 80.25720720234392 37.66445955429361 27.00143376227851 63.32201662039687 -4.593041401829964 -48.98416866718645 -78.39880632343869 -85.3497481234631 -28.817213675390548 -25.720916287111194 -75.00305853645234 -76.29932409686958 45.889956076496084 26.34912687928825 -57.79987788656784 -27.231118454331995 30.0415695426653 -66.52865575758258
3765 52710 8.273133297098725e-08 0 1608.0433918410984 -98.38432987600162 2.167492189381875 89.14891820914525 -55.125588804102335 61.66827387254139 64.84491034366232 -49.27257298782314 -18.93671882289412 -29.433256364163356 35.2602875024361 -89.47139702087894 -59.92549006888066 80.25720606580836 37.664459297178 27.00143334534524 63.32201647470843 -4.59304099846554 -48.98416919858687 -78.39880535169021 -85.34974871448516 -28.817213675390235 -25.72091572027132 -75.00305900451652 -76.29932319346065 45.889955286782225 26.349127286566517 -57.79987788656546 -27.231118875935714 30.04156937438093 -66.52865530082693
