% # columns="iteration, evaluation, void, void, void, xmean", seed=779940, Thu Jul  2 11:23:40 2020, <python>{}</python> # scaling_of_variables: 1, typical_x: 0
1 14 0 0 0 -8.222023662966604 12.010427785650338 4.522501909517058 13.034873966473759 13.98910682005827 17.620206373474723 13.301314406344801 14.605544459940312 5.672645306681621 12.393819804676346 3.0380086593810396 18.83572526212853 18.760321564014507 -15.99278670496607 -24.928860993930986 24.668890743435018 -15.24564426321535 23.35883773831663 32.19096350866883 -17.393629298433602 -12.01374135605298 0.3797444465629421 -15.199033556876161 7.90916862936489 6.6077030797201814 21.43682314828893 32.76341495702256 41.0875190352726 -38.79954118886346 65.32177916983882
2 28 0 0 0 -18.867008874813237 -9.565559935714417 -9.08767807647488 -2.441242754295285 27.69294333030347 37.03457475731979 16.20999443947593 0.6668909775272951 12.691413260757283 20.11239660300455 6.124608525185636 -9.029552981064988 -15.043978985029863 -7.689651328044086 -50.16068995746321 -3.6176564584021307 2.7369956781326437 1.2546098442393756 -3.87881112809184 -13.649227443931858 7.9327340323141495 38.424086134595115 -22.360141629147765 1.8178971129742916 21.11344199562622 30.098430452521537 50.178354052892054 16.772208720575716 -35.060402606986194 59.3276797829518
3 42 0 0 0 4.1246991691849715 -35.16250856180401 7.621817466269526 8.207434912753302 31.00599726586503 60.31662429815082 18.784216216506763 22.633046248113494 15.772772591298278 19.510928308015302 16.378202149424357 6.903446399037303 -24.063073613565823 -22.51566191118357 -41.630384737605546 -14.21450502978741 -8.842937175708608 14.31321030174106 -17.808680470462978 16.34589742659896 6.480311048936097 41.18947961426777 -38.76361824489455 5.275150897892605 8.74042012620032 75.7104189393422 71.12832570879657 24.614388001259567 -25.638613013010733 108.44675153985197
101 1414 0 0 0 23.044612760314276 16.968257493273533 -4.33104520573261 -7.944653771502552 -26.19048279875343 26.536148038160142 10.52146045307902 220.85769461878965 14.56517751896084 -23.810861071188363 96.07423947601622 40.7937899513532 79.47790712519834 35.56979728758637 38.36339172900174 -160.8653962048434 -5.9822580849581 12.642109481186523 -42.25180356714281 31.100418454346105 57.742332907719714 45.722547922682935 -75.17924549469757 -3.1425976303331002 18.125571297133913 126.06767170084505 -17.225098090141064 22.105702270771463 -49.25440000072625 84.67804047710455
201 2814 0 0 0 22.366195542886445 15.674119234243753 -20.13168690377683 -6.249456211424838 -35.315735017238765 41.230470421860105 12.238070001776524 201.1151152802521 39.62379910309167 2.9091894419493403 103.50137890275697 26.180001090732762 78.06515970392637 30.44183529333698 97.93949094984524 -141.50497687751854 -0.7797084030997168 7.721184469164661 -38.09568213432594 11.425620029481403 66.73398671866215 40.69283702762089 -74.5396970936112 -4.984137511250848 19.08485326462125 121.99826680798452 -28.778110083440705 21.871090858308463 -48.388945204821006 80.28966280988065
301 4214 0 0 0 22.828787487094285 13.913817749306078 -18.978004752912415 -7.6380865039799 -35.58729519956388 40.88244226856412 12.64509489507659 201.48567274902211 37.836186255242644 3.3320536877197116 104.69759193506202 27.094902375738222 75.2858046333399 30.93914259736497 104.51791599625295 -140.1129448102816 -1.3277319497784912 5.802540021378797 -39.8086586487022 13.044104716575362 67.47178689571474 39.3827979349533 -74.3998462375133 -4.081897998635095 20.621151174307894 120.93445221023637 -29.32059097501588 22.01376525248087 -47.628450461732605 81.99866909184055
401 5614 0 0 0 22.851875317858813 13.89805451662022 -18.967275555990078 -7.625035184599919 -35.58264791750943 40.88766306070683 12.65557235966307 201.46752382976453 37.83432175279799 3.30345723667947 104.92997898452145 27.07114084461943 75.3015880563604 30.94584747059836 104.9610272930295 -140.1131745224192 -1.3178738297578942 5.807348976686823 -39.81807646972579 13.056518933490008 67.47831627467902 39.40064404324674 -74.36915400195672 -4.070953081612091 20.615147629617216 120.94923057866457 -29.337059366722652 21.990134179467827 -47.63169090262503 81.98264997608553
501 7014 0 0 0 22.85009804887816 13.892636060015159 -18.966545478263264 -7.631036785305005 -35.58094642851575 40.89089075861484 12.65378243786194 201.46659340034248 37.83352568795603 3.3086915331742244 104.97953144090964 27.074545919799455 75.30239857399202 30.94410552036059 105.057867603739 -140.11155142345436 -1.3187499849699515 5.803375388958767 -39.813286460651184 13.05478507428393 67.4763810772975 39.404257631774406 -74.36771911850136 -4.070138525391207 20.61423252826327 120.9495303018531 -29.337067351054156 21.990259223308385 -47.63536662882467 81.98295614631118
601 8414 0 0 0 22.850004228791835 13.892146843485138 -18.96670920872487 -7.631509672829662 -35.58094136991459 40.89076064293356 12.654125971220925 201.4666502405841 37.833369618709106 3.3085087355737466 105.04976675037759 27.07479319861988 75.30238389992849 30.944197158845505 105.05020612673097 -140.11160352601576 -1.3188029721745944 5.803384749490727 -39.81313828829323 13.054788826050977 67.4762419394524 39.404331165194 -74.36754891839848 -4.070129088099771 20.614318256139562 120.9491227735126 -29.337000666747528 21.990161973515818 -47.63545299874339 81.982982917327
701 9814 0 0 0 22.849865570453915 13.892643963567245 -18.96672596436766 -7.631272357598242 -35.58092081172695 40.89077023533096 12.654050760591575 201.46660390997312 37.83350486501097 3.308731371826982 105.04998243091329 27.0745059239008 75.30223024129461 30.944198454190634 105.04998803564418 -140.11144979438654 -1.3186511171612867 5.803350053792267 -39.81323773152536 13.054676836968724 67.47631817042223 39.40445039021644 -74.36775976920839 -4.070182714046035 20.614200792469916 120.94919140671043 -29.33709632757791 21.99037904703081 -47.63514872552848 81.98307744470586
779 10906 0 0 0 22.849866365787324 13.892642385475007 -18.96672169645905 -7.631272154362384 -35.58092171962372 40.890775600059 12.654055820554557 201.46660316645534 37.833504562625826 3.308731030896886 105.04999506932593 27.074501281670997 75.30222736394127 30.94419812796193 105.04999942943417 -140.11145199622612 -1.3186534140778523 5.803347132117061 -39.813244698670516 13.054678622931533 67.47631376842943 39.40445071026683 -74.36776316633829 -4.070179309461647 20.614199138121716 120.94919214945587 -29.33709789349018 21.990377435425106 -47.63515245143661 81.98307339714562
