% # columns="iteration, evaluation, void, void, void, xmean", seed=41, Mon Jul  6 00:48:05 2020, <python>{}</python> # scaling_of_variables: 1, typical_x: 0
1 10 0 0 0 16.61008058785751 -22.168744438812933 11.637601280244223 2.5115091495137842 39.51589383866819 -12.165589108169437 -13.8472206373465 -83.10682163377868 -51.62402610870929 -20.87533735833366
2 20 0 0 0 34.72073261684994 -17.14719650701217 1.6196570408439364 -17.514348790373845 20.339992361447383 -78.87497336743998 -71.44694873224083 -75.27464808274465 -0.4111001669922203 8.370054914761418
3 30 0 0 0 49.85291367037982 -47.15301659718973 -6.478444234201282 -46.54331928428907 40.395546477558526 -111.0121837805229 -43.26252349284735 -96.74968763925277 -42.676375710110804 15.187473288579548
101 1010 0 0 0 179.23553260956663 -159.71575239758474 -93.07779883284519 6.935675169870308 18.76191752094604 -68.91528688051359 -61.785191115810555 -193.8640121988945 -440.8763588091205 -236.37913835481788
201 2010 0 0 0 206.50859373253394 -158.45414085982455 -98.88826323445213 13.08506041040686 19.5310016621532 -17.829129135223397 -60.515062229950715 -169.52897886197715 -434.3203553948231 -224.32980267242817
301 3010 0 0 0 206.50735734086612 -159.86409285477234 -98.92176604287985 13.140900985527516 19.53618110662291 -17.901313105293767 -60.54495601513292 -204.2011519396921 -439.65915728239355 -247.65940586070369
401 4010 0 0 0 206.54412595453363 -157.8488571206364 -98.85153810633706 13.116537346766904 19.51746500140807 -17.91140995767954 -60.588364679489494 -215.37871127023482 -437.8077814950107 -255.92921260267656
501 5010 0 0 0 206.54436446838488 -157.82918407938374 -98.84990788879078 13.116118733865612 19.517741265334767 -17.911152939814368 -60.58763870921829 -215.44583042867174 -437.78349898447715 -255.97887254209016
530 5300 0 0 0 206.5443644355279 -157.82918370986948 -98.84990780642505 13.116118438723234 19.5177412781506 -17.911153335326343 -60.58763974687672 -215.44582708869913 -437.7834992691186 -255.97886992749602
