% # columns="iteration, evaluation, void, void, void, xmean", seed=44, Mon Jul  6 01:12:54 2020, <python>{}</python> # scaling_of_variables: 1, typical_x: 0
1 14 0 0 0 19.351162533086647 -39.657944313689775 -1.2149327703401553 17.06846720619293 55.90190077699656 -29.347383483926436 -5.542059181595498 -38.71583485814852 -14.299672739882757 39.75078309585023 16.431465769314055 5.695306224431477 8.631081875873303 -12.682592415050365 34.59702965023445 26.050890359253774 -29.000136206683944 7.664391179290614 -27.591012200363775 -12.508175600966329 3.853376983038876 -2.7438309253791346 -27.62433588090761 -12.14839826715558 -20.137545126552457 16.461837934170042 -7.531013429577447 8.843783418795272 4.8107437906665425 -12.42983580231646
2 28 0 0 0 -14.562067082130188 -23.352545790185133 23.72749908625185 -30.570928217347852 26.422390803364568 -22.739437399534925 -6.263575538153214 -41.66430156759802 -4.736321454865658 5.625210675322634 25.30080464853433 13.884907503274196 12.575457786725023 -21.300927052011286 41.173875858916475 16.60352337242137 -35.126578697010636 -11.125439166237545 -41.45929921010003 -40.15019728150258 -9.827920564875793 3.9980610436094364 -27.98734624633816 -15.977586232558542 -57.554879865670486 0.3056803517720361 -0.342789287047669 34.5874712508527 15.608094920425025 21.90297897971452
3 42 0 0 0 -15.445885018404413 -16.6748971149013 31.50772955862606 -60.86477092762336 27.688695717675063 -28.681068209043122 -7.701039214216189 -53.316838276451335 -4.507257029094662 5.548748218742611 0.055030258793514975 44.09683026957238 -13.415235048196452 -15.575677594687717 0.058508532327515184 17.347997539392928 -37.43380397971379 -7.241991244395683 -63.91526666687771 -32.99495311688596 -39.46204589947595 -2.7244550542101176 -43.10315961426412 10.686663165556284 -93.06423349172309 15.588747544164937 13.44755647919796 78.59697249354635 9.146403067773502 46.40182106476066
101 1414 0 0 0 -60.87000058224706 -61.01280371970725 36.61638962121779 -69.7799731547275 3.964633302986522 -65.55055094538636 -24.038776658152717 -11.025822005555066 -105.3922786021709 17.732551245594593 98.97171066068255 73.07337725793779 57.38214859838865 32.72184634358737 -59.900243037514535 100.85540640271526 -69.98528602322611 97.90386511091968 -75.57862521794267 -147.6705916160676 -237.09822419154852 -101.59885654209903 11.207969201791478 29.543741076525077 -104.26247239473223 -12.597544184908253 69.61262391267928 44.68225476115524 26.427414381472953 -32.531026167879794
201 2814 0 0 0 -52.06893967329585 -59.30520060090654 38.2218150249393 -69.5490828524187 3.265362863344772 -65.20336562504914 -23.362006787916354 -10.473665260577352 -106.87711361531326 17.578635348466182 101.09207551648474 73.39396012334403 58.988083083438305 30.489843186141577 -62.683894151261235 104.40959084125099 -72.65260668720981 97.16787863953539 -76.42206799717296 -148.7977118170998 -239.28933523602493 -95.61097904141168 11.413141940149272 26.077989848149116 -105.96628494445272 -20.35227523717095 70.41608379140314 45.244178443422015 21.922434073135108 -31.838621440591847
301 4214 0 0 0 -37.83323499663565 -59.29865341142985 38.362718350040105 -69.76947688941739 6.0884017857187995 -63.968038669823976 -19.972346801116636 -9.075386562712374 -106.79948690291799 16.377595244339034 101.9090950780145 73.18886913552738 59.137347491602405 23.649250567613972 -66.44865152390845 108.83031277303901 -74.20080962790541 97.34504201994525 -76.77375835641826 -148.6401132001142 -238.59603073211582 -95.61642987122913 11.218953990355512 24.359357636224097 -108.67073377181464 -31.331268192685105 73.03948524630039 44.89782880087867 16.709535768303127 -32.016547562984094
401 5614 0 0 0 -20.018285201630007 -59.109267538757464 37.86824164582505 -68.96120861471864 11.235247343263925 -64.85571367733561 -21.892286938540693 -9.439830448631941 -102.59365130310819 17.361968679208633 105.00202322748994 73.346045310771 56.65219471406418 10.939720818186693 -75.54259653956379 110.27497120858939 -71.66646681663755 97.50273796703603 -77.2121100951144 -148.2959303612563 -237.79017501583613 -95.80541919795739 11.972897133835708 24.996816967135945 -113.64505682075111 -49.99078884335721 72.05427399860716 45.921576568794606 9.575874471639544 -32.103895995047054
501 7014 0 0 0 -11.695018157025055 -58.84524686439238 38.27193805828854 -68.92355090569203 13.890838116673804 -65.29510184472376 -22.728052581144137 -9.334709024850598 -101.10236724429333 17.36836388065408 106.30435030258032 73.57452329720952 57.20416154362665 4.758112364046386 -79.20355179370497 110.55056902705101 -71.67886801795564 97.54346913486789 -77.81039427059127 -148.99089980054816 -238.19993569905006 -96.15206289367131 12.367648293117526 25.364722347608087 -115.6774002558134 -58.191637368768106 71.18002654396768 45.87884398778045 6.237065548477378 -31.996174326595487
601 8414 0 0 0 -12.714588760885096 -58.9547543822854 37.95511645998479 -69.04905301579885 13.88472804059152 -65.29285904042663 -22.873888971323332 -9.46374257799878 -101.6437483330889 17.15151256598868 106.48202551200748 73.64539056004398 57.51592560145675 4.762691575639863 -79.20376197374686 110.27038335422974 -72.33714425936742 97.7081858345492 -77.60122658247155 -149.4559549495016 -238.5535087772649 -96.22583975342596 12.189344409834613 25.188074789340888 -115.63883357881208 -58.2280536919981 71.31682674582524 46.09094316140373 6.201189419422934 -32.07424015803631
701 9814 0 0 0 -16.57589703303107 -59.434896705734964 37.458222519918195 -69.13327450055452 13.997478269368276 -64.9197621650545 -23.26148512640266 -9.458228811309013 -103.21525961333685 16.711219132717815 107.55598611383039 73.48438235663055 57.997806097889466 4.896555772251248 -79.27911817849518 109.1389345763361 -72.77501754496504 98.03783079034616 -77.34676047687265 -149.60801837859862 -238.80542622825325 -95.99853072946637 11.99111115829222 24.96234275037289 -115.47201596361147 -58.275321906390886 71.655728081959 46.36360790091833 6.0428286143781555 -31.46585473403634
801 11214 0 0 0 -21.810121598106573 -59.463953691501125 37.25261005426696 -69.47465520727599 14.095344294455016 -64.51577836847792 -22.951921610012946 -9.419346676560094 -104.93651086437525 16.327297483239338 109.11961810028765 73.34996065663829 58.02664852856862 5.069407265670347 -79.00233193140859 107.36553510003576 -72.14881694312707 97.33121689016016 -76.91117259157252 -149.05772915830448 -238.7889801794754 -95.74482007269326 11.500304921168278 24.553109092044576 -115.2681645539616 -58.131420895099176 72.10657274027334 46.77117830483741 5.83890610661997 -31.384997887410066
901 12614 0 0 0 -23.564071942032676 -59.344216617685376 37.377297665613156 -69.69476356459992 14.138221658789924 -64.37826457162618 -22.745047090682938 -9.447693370091338 -105.40490241420282 16.348078348819545 109.30085977706315 73.31198081610587 58.27532620833158 5.09535916360039 -79.02083566566658 106.82342348004772 -72.02051713619329 97.34196249434666 -76.7490303913878 -148.9210501576703 -238.73524180453813 -95.8487083902407 11.437020476809709 24.50389184100245 -115.21802061294403 -58.15514511896343 72.262255263506 46.61245223606347 5.7792017893551435 -31.568130860776705
1001 14014 0 0 0 -23.81556885387776 -59.32595029357522 37.38942164458233 -69.63716485303416 14.122198213960461 -64.30803925424395 -22.738517693637405 -9.50157407444184 -105.34706837687392 16.49053023296273 109.04817098323363 73.32949870778398 58.26967713995236 5.084174895312734 -78.99508777293849 106.79817642002594 -71.86769574795082 97.37167761711939 -76.7291925759809 -148.85726904573494 -238.70425393794866 -95.83770665406377 11.413182135804199 24.516852443936266 -115.2281103419783 -58.14136240917775 72.31691572859496 46.613649781297624 5.788823759669115 -31.553750959373204
1101 15414 0 0 0 -24.76716173111287 -59.35260168580594 37.37638838603889 -69.59079493782951 14.129306296639324 -64.28435719515232 -22.69789194777483 -9.43383112774414 -105.3426547132831 16.770154181108563 108.55299242991228 73.32425673010601 58.26606209474389 5.111042057999511 -78.99235849231584 106.55143420517612 -71.74648146407118 97.39282118223612 -76.69625142292793 -148.86110243746035 -238.6777714737463 -95.85074254042671 11.353775068420994 24.48718810710655 -115.18528702019962 -58.16535395439962 72.38667504237681 46.59462081161681 5.750350353052727 -31.557100593839383
1201 16814 0 0 0 -26.736252993415125 -59.31855188435324 37.39459222408267 -69.57292016364472 14.160193399551707 -64.2246411888372 -22.787590217530198 -9.424585450215044 -105.21046179470054 16.837407837856105 107.50648648494952 73.27376701835527 58.02191175925536 5.117935122228526 -78.97277505033854 105.82090940425373 -71.92213436548747 97.37475108875071 -76.6567791842855 -149.1608717190578 -238.71060769138523 -95.75935986817096 11.315220023197108 24.423841221059483 -115.1708625884904 -58.140832903119374 72.43933777926861 46.60820595866841 5.7221964845941224 -31.5581146169925
1301 18214 0 0 0 -26.966215263110286 -59.33528725743014 37.38059194728118 -69.59963302506203 14.150701919294411 -64.21114704250863 -22.785072659124754 -9.428342289176406 -105.12292982391334 16.731708845902997 107.32920079400027 73.26469440361002 58.00566219839145 5.123478015111269 -78.97421410238677 105.7223228003989 -71.946149651466 97.36662680827716 -76.64329871062452 -149.18163097470418 -238.618260722621 -95.80094914797365 11.295642015476224 24.422202347790197 -115.16694511929985 -58.146025433533204 72.44550466624179 46.61618578788065 5.726567572584015 -31.550891271819566
1401 19614 0 0 0 -27.08173943112672 -59.3375095273277 37.37951782045556 -69.6079062340687 14.151897820218721 -64.20427567881015 -22.778420986833222 -9.434261729392167 -105.10921933155709 16.679577395237303 107.28491487777941 73.2656222824689 58.027138331632194 5.127904506946972 -78.97729119344329 105.66905852245671 -71.95469037946212 97.36798987059106 -76.63442010333964 -149.18641861803883 -238.5861965779664 -95.8284560582766 11.29377304753166 24.423303967031163 -115.1631459078517 -58.14947244114832 72.4547427146778 46.61457276851386 5.7258625747263725 -31.551484182599403
1501 21014 0 0 0 -27.05456599460999 -59.33933345622058 37.3782723054637 -69.60318479881768 14.155877831291814 -64.21831520768337 -22.784793929573194 -9.43531137398663 -105.06746784513322 16.685136430557034 107.23584151387078 73.27354902446442 58.030092823299654 5.124122659786905 -78.98083480420162 105.66425548044352 -71.94383207348338 97.36549991031725 -76.64547412049467 -149.18790840927232 -238.57314782600625 -95.8440414449333 11.299946742352619 24.43108598394337 -115.1672067395195 -58.15025999048298 72.44245245843642 46.61397643183672 5.725963456515042 -31.553236653091645
1601 22414 0 0 0 -27.163186625025894 -59.332462143923586 37.38135824801549 -69.59020444960066 14.153296280053155 -64.22666586810429 -22.76356768348926 -9.446160863833951 -105.00283265302956 16.679443842256852 107.11851763110953 73.27826842763236 58.07227989700129 5.125465532151017 -78.97620037086463 105.61817950307898 -71.95007964032736 97.36057072201045 -76.64915884239761 -149.1787651924707 -238.5610488815948 -95.83908084646461 11.312681948606222 24.42468197710988 -115.16644972108067 -58.14643154624209 72.4339757452223 46.61969412178023 5.725233522403682 -31.551067804193117
1701 23814 0 0 0 -27.17753775834434 -59.33459434745699 37.38040934935915 -69.58274790887317 14.154016896260353 -64.23837396626465 -22.732701656303725 -9.445697487837252 -104.98517475201312 16.671349281029084 107.11514262215164 73.28163200449423 58.11047777772342 5.123872451558345 -78.97720815556484 105.60391785424935 -71.94611472274308 97.36184729375816 -76.65891397091299 -149.15201080759147 -238.55569887287783 -95.82041077610461 11.317303951823373 24.413825182527393 -115.1685051919193 -58.14812528209124 72.42428362837644 46.61799214647684 5.726197623261215 -31.551816231803375
1801 25214 0 0 0 -27.273176718489996 -59.3386135232969 37.378690183259096 -69.58124353681171 14.15269621887417 -64.23544748587115 -22.695681056092887 -9.444237373780346 -104.99730091262653 16.655570238779244 107.15437092925382 73.28283839122594 58.11172859147244 5.1208211596166375 -78.97358944370274 105.55519774321999 -71.93676333421399 97.36558461966055 -76.65604073687793 -149.12788371577963 -238.5449912761759 -95.81401032065757 11.313274665584654 24.41828659875513 -115.17109639223865 -58.14687745756222 72.41940708231658 46.614409210747624 5.727456842427887 -31.552861117291677
1901 26614 0 0 0 -27.324965960184787 -59.33868275318606 37.378675703763754 -69.57036651871063 14.151858878821239 -64.2443169836621 -22.6747585831715 -9.4484606370757 -105.0086128384043 16.66191259130986 107.18944412946341 73.28401856190632 58.097322308163164 5.120092119669067 -78.978350141972 105.51176697628948 -71.9470215941442 97.36595211622706 -76.65854772038088 -149.1279608375305 -238.54855882867648 -95.81387221159392 11.32007081048252 24.42648971855809 -115.17440232841952 -58.14757694220964 72.40820498594078 46.61429401106115 5.7312374227182765 -31.55275509597208
2001 28014 0 0 0 -27.317675040274302 -59.337227792869534 37.37932653729004 -69.56795935499115 14.151706683875496 -64.24686920260793 -22.667847125538955 -9.451606034582117 -105.01451788793032 16.66441298478128 107.20422689099497 73.28645602291616 58.09970917671218 5.119464106410612 -78.97988245575739 105.50635722286648 -71.95482236691394 97.36505172422945 -76.66043933767722 -149.1284558743591 -238.55147942197598 -95.81556202539765 11.321151013622105 24.427377891375 -115.17541207840175 -58.14829093445673 72.40568114510111 46.61549081605053 5.732427836165528 -31.552219185105375
2101 29414 0 0 0 -27.30367100449654 -59.33685930749008 37.379568189060535 -69.56838508355246 14.15166483716181 -64.24648530625555 -22.663225242508688 -9.452902890645632 -105.01782196359731 16.665946628568427 107.21260022952787 73.28642043137646 58.09687922919749 5.119955949740256 -78.97871047795866 105.50646200430924 -71.95525243724721 97.3655965270142 -76.66124078468906 -149.12738756388643 -238.55015392869802 -95.81960648064535 11.319281912225133 24.427437547801894 -115.17503266144055 -58.14747771235078 72.40487814925112 46.615610625708044 5.732058013977938 -31.551835769903327
2201 30814 0 0 0 -27.293514036361792 -59.337168324649504 37.379575016672874 -69.56886010642144 14.151864061744742 -64.24802653548846 -22.659855681517303 -9.452908487895195 -105.0197579568539 16.665780319733166 107.21374908414087 73.2872453233061 58.09487379458314 5.120941881240793 -78.97904385887719 105.50245156956233 -71.96130067755428 97.36724827079783 -76.66283715376238 -149.1287911005651 -238.54995898627104 -95.82099578858892 11.319596993356484 24.425534525708187 -115.17386692852511 -58.14793701794211 72.40343562884709 46.615008595248824 5.731181847471389 -31.551483574266733
2301 32214 0 0 0 -27.280467362361126 -59.337473560218015 37.3793989011257 -69.57078476855423 14.151529283309516 -64.24973446949586 -22.65983745509672 -9.453871047557723 -105.01441952312722 16.66780264649648 107.19644988953583 73.28915180063352 58.0859038542311 5.120026605532696 -78.97896472135504 105.49285468842976 -71.96069842308177 97.36700227406276 -76.66382323998104 -149.13044237138567 -238.54929192996005 -95.82273506286275 11.321981341842191 24.4243131946754 -115.1745924652232 -58.14887155172349 72.39952319718249 46.61485663279153 5.731703340308474 -31.551740743088853
2401 33614 0 0 0 -27.262122195412054 -59.33828907709507 37.3789041744018 -69.58218100692359 14.151897923945999 -64.24640022254731 -22.643208988447327 -9.454882349017323 -105.02005587344135 16.672144619476157 107.16675682806111 73.28869181509369 58.086476541306546 5.12059133137589 -78.97991956470925 105.45304568180732 -71.95645113310545 97.3663337139766 -76.6624308213966 -149.13382756927894 -238.54929035569006 -95.82085820570035 11.321236360300391 24.42459867137359 -115.1746005459647 -58.14912412190821 72.40048620179573 46.614472183015906 5.731538830159555 -31.552402160479573
2501 35014 0 0 0 -27.244942257805935 -59.33800430543125 37.3791285448671 -69.58543272129631 14.151669411414767 -64.24845270459365 -22.64721156283292 -9.457631393080227 -105.04042901787088 16.66969986784106 107.08772541069513 73.2869584024751 58.09196446400352 5.121589811243246 -78.97937944207237 105.33423142744861 -71.95013238764925 97.36724258321861 -76.65816054364004 -149.1390569714437 -238.54654389061156 -95.81118119165312 11.316566941241541 24.425104989052404 -115.17358616413081 -58.148795796445334 72.39962611038182 46.61446455703487 5.7313547120854595 -31.55193324894345
2601 36414 0 0 0 -27.142485301327387 -59.337693664771685 37.37919725740776 -69.57265430989484 14.152775094133421 -64.24402354449887 -22.648586368427427 -9.455105695520654 -105.05579070584079 16.65986631301067 106.98962949051786 73.28659979912585 58.09267488592749 5.122168888213281 -78.9784762345025 105.19716904753363 -71.95753660943477 97.36635177855435 -76.65697091263802 -149.14619055950135 -238.53307920526046 -95.81558013841841 11.315594761955797 24.42325128665739 -115.17238279242376 -58.14833263254515 72.40447431978953 46.614882229490455 5.729629627077439 -31.552043686967735
2701 37814 0 0 0 -27.151798882435553 -59.3378811427559 37.37911471022491 -69.57379685105377 14.15282357858877 -64.24448661484435 -22.651607666020432 -9.454824576066578 -105.06340417163521 16.662211514392254 106.99389217426942 73.28680438346917 58.09286145814433 5.1220424765496375 -78.97847303146472 105.17488087440306 -71.9535504040636 97.36646162379193 -76.6570580448644 -149.14439899440083 -238.5315714619455 -95.81921964136008 11.316500172859207 24.422708329119413 -115.17249980708216 -58.14813899644644 72.40392555113583 46.61472796754101 5.729681356621038 -31.55211655039699
2801 39214 0 0 0 -27.149375943515185 -59.33707957695361 37.37954482041855 -69.57428058517482 14.153026105181505 -64.24416985057053 -22.65001244026925 -9.454430136807114 -105.06866252885762 16.662119992411373 107.0059829568378 73.28693353523931 58.09476649816669 5.1219868620827835 -78.97794265592732 105.16105346378082 -71.95412324546923 97.36659717195776 -76.65669879264362 -149.14251845372576 -238.5327586390421 -95.81781505523728 11.316957582554547 24.422143470184917 -115.172578368412 -58.147926917696175 72.40443522010322 46.61523175032948 5.72951320199845 -31.55162849639094
2901 40614 0 0 0 -27.142813094598782 -59.337458797825356 37.379336868505284 -69.57343516932164 14.15301608969742 -64.24286728464564 -22.65115422594789 -9.454298115141853 -105.07667262885339 16.662563015725397 107.02628678129778 73.28597534839692 58.093161642778334 5.122311527296998 -78.97801486252224 105.13223649436314 -71.95409447292336 97.36641479126813 -76.65536758405881 -149.14302169668747 -238.53596010386642 -95.81714751633315 11.315341556562014 24.42231755114728 -115.17199173601927 -58.14805377734436 72.40702314229837 46.61501556289893 5.729114461333832 -31.55190628556669
3001 42014 0 0 0 -27.1459331124433 -59.33781806039854 37.37914626432674 -69.57453457960875 14.153175995178474 -64.24213524366938 -22.65288805673421 -9.453551102451442 -105.06016330164279 16.664779467714062 107.0664163134064 73.28623095300289 58.094592757218095 5.122549708860967 -78.97832754735208 105.06709603781077 -71.95555245215975 97.36646647173029 -76.6549267238265 -149.1387514153695 -238.53929624418876 -95.81772850273677 11.314720970768285 24.421609742533544 -115.17171137630658 -58.14821838429282 72.40635921169006 46.614770109566756 5.728997312890964 -31.552077670173748
3101 43414 0 0 0 -27.145456517202128 -59.33762047206437 37.3792689569346 -69.57471894949859 14.153111554506271 -64.24221017325259 -22.65451941898691 -9.454011934758977 -105.05377528062387 16.664981038516856 107.05977453906623 73.28618037184141 58.09348195194815 5.12254036509589 -78.97776852326093 105.04787328881424 -71.95448798364176 97.36668327375003 -76.65490458730619 -149.13953723903174 -238.53900521965298 -95.81731202983367 11.314796395611525 24.42149852721073 -115.17182935559566 -58.14793055526921 72.40733527458849 46.6148520218361 5.728979933714014 -31.551897220329593
3201 44814 0 0 0 -27.14435654522165 -59.33758389967645 37.37928320792727 -69.57467051448049 14.153212471703968 -64.24211660195408 -22.654073152124653 -9.453967203511082 -105.05106505119834 16.664870545696907 107.06196476394756 73.28597138363867 58.09319018835394 5.122545607760421 -78.97784669632328 105.04746692752846 -71.95447802730529 97.36664022813962 -76.65504073085093 -149.13939873751733 -238.5390794114961 -95.81733486055236 11.314867351795877 24.42159158033553 -115.17180232061983 -58.14791133298899 72.40761472740606 46.614887101079255 5.7289104200552226 -31.551890101358033
3301 46214 0 0 0 -27.14471912304465 -59.33762940112939 37.379264223742254 -69.57463617502026 14.153221051756518 -64.24213870165815 -22.654067868523637 -9.454038748135273 -105.05052269877687 16.66521674333138 107.06249452355803 73.28598540017681 58.09327268959063 5.1225495257409595 -78.97793014364994 105.04766923803327 -71.9543950520471 97.36668440803207 -76.65512394655838 -149.13923993325858 -238.53921991461806 -95.81739489624837 11.314896414953914 24.42156927543877 -115.17179671439085 -58.14795392518099 72.40753358570647 46.6148459436188 5.72892210454861 -31.551901566603608
3401 47614 0 0 0 -27.144880853730886 -59.33764604573773 37.379258496328895 -69.57466974282381 14.153231494441767 -64.24211765852601 -22.654059437084555 -9.454008434317345 -105.05034101682496 16.665221314023807 107.06240095885927 73.28597666559523 58.09331805619402 5.122560201474967 -78.97795124028691 105.0485564252138 -71.95436035315278 97.36671247826882 -76.65512746701096 -149.1391707985204 -238.53918424673142 -95.81742021029136 11.314891641482589 24.421518997558195 -115.17177258635282 -58.14797108765664 72.40755277481881 46.61482802825475 5.72891395723855 -31.55190199668819
3501 49014 0 0 0 -27.14509210400126 -59.3376380836234 37.37926240326948 -69.5747231205453 14.153246518083243 -64.24205666233408 -22.654071175725097 -9.453954586224203 -105.05023105468922 16.665077527076715 107.06231827475867 73.28593954055705 58.09331802969797 5.122576548958137 -78.97792064536003 105.04979588942545 -71.95433071899316 97.36671053156546 -76.65506956550713 -149.13915423019353 -238.53912777816484 -95.81738914455701 11.314843026218641 24.42149236846958 -115.17174399205763 -58.14796162758938 72.40764505662094 46.614833847488015 5.728891997040896 -31.55189815374533
3601 50414 0 0 0 -27.145366403302646 -59.33764656741315 37.379252632734776 -69.5747369959253 14.153244379469744 -64.24201235153943 -22.654231652868596 -9.453959508399919 -105.05003961393399 16.665167358761632 107.0624787118844 73.28591381136626 58.09327783511391 5.122594171379397 -78.97789971685708 105.0504155132928 -71.95429225148993 97.36665760236349 -76.65501700887673 -149.13917630572922 -238.53923470319774 -95.8172974166646 11.31479601660308 24.421528959683176 -115.1717339509301 -58.147939462584354 72.40765344129262 46.61484084341962 5.728890063589773 -31.551919650831003
3701 51814 0 0 0 -27.145903024596567 -59.33762685557069 37.37926653137491 -69.57473733191183 14.153240561823727 -64.2420618603458 -22.65418671661034 -9.453950208333021 -105.04991179439058 16.66524242653452 107.06248664246202 73.28591908836181 58.093361522432694 5.122607372327338 -78.97792613749299 105.05024777014535 -71.95445393117775 97.36669421103743 -76.65498960276744 -149.13916762626542 -238.53931664461842 -95.81721724236498 11.314802299780794 24.421574701335672 -115.17172472132039 -58.147966030621134 72.40761502774113 46.61484530617176 5.728891891199138 -31.551897034319445
3801 53214 0 0 0 -27.146516005127925 -59.33762771362491 37.37926369619404 -69.57481795435258 14.153226117430398 -64.24212650909664 -22.654187633657244 -9.45395008859362 -105.04982579397115 16.665161686644232 107.0620443205699 73.28592425776263 58.09350007747998 5.1225986908365915 -78.9779525844012 105.05000072712578 -71.9545970344149 97.36667072952235 -76.65502000176853 -149.1391039527862 -238.53919108689 -95.81726403065474 11.314816155571155 24.421631878171006 -115.17175764391146 -58.147934269983786 72.40753990360601 46.61485036229624 5.728940584832198 -31.551904945453053
3901 54614 0 0 0 -27.14575973152948 -59.33761567552326 37.37926972307982 -69.57494130013863 14.153213320331451 -64.24210564943013 -22.65411203841268 -9.453963825158135 -105.04977250676788 16.665249817752507 107.0619305473631 73.28591594696938 58.0934989003835 5.122582490891184 -78.97792101700169 105.05011640199723 -71.95471035398823 97.36666893035054 -76.65501793968424 -149.13890994409945 -238.53914677827686 -95.81730065279267 11.314811437725663 24.421666339526226 -115.17178394157786 -58.14792677822745 72.40751474633635 46.61485888122713 5.7289540359262485 -31.55189877848731
4001 56014 0 0 0 -27.145461489724976 -59.33765381970155 37.37925332187133 -69.57491860560344 14.153213696935103 -64.24207105910585 -22.65421711918936 -9.453952255042282 -105.04980624120475 16.66533290540822 107.06126046944051 73.28585422129683 58.09357310604569 5.122580251356516 -78.97791954034344 105.05006065863594 -71.95491521955284 97.36670107128685 -76.65497716635643 -149.13880007285053 -238.5390120710707 -95.81725147150189 11.314771104848012 24.42166729023183 -115.17178249863787 -58.14793032552616 72.4076251101548 46.61482554401745 5.72894843786157 -31.551909953865
4101 57414 0 0 0 -5.1548155480940325 -2349511.8387627024 2541891.9551120764 -58.673511490170704 -55.5633871755424 -99.23680157049267 -31.178380669702957 102.46732029272792 -57.44024736644452 -27.8727575666244 -7.243974053450227 107.05253012435696 2.3793030003733278 933.7281394019266 -121.20960512832654 22.39454232598596 -37.307246141965095 1318347.3035688621 -160.82080325416115 -52.261580048426914 -272.94760409710256 -213.59657029949594 -133.06807617275533 80.71438238412834 -1315.8346956149496 -350.91794603566996 293.4593068241042 3492064.892317513 -262.1021992989961 -2337133.8514692904
4116 57624 0 0 0 -5.1548155392880615 -2349511.838762713 2541891.955112073 -58.673511498897085 -55.563387186596245 -99.23680155180797 -31.178380681046313 102.46732030952367 -57.44024736646266 -27.872757580524432 -7.24397406639619 107.05253012830161 2.3793030055286737 933.7281394018135 -121.20960511182673 22.394542352723235 -37.30724614514189 1318347.3035688528 -160.82080323739115 -52.26158002632777 -272.94760409356303 -213.59657028130383 -133.06807618349427 80.71438239817998 -1315.83469561345 -350.9179460455334 293.4593068203571 3492064.892317482 -262.1021993108701 -2337133.851469285
