% # columns="iteration, evaluation, sigma, axis ratio, bestever, best, median, worst objective function value, further objective values of best", seed=44, Mon Jul  6 00:48:54 2020, <python>{}</python>
1 10 50 1.0000450010125153 2887.83125119091 2.8878312511909098e+03 148077.55543297104 2024340.4902818792   
2 20 50.0 1.135959344988065 2603.4535447053313 2.6034535447053313e+03 163994.331217302 1920857.4775452593   
3 30 48.360805024100294 1.2579430608175706 2262.5422687598266 2.2625422687598266e+03 4079.718187246019 119343.86549952316   
101 1010 0.05381611480748126 17.445813588813923 1875.4370521202732 1.8754370521202732e+03 1875.9745580309523 1876.7427796801373   
201 2010 0.049132231306984436 236.20857761739967 1872.1437218937592 1.8721503988504087e+03 1872.2203084948042 1872.3150517377314   
301 3010 0.022569707460211284 2683.778124707725 1871.719104777037 1.8717191047770370e+03 1871.7254065659768 1871.7314143504543   
401 4010 4.334380295714295e-05 16.966306017600317 1871.7156736364389 1.8717156736364389e+03 1871.7156743808846 1871.7156752795672   
501 5010 1.8290773130830765e-05 300.9279653853541 1871.7156692397025 1.8717156692397025e+03 1871.7156692532376 1871.715669268216   
600 6000 3.599294900383069e-07 7768.201749741348 1871.7156692324927 1.8717156692324938e+03 1871.7156692325036 1871.7156692325198   
