% # columns="iteration, evaluation, void, void, void, xmean", seed=47, Mon Jul  6 00:53:40 2020, <python>{}</python> # scaling_of_variables: 1, typical_x: 0
1 14 0 0 0 26.63861423612675 -10.668594624026575 6.010416284826432 -4.300757586223304 8.289141961421265 -19.445808604757612 -1.064544722141425 5.0717604871467 1.5677952971784574 5.9743857048619216 6.647708716492452 -11.231854471092573 -26.109145623541774 -13.6073178643119 -29.146478619049923 31.152471979695157 8.063565850913436 66.35130143982552 -24.09820234138971 55.66577219582204 -24.073595189855403 37.91773340585066 6.853015322483815 -7.971981504253243 -80.66566559546341 -22.10743398837676 -20.382198448915748 13.076612058871321 -15.518653113263511 -39.22845430417344
2 28 0 0 0 16.300629133516704 -6.344086523642774 3.328474488023318 -0.16506641431114932 -2.0676602245364606 11.03111513617353 -29.73416554330866 -6.29091818215099 -43.93460777938869 2.42318555648195 -31.65850071561981 -39.51430931201003 4.807985721066114 18.140375891010216 -32.9353361737959 50.79573712862382 15.21469631569456 73.61318052847463 -26.475962071119827 57.04403841195712 -33.74914099821669 64.96782887953275 29.838089024928294 -27.613273148630846 -97.16448429747693 44.132509619614254 -43.26899920179468 18.291474035162185 7.786436560954172 -21.17709309298723
3 42 0 0 0 14.838587009465265 -32.46243817993888 6.3725842733320315 -44.40222154914513 -14.31396249105601 7.557167532670977 -37.015790886168325 -19.369082109434252 -94.45716334118514 -21.781605907500445 -36.19462299898101 -38.302283630435284 -5.861387468969907 38.98477766650206 -30.88132870047746 64.5625639929485 49.66706615887612 116.28147786169667 -4.570485818895509 48.03250918157707 -41.430844758874265 94.1132473230206 35.58297239612184 -7.740176361074958 -96.01425291946542 38.08897596736034 -46.9375916472986 52.274665034212816 10.24911440088188 -1.438740399607731
101 1414 0 0 0 -28.038790278232398 -45.31398927656825 -16.713877303302272 46.2780047832695 22.448366202517665 40.73152320348736 -59.84837918908821 67.81638435998998 15.646322431936897 -51.31447921541372 -28.225902358635278 24.072366165134056 35.074502661809476 81.07981880134436 -82.09740275776775 130.03525791157523 56.73626801790537 64.55399524240727 14.115884342328078 -2.2779926669558908 -52.79530723215537 189.0580950371369 -13.270543990942834 -17.985917724128953 -39.22714245471418 140.07744199029028 -119.60536801959223 -14.205498103971355 -10.760513397148875 -7.130156489446986
201 2814 0 0 0 -15.17235974819285 -38.01309633180498 -30.368938012884566 29.972735341152504 4.518409227688866 31.590659093662016 -57.31619317356569 67.83417264639573 22.351916674848127 -36.12423724037896 -29.17309864053255 11.48108374682643 30.707656979089315 63.569406683276796 -82.83634318913703 117.55555929972763 54.939857405356264 74.6319052613649 -19.120982257665045 -14.573606839243244 -40.725084705006644 204.8026781147678 -64.23181807725112 4.480656791616258 -40.290164560390444 165.72844904893827 -143.38144954725763 -28.843369612090825 -6.9707821269572685 -8.004527273263903
301 4214 0 0 0 -11.83901721625964 -39.00930581319099 -31.031393396280873 29.090028686476565 17.103836427420617 30.500993848642153 -56.81684138838859 68.00359706796846 22.351682376178204 -36.518492296877206 -29.597288750908323 -0.954644740871846 15.764418372254122 65.2827444087783 -86.98584404443199 118.67423294422994 53.5647156304667 75.56159596859055 -29.96415142510489 -20.736344008295607 -40.656569034047656 204.0374956384633 -83.55849303753288 11.277723696015045 -40.85359017673049 165.30955963078864 -143.74809799894047 -27.847506147611018 -7.3804060243542065 -7.494888641936218
401 5614 0 0 0 -4.579440102645742 -35.21498519062172 -30.903406290511143 26.4697263427147 23.663836884367036 28.344136816793256 -56.54370246061475 68.45536492831798 22.23113897238979 -36.461348045943716 -29.3809865642086 -4.975418564838437 0.8788924497477333 65.03968459562431 -82.6988075738708 118.53504256985508 53.51562530953109 75.48374266082598 -32.644536283159646 -20.410813471809956 -40.63950706549799 204.0537527123855 -101.4591400898547 21.872311096941868 -40.75951811284066 165.39476495725816 -143.46276992728116 -27.689707590082026 -7.7933736083591425 -7.889857569366506
501 7014 0 0 0 -2.6728298493027927 -35.15758575726532 -31.102829180758572 24.00985636534489 21.478827127529975 30.32130576565465 -56.75330804806096 68.19215396330063 22.371633905511313 -36.479859384038654 -29.457705925890252 -3.7885582112475724 1.7980442548586937 65.13453705931595 -80.47850259551133 118.43427534062415 53.721181737745816 75.49388838493076 -31.785253935288058 -16.970291619580905 -40.76375622217877 204.056968633273 -105.65591815983943 23.378550513970755 -40.66380363559512 165.27925863169477 -143.55776988625337 -27.75734091169176 -7.579130528751267 -7.8115731887034885
601 8414 0 0 0 1.0951802478466175 -43.109915059829085 -31.006252329407733 12.760988389718769 23.07300517123816 36.44665462524542 -56.92982632576886 68.39129179410888 22.32007756576497 -36.69960397516952 -29.477434680550676 -1.6123556756956043 3.610977860675501 65.1881526164376 -88.07117692060204 118.49780474442193 53.75363723681955 75.32976800540871 -39.43249998975494 -10.57536241151154 -40.77565326104803 203.96815301298295 -104.8085860259933 29.415172065711303 -40.80024657695595 165.20835621726857 -143.54841698251713 -27.798547829069665 -7.690674815362718 -7.886323824930973
701 9814 0 0 0 0.6282884521849225 -49.99786600243821 -31.112523008190006 -1.9173480010946324 33.687746118780986 37.80691590658252 -56.680996697594466 68.11654427368157 22.328231713153386 -36.412373885474764 -29.49889596717792 -3.6788621272537485 6.554903025056667 65.07296339230764 -101.33600994285524 118.49601629679081 53.71454032975059 75.51621180529041 -48.74620592594199 -6.335221854327819 -40.7414253884416 204.04171191239163 -105.1784666067403 31.17443635711906 -40.69792205667298 165.30076492942837 -143.6149030194846 -27.788435419803285 -7.658598229344539 -7.825890339138345
801 11214 0 0 0 0.4253660755377384 -50.046196071614126 -31.107068203074995 -2.129610051180255 35.01015021955417 36.785026627125184 -56.731815231779585 68.21949108062284 22.326364146162746 -36.50992581058599 -29.518574551970005 -3.8907793954976357 6.78042363879135 65.07968143809696 -102.10342790428955 118.4620836708918 53.73961561515006 75.50547057270973 -49.78521620094566 -5.955667640677168 -40.79326589166206 204.01998612053734 -105.0430414698321 32.30302860446862 -40.685787192576996 165.30046467557713 -143.57740791806955 -27.766197574170427 -7.589871938691225 -7.820426465190708
901 12614 0 0 0 0.4113183490789365 -50.0608641235726 -31.103440405284978 -2.1863460544008277 35.02152778870865 36.82179778917875 -56.726733301936044 68.21548627538196 22.32773031803369 -36.5124781154026 -29.51479178534847 -3.9635033973029055 6.810821918193148 65.07787724759724 -102.1574960576424 118.45813414151446 53.740206025510275 75.50790382011992 -49.83577819419388 -5.968939691602798 -40.79224392696371 204.02110714577444 -105.04886279937072 32.33798883496367 -40.6850227868272 165.29837920872322 -143.5836548635941 -27.76332879727212 -7.598673453638792 -7.814141563810965
1001 14014 0 0 0 0.40504040641362227 -50.07809831257037 -31.103783264495824 -2.174479769322503 35.017569675406335 36.82371641448696 -56.726861003088906 68.21514481938232 22.327393492098334 -36.51260563258193 -29.515025920462275 -3.9640333847412372 6.828551399630714 65.07807001802749 -102.33408244142295 118.45757331683687 53.740056951798145 75.50769043959212 -49.84888662932597 -5.952814410731583 -40.79210965073675 204.02102647217055 -105.04920043459086 32.342537596132814 -40.68528216116758 165.29861357172166 -143.58341769663193 -27.76321775756166 -7.597925869523175 -7.812875737042343
1101 15414 0 0 0 0.4020323261704854 -50.086930682280894 -31.103463672424137 -2.171319111594756 35.01672235874081 36.82328042573978 -56.72693671766275 68.21518006168026 22.327423721147024 -36.51224467729284 -29.515093197905077 -3.960854672352661 6.842970877464124 65.07790275192802 -102.44671412722991 118.45793902774817 53.74011289202225 75.50810503013415 -49.858170667794816 -5.946498554868347 -40.79215820062621 204.02104564850617 -105.05003617139197 32.34101801586954 -40.68515027400032 165.29849435737282 -143.58316474318545 -27.76331645207417 -7.598411606551192 -7.813870443814423
1201 16814 0 0 0 0.40216554825053213 -50.08684256320825 -31.10345995002126 -2.1712295447821486 35.01654026524998 36.82333653884918 -56.72693493280916 68.21517690579152 22.32743232460626 -36.51224157542707 -29.51508328249658 -3.9608556131176784 6.842833540472711 65.07792331483793 -102.44637888024326 118.4579399902595 53.74010209547065 75.50811374711806 -49.85797709338641 -5.946562101511626 -40.792165078111026 204.02104313553605 -105.05000154756819 32.34104091507942 -40.68514284110099 165.29849227055786 -143.58317656583105 -27.7633135894322 -7.598421240321964 -7.813897206911166
1238 17332 0 0 0 0.40216519944196505 -50.08684140161697 -31.103460181344218 -2.171228727844157 35.016536659519815 36.82333988140072 -56.7269352100211 68.21517670467598 22.327432117061463 -36.512242669667756 -29.51508353848763 -3.9608547113502697 6.842838789972363 65.07792323782269 -102.4463795785404 118.45793957943744 53.74010161521586 75.5081138887723 -49.85797530285991 -5.946562015185556 -40.792165105188545 204.02104298558467 -105.04999930659527 32.341036894448436 -40.68514299469433 165.29849213693814 -143.58317788096903 -27.763313547336537 -7.598420884407525 -7.813897537891085
