% # columns="iteration, evaluation, min max(neg(.)) min(pos(.)) max correlation, correlation matrix principle axes lengths  (sorted square roots of eigenvalues of correlation matrix)", seed=877742, Thu Jul  2 14:38:43 2020
1 6 -0.15786149322712778 -0.15786149322712778 -0.15786149322712778 -0.15786149322712778 0.9176810484982635 1.0760397266026602
2 12 -0.28680363479830434 -0.28680363479830434 -0.28680363479830434 -0.28680363479830434 0.9176810484982635 1.0760397266026602
3 18 -0.31735262536045633 -0.31735262536045633 -0.31735262536045633 -0.31735262536045633 0.8262247724678459 1.1477598291282267
101 606 -0.5513632737460415 -0.5513632737460415 -0.5513632737460415 -0.5513632737460415 0.6698034982395648 1.2455373433767618
98 588 -0.9999999032669937 -0.9999999032669937 -0.9999999032669937 -0.9999999032669937 0.8690762150272455 1.1156641665276863
101 606 -0.9966641607859275 -0.9966641607859275 -0.9966641607859275 -0.9966641607859275 0.05775672440566928 1.4130336729129733
201 1206 -0.16707483298133854 -0.16707483298133854 -0.16707483298133854 -0.16707483298133854 0.9126473398956803 1.0803123775007573
130 780 -0.9999975962042159 -0.9999975962042159 -0.9999975962042159 -0.9999975962042159 0.05775672440566928 1.4130336729129733
210 1260 -0.4868436408795145 -0.4868436408795145 -0.4868436408795145 -0.4868436408795145 0.9126473398956803 1.0803123775007573
