% # columns="iter, evals, sigma, 0, fitness, xbest" seed=47, Mon Jul  6 01:09:20 2020, <python>{}</python>
1 14 47.782415377163126 0 4839.651296452737 11.81755481852323 -24.83697711472366 -27.21451781925563 -32.953832226387384 10.334132523756189 85.991627835307 -29.494679499113907 30.79796322166306 68.37162569805713 -22.882186587367624 21.18562046186949 -97.40993132957593 93.64909792387759 34.303275567953676 75.33099016276414 14.121137175992313 -75.79893678470384 80.20098174170357 61.25218064687047 -56.160852926880686 77.39997429067776 -67.36785178361046 -67.89030933790764 97.09847419899624 52.23096711837235 11.791120979692135 43.410876571905284 -0.4873699404915811 -36.472764363690516 -20.759051143710096
2 28 49.35594448776576 0 4843.0797464678935 -20.1055167388292 13.87295550522732 4.786436907809836 -90.28849027906571 11.580625175976401 27.903031040932106 -22.76574001702875 5.1565178891852845 50.338618682633765 36.80556388493794 12.102922999504283 -36.68334850002386 76.64880235480143 64.90522941110498 -2.379540476520873 -3.6491973835408906 -13.806650261432086 4.471446255734332 -33.04523328506147 -99.38694241975367 -38.7764363475413 -37.40702637865106 -8.093449104745105 6.114516003279334 -12.937160873481776 76.60415434856694 44.628031324180164 26.84952823378904 -80.18898967386497 -55.03626067895856
3 42 52.29383045618129 0 4659.819808742417 49.50059567820764 -11.01899739879526 26.596486055486807 -30.31029723510173 11.008237246372248 62.209409674782506 -47.44360831666292 -75.60851892885344 76.73938826414668 -38.681410303629775 -14.100953625371567 -4.728826773916218 -4.477160265822736 -8.465636955653554 25.17177344116334 -5.213267661509683 54.414297322743906 41.09681095898377 0.744186213787593 -62.99558003592613 -4.635435510350824 -21.716960290524497 -32.77756365736917 -87.43432631883691 55.77231760912294 63.929652682159954 71.02653345697331 27.590390192841333 -39.45771246717523 -99.00320529679423
101 1414 1.9286084721633465 0 2811.8976903285698 -85.82402288883867 -63.233705930058534 -77.03198154250688 88.39176480285843 -77.09085050988514 -60.44931943648652 86.33687515882738 -46.62926316271268 -96.88523356404329 -8.936884709937342 29.01226438312173 26.77824125756308 37.232120433089165 -76.31370537291086 27.04462334926106 -71.80755823434909 41.31780179742412 31.50567611525328 -9.977361848197098 -41.43039139294845 56.51053171959208 -52.229799447467286 17.46550012033947 -6.498888164620897 -2.0872712563223956 98.95086449009443 87.0224953590286 -83.6667120928204 49.61739588260608 -91.66841317141453
201 2814 0.016823124922622154 0 2713.0593676447006 -86.43294340024553 -61.6290392902074 -79.64636470113827 89.05086575146359 -75.92325729910942 -61.621494793814435 83.68684768747835 -45.63924847510194 -98.70025531558935 -8.915609426491452 27.15447114834734 17.220592795775104 35.06610595073957 -74.33680707788807 28.631534375502127 -68.10968766108844 35.17374275636586 28.723937693666006 -8.191765187570006 -40.54947512616795 53.858772651087406 -50.87169426324198 18.393937642901506 -7.939947079780383 1.402062558338912 98.7043818790264 85.4240230381854 -87.63493074349705 47.95453765445386 -90.29897197966872
301 4214 0.0031025634375270237 0 2713.0344120058667 -86.50333104352582 -61.61463784442634 -79.59606845267946 89.07721372359018 -75.95445216647883 -61.60746224383459 83.7020609233688 -45.67323698290699 -98.75176863723266 -8.934600353368069 27.200926306679662 17.197814837179834 34.974044229320505 -74.36029448703857 28.643563989262844 -68.17502769337894 35.16853793950186 28.758794279460055 -8.216333017498016 -40.58154950749682 53.894662628486344 -50.83328868028664 18.41758829693157 -7.986299639307107 1.37522941941927 98.7372523401756 85.40928067511913 -87.63620991788801 47.85758665970274 -90.28032224048988
401 5614 0.0005350690650151465 0 2713.0334013763572 -86.50554112478983 -61.61160443679961 -79.59908215899615 89.06902108008083 -75.95648434018494 -61.60422354597438 83.69382528663417 -45.68435887983626 -98.76470470513782 -8.934285627810072 27.20116324056363 17.20153740413795 34.95510563351103 -74.35910728828676 28.6410146371457 -68.1706928838488 35.158738292594705 28.755006209638832 -8.207118929053996 -40.58889815984196 53.891285163626264 -50.83859831121427 18.413497278092564 -7.990686500409029 1.3737879731144744 98.74317541085613 85.41005965556565 -87.64300882568105 47.849314621414244 -90.27643134247754
501 7014 0.0005103647862936129 0 2713.0330496318857 -86.50501036480345 -61.61273874327401 -79.60031562792615 89.07128771119633 -75.9554793930811 -61.603504589046395 83.69788449117723 -45.678617364139456 -98.77994215445264 -8.928284843938254 27.202250087242163 17.20212601787881 34.947226306045415 -74.3595291314405 28.637582384083686 -68.1730988478616 35.15418190856924 28.75340827936917 -8.208277602898734 -40.58496019462535 53.88879611929309 -50.83878290229211 18.41163163220017 -7.98938062913809 1.369917159128562 98.75028649429191 85.411447772864 -87.64188870557476 47.84732854121753 -90.2721850400432
601 8414 5.952425043168927e-05 0 2713.0329771986476 -86.5048805016694 -61.61243493601043 -79.59817228611365 89.06923830162609 -75.95514984992161 -61.60488334627223 83.69636520275566 -45.677575298581615 -98.78287997865519 -8.931216291393039 27.201175234540727 17.201863688892587 34.94430528948256 -74.36153691778958 28.640605912515184 -68.17110709569688 35.156113093203174 28.755113649843544 -8.207951660760193 -40.5856358942618 53.888156651515516 -50.83990901465219 18.411052536641222 -7.991140499739148 1.3690434727531908 98.75029200130959 85.41207174067159 -87.6417038814619 47.84921397062914 -90.27295032447832
701 9814 0.00019555612922503613 0 2713.0329501840415 -86.50573824499773 -61.611955421605415 -79.6001113961068 89.06819534080014 -75.95468434811866 -61.60369333966648 83.6952596288113 -45.67774687752864 -98.78538478852141 -8.93075726818499 27.200176021410726 17.202563838673058 34.943482672496096 -74.36194900638213 28.639886073578907 -68.1704973887073 35.15612053570295 28.75380235482888 -8.208965465645047 -40.58640681546629 53.888761220212075 -50.83874091703839 18.410823704252863 -7.9921926154100955 1.3693363826652103 98.7502586716305 85.41229296277396 -87.64249923758186 47.851228480416985 -90.27218000319851
801 11214 3.5932863984705706e-05 0 2713.0329412647593 -86.50494705968295 -61.61164794262635 -79.59959699641317 89.06784588249204 -75.95449537760848 -61.60353799041508 83.69534358160249 -45.677565622499664 -98.78618529508739 -8.93156892029136 27.19988952945485 17.203364957003743 34.94353954131294 -74.36201190634522 28.640201640643113 -68.17069407019328 35.15515684068028 28.75422035213939 -8.208815887232992 -40.58721542643116 53.88869523918072 -50.838884974729666 18.411126427407112 -7.991699196560757 1.369305903248943 98.75051280124343 85.41224215879248 -87.64206162215217 47.851512363954754 -90.27220254279446
901 12614 4.5793359819488814e-05 0 2713.03293379255 -86.5046696646555 -61.61143923197341 -79.59987571712549 89.06774155181168 -75.95427396327398 -61.60325156798169 83.69602296067939 -45.677471539911956 -98.78700828557419 -8.931777128565008 27.200789431012055 17.20378771146312 34.9432345250596 -74.3621920080589 28.640315256239433 -68.170329292702 35.15466253373679 28.753597487980517 -8.208868933120726 -40.58755822751294 53.889014549559874 -50.83884651127738 18.411560200484587 -7.992366616310676 1.3696207110174043 98.75010464500559 85.41188458412887 -87.64212285743483 47.852634514114875 -90.2718856203973
1001 14014 5.2302824798825865e-05 0 2713.0329299568702 -86.50392982424458 -61.61136008506219 -79.59996063888637 89.0676462950108 -75.95451564763727 -61.60370811590826 83.69655108937903 -45.67751676565994 -98.78735623362584 -8.931451517483115 27.201091092332604 17.203759662324757 34.94274606887706 -74.36208060951299 28.640374267616323 -68.16986576367005 35.15365372361768 28.75357123921284 -8.208869231371914 -40.587128190508736 53.889109496438124 -50.83936442258454 18.411860494475604 -7.991730832405094 1.3698816918505372 98.74966600616175 85.4119320617965 -87.64257879946112 47.85335995791782 -90.27191265505944
1101 15414 2.0565968898891603e-05 0 2713.0329275752056 -86.50384739022246 -61.61146529584286 -79.59990286000739 89.06764140945776 -75.95456843830024 -61.60393950632027 83.6962373799926 -45.677817263447004 -98.78780319389841 -8.93151715060097 27.20089750164871 17.203799834455026 34.942868619302345 -74.36212118602347 28.640580808537806 -68.16957092649011 35.15356088668657 28.753614673227062 -8.208613360911661 -40.587180839722066 53.8894483322091 -50.83938508900292 18.411882792645685 -7.991480816470977 1.3698383271245973 98.74924999555873 85.41182358332159 -87.64251462461058 47.85356250468259 -90.27208261112156
1201 16814 8.128291637934693e-05 0 2713.0329248706335 -86.50369667442799 -61.61191125226452 -79.59977840401929 89.06784661556233 -75.95516204577504 -61.60381879563445 83.69610375747195 -45.67804567947574 -98.78867731502403 -8.931319659886926 27.200678758536014 17.204229855823257 34.94415630200674 -74.36293457414887 28.640703167201934 -68.16946996226015 35.153250953814855 28.753816925973958 -8.208838811300216 -40.587138662731036 53.8893612282005 -50.83940167789555 18.411790132969884 -7.990760018463991 1.369938303099275 98.74876304038399 85.41162036314913 -87.64234001252387 47.85351286654302 -90.2724169372761
1301 18214 3.057231091169912e-05 0 2713.0329244633795 -86.50350581089229 -61.6118210499003 -79.59978438651943 89.06782221071316 -75.95521900031915 -61.60393252769927 83.69624488450486 -45.67813741825749 -98.78866999110734 -8.931348768432105 27.200855025044604 17.20410284853932 34.944359165575996 -74.36302742938946 28.640831518277764 -68.16940781973645 35.153254230622174 28.7538197320724 -8.20886326734182 -40.58716459054469 53.88937488520381 -50.83936404744421 18.411838675061347 -7.990911564310497 1.3699614175553734 98.74860592825641 85.41161330652989 -87.64229799023721 47.85344111184969 -90.2724188563605
1401 19614 1.1787466256047713e-05 0 2713.0329240245483 -86.50316512732762 -61.611885591443524 -79.59994309019191 89.06782788220724 -75.95521253210859 -61.6038746766709 83.69625023058694 -45.67817198434648 -98.78879429811538 -8.931611862257903 27.200950758426927 17.204188155047092 34.94500954206987 -74.3631469422746 28.640977443468046 -68.16942740627542 35.15344941497102 28.753909616396538 -8.208854821221895 -40.587054131759515 53.8892078983844 -50.8393833302043 18.411799094736153 -7.990952669899601 1.369967826291429 98.74839826610904 85.41160802874094 -87.64224973780173 47.85325010726819 -90.272589074787
1501 21014 1.7589189191819153e-05 0 2713.0329238326594 -86.50291124949052 -61.61191826988431 -79.59990956654715 89.06784585987876 -75.95508640586459 -61.60385397640812 83.6962789193488 -45.67812752516829 -98.788874750164 -8.931693815326927 27.200842014195388 17.20422641758006 34.94524595281939 -74.36294283600795 28.640950927767562 -68.16945095089339 35.15366916112454 28.753762930470913 -8.2088872375564 -40.586950172183265 53.889172671294034 -50.839367202442304 18.411736523786914 -7.991105852611309 1.3699509306422328 98.74833607292128 85.41161432490804 -87.64222428290455 47.85322723389141 -90.2726495210763
1601 22414 6.86394053481626e-06 0 2713.0329237599585 -86.50288334701334 -61.611931772794435 -79.59987313597726 89.06787885362465 -75.95500635219673 -61.60386608033053 83.69628287111337 -45.67807006535565 -98.78890822424464 -8.93161884891639 27.20088086606296 17.204231806085772 34.945428920019886 -74.36282212915589 28.640877130155616 -68.16942424082539 35.15372812273257 28.75371662335839 -8.208911616359492 -40.58689439431981 53.88918470545451 -50.839351613667475 18.411783152195966 -7.991092789029712 1.3699888477437696 98.74836385426998 85.41160414698277 -87.64220863888633 47.85328629669819 -90.27261191441684
1701 23814 1.5734979037419555e-06 0 2713.0329237216206 -86.50290002699775 -61.61195307777871 -79.59983570326662 89.06793145688343 -75.95496758628684 -61.60386273131243 83.696289850563 -45.67811792990003 -98.78892718117966 -8.931625241391547 27.20086275279388 17.204198053958777 34.94570906573508 -74.36283645626386 28.640890360743583 -68.16941463380367 35.15380495828672 28.75368813604581 -8.208893593494027 -40.58687150778866 53.88921583033343 -50.83937677407195 18.41177137750529 -7.991065505137817 1.3699878501441276 98.74838416358466 85.41159680911852 -87.64221730843306 47.853312062126676 -90.27262013480374
1801 25214 4.3927093483300726e-06 0 2713.032923711709 -86.50290678275725 -61.61196605727264 -79.59981804457047 89.06796160715581 -75.95498075196986 -61.60385218300004 83.69627517958028 -45.678170964599104 -98.78894678561277 -8.931635885953542 27.200877313350162 17.20417113845926 34.94580171829368 -74.3628481110288 28.64089613502736 -68.16938185851205 35.15381257770452 28.753683211677632 -8.208879774255038 -40.58687461823186 53.88922342226866 -50.83939289129134 18.41178066709429 -7.991068249036335 1.3699891890766196 98.74837161172346 85.41158900748056 -87.64223684511771 47.85334063380518 -90.27264653827706
1901 26614 6.238994729870411e-06 0 2713.0329237063 -86.50289099737776 -61.61197614179878 -79.59979537900912 89.06796595309177 -75.95499940484925 -61.603848999175256 83.69628969808815 -45.678188931555816 -98.7889274956452 -8.931630772756902 27.200913268733103 17.20414833109615 34.94581312514928 -74.36283140395808 28.640883119035806 -68.16937359620208 35.15383458800244 28.753691256940122 -8.208874409389848 -40.58685960025696 53.88922518469323 -50.83939716647558 18.411786847880904 -7.9910901620066195 1.3699881960608877 98.74838272826905 85.41159348685923 -87.64223639645039 47.853350928764506 -90.27264071888655
2001 28014 5.237695182782474e-06 0 2713.03292369887 -86.50288711022266 -61.611970313599215 -79.59981175631562 89.06794838997936 -75.95504116015437 -61.60383643960469 83.69627931439422 -45.67820733555676 -98.78892545117317 -8.93165282438004 27.200912261457262 17.20414008240391 34.94581150859443 -74.36280088620805 28.640871796838923 -68.16936726719827 35.153841951281734 28.753698119343063 -8.208874045412005 -40.58685784375646 53.88921440724718 -50.83939612670085 18.411771575284632 -7.9910782811135 1.3699792609677672 98.74840468681847 85.41162291437143 -87.64223307081264 47.85333807862233 -90.27263444125396
2101 29414 6.492702402916212e-07 0 2713.0329236969224 -86.50288556875702 -61.611978904039916 -79.59981373799138 89.06794054651331 -75.95505794876613 -61.60383601258354 83.69626270819927 -45.67820970980846 -98.78893674919176 -8.931652001855994 27.20091310478074 17.204130541636545 34.94583088556735 -74.36279471471194 28.640866673062078 -68.16935776277887 35.153845988184266 28.75370712621701 -8.20887270743959 -40.586857468133644 53.88922287568661 -50.83939981000199 18.411759000994948 -7.991070498172719 1.369964234554601 98.74840152774735 85.41162726138617 -87.64223704472786 47.853351678093404 -90.27262876046676
2201 30814 7.769305152531996e-07 0 2713.032923696599 -86.50288088030051 -61.61197734981218 -79.59981270217715 89.06793861812943 -75.9550554496112 -61.603837471102395 83.69625878504445 -45.67821283180082 -98.78893664113062 -8.931652700096786 27.200919774603506 17.20413087998827 34.94585212970378 -74.36279801854764 28.640869006613713 -68.16936205152793 35.153852315508885 28.753710379620024 -8.208872266178798 -40.58686052975287 53.88922348348518 -50.83939449779871 18.41175164602842 -7.991064985044182 1.3699657372408751 98.74839969666701 85.41162522901351 -87.64223974774475 47.853355394234725 -90.27262752356462
2301 32214 1.0921643839640154e-06 0 2713.032923696426 -86.50287944078512 -61.61198036594956 -79.59981319925534 89.06793867419347 -75.95505921976374 -61.60383982499155 83.69625786205867 -45.67820618572398 -98.78893664041564 -8.931648049840941 27.200923178721467 17.204131203414505 34.94584611432409 -74.36279286740914 28.640866060829666 -68.16936289915496 35.1538533561818 28.75370924190117 -8.208872629510976 -40.58686332819491 53.88922362675595 -50.83939535509276 18.4117542927861 -7.991062479044755 1.3699666351936628 98.74839862157808 85.41162453605128 -87.64223949641396 47.853357750888215 -90.272627290545
2401 33614 2.26936582228854e-07 0 2713.032923696357 -86.50287956727298 -61.61198046398286 -79.59981365806152 89.06793915997613 -75.95505943669497 -61.6038403587327 83.6962564841115 -45.67820714589528 -98.78893699503287 -8.93164761576642 27.200921457014573 17.20413042516148 34.94584957794665 -74.36279326909217 28.640866268504823 -68.16936593857177 35.15385357878917 28.75370940313351 -8.20887093385239 -40.58686715178894 53.88922222907996 -50.83939584530796 18.411753914553827 -7.991061996609555 1.369966943976209 98.74840041666712 85.41162522899262 -87.64223785364649 47.85335842750518 -90.27262713876927
2500 35000 3.0953689029147447e-08 0 2713.0329236963225 -86.50287761976398 -61.611980484128765 -79.59981402061953 89.06793919771016 -75.95506033641902 -61.60384093687611 83.69625687802551 -45.678206646726004 -98.78893713868842 -8.931645744026044 27.20092287621287 17.204130995647034 34.94585316567721 -74.362793555554 28.64086585114387 -68.16936948522019 35.15385612449602 28.753708366297616 -8.208870167583681 -40.586870590368335 53.88922197167503 -50.839396234332185 18.411754246222927 -7.991062006626763 1.3699677134169974 98.74840013884668 85.41162517387963 -87.64223835853491 47.85335895057361 -90.2726278496842
