% # columns="iter, evals, sigma, 0, fitness, xbest" seed=43, Mon Jul  6 01:18:34 2020, <python>{}</python>
1 14 47.58069750533144 0 7455109756.958503 -97.54263081005051 51.14966103642977 92.5020626267947 33.18739084243873 -25.549026414985356 41.62886159725606 2.7245181053698984 -52.168626401346486 -68.04004627976951 -11.681571290427124 1.0543654666267654 -81.05112523131001 64.62042643917945 -22.272212708193546 64.78642465256364 1.2277906207636755 63.35351602238982 98.36499064343953 -27.417353228177056 -17.242009494133082 29.67195748238894 48.909478674209375 10.77939771453977 -8.242941119913699 -70.06157265354473 4.374096239851943 -51.50435273588398 0.09167021283619184 60.59530007742746 19.190403861629797
2 28 45.65669360636459 0 4109089320.316 -70.2343046034448 -8.40193343914947 35.104037789218424 6.141905250589435 -99.93254264338185 -24.368988513757742 53.974354228664836 -6.850460546984365 25.435057344432014 -50.09018559943338 36.396640547468444 -9.806365964563035 80.24477044302722 -75.02856735061663 5.337480903953892 -28.811558656635565 -43.101173917392636 -80.53402798517902 -21.784018996268337 6.06078007903294 -2.99592029572117 65.55419550403191 -13.55381843009539 68.8926772648915 47.828762332685805 -5.833160323657918 22.913469853705347 -6.4742197436463735 -98.7077038751743 54.97714835517122
3 42 44.96046531714036 0 2236586119.341631 -37.51062326918198 -5.033412294209718 72.30077495408938 61.33657153840768 -99.84385951703344 1.3681689018270866 27.126418670255866 7.829986179520141 -49.9897045979137 -35.8612694732377 37.119791377876325 -42.215327407702816 69.26231859297424 -70.51873348882253 -9.331111838195406 16.674239072768856 -25.288716984861864 -20.109283520791607 51.9563380098692 51.032280922338245 -41.019667471027354 72.36920832759736 -29.135252788008284 12.4925674187133 68.01889977637842 8.643960206523484 69.78517174750115 4.939797585524532 -82.77479440166128 6.28232903492604
101 1414 25.600450008815923 0 548015744.799888 82.80364053021341 -23.668751704928336 -56.64807861393902 74.4027968875728 56.17767699438359 -7.913925025087279 72.03201841673955 6.385492256486734 -7.864267593965053 74.08859399890497 49.23039389605235 50.549928767096 34.29005614432112 -70.0673456617047 -44.80170314365905 12.957357403552862 33.13643962204418 -72.06641741243557 37.75549048515593 71.1133447042603 -99.95279947419334 -51.80705424229126 97.6237082000718 3.0152456313024345 71.08411776252721 -99.87864623300966 56.03230826285733 -93.83884809642488 -84.11368709664609 21.722759427706663
201 2814 4.101383519308099 0 17024015.038877405 71.28228919418137 -51.45579394004825 -71.45796292809118 62.41900287761079 51.53263196965574 -49.07170939096036 93.2626668204425 15.58093915067321 51.2025700363678 84.18214817650086 40.93579739431227 89.21628937998052 56.30991520783148 -63.4026972169222 -94.69091579761314 -0.7338757531747717 -17.457666936317064 -80.48928887025203 46.99433709924176 76.32057697547056 -58.58363546938031 -72.75755183353746 75.37209998718139 84.00805222714462 -9.866740930409556 -95.16870743890077 73.52017571559625 -54.57602982689082 21.559974729788983 47.975594585884885
301 4214 1.4066749759924262 0 3561352.702474702 49.878958448708715 -51.55065675877226 -72.2975442019619 64.98366934434394 68.52780463930276 -65.28090807921853 94.57442151204877 15.561765024679891 47.06729498821167 88.93184824700832 41.165286292914026 97.65665935095322 78.97728914769921 -62.84688658723023 -97.24511770820055 8.254164814689119 -32.040494185911136 -90.30063861597863 28.580664116347936 76.8303102101202 -63.79361325561947 -65.80045709227741 81.63582367200144 73.1699416156101 4.886098168835683 -87.49854348306872 74.4119750650678 -77.44808824958172 -1.5679814858712373 47.522116619472555
401 5614 1.0636865474812218 0 518661.44434037985 45.32476644308764 -43.334141392414786 -98.45298824312464 63.681733286528285 69.72018066934038 -66.01405850866706 79.8031372808651 2.2369103671974324 30.749943929277805 93.34762324410256 43.303140503215374 99.69367057947994 64.71974699183434 -62.687947686085906 -92.88836186847038 15.627622225869828 -37.10356537964679 -97.9078932374611 -32.60436313477737 91.50955444725155 -71.78477278216968 -69.16219862460156 73.49621323001521 62.22572184295052 26.737384095276255 -74.74790551271806 98.89552647452369 -88.92413710537745 1.8732048840101112 17.623794308422468
501 7014 0.654852014613691 0 280026.0618890028 43.862326621451075 -44.95330211617525 -96.8444571050542 63.897764826905316 77.89920545253491 -64.94411306367326 82.75033685632302 4.592799704918331 31.92731636349879 95.83477386017381 42.90419947743431 99.83272671213665 69.21506497714576 -62.762503243184746 -97.3746407423606 16.988060419070848 -28.399041007465154 -96.94099473090566 -35.47363341164859 98.99583809147798 -73.20824177146211 -64.6866377637925 75.57372355819783 48.97615761730927 29.574553579309278 -78.3431553705195 98.61493485086515 -90.67243507297394 -0.13520533359424602 16.708602510419265
601 8414 0.321879408263404 0 170365.20739782954 42.71193182670049 -45.541923677982545 -84.44482389232279 63.98451437112289 77.22892896281914 -63.42922883425945 83.69086419436059 5.4027925947739055 36.25333239210997 96.48475544503283 42.672863290022434 97.79244683184979 76.62854612625515 -62.61040459664727 -99.71929552069555 12.979926819786527 -20.572086898103894 -97.63555585639388 -41.14924572758121 94.83622491363747 -64.86286255146362 -54.97320183419146 75.63711475979932 40.288915343810515 35.037047511391876 -78.2178718418669 98.8268983832524 -95.02487428508175 -7.066822447380026 20.925487632805996
701 9814 0.6160477602464637 0 50761.73135805041 35.169579527001986 -48.173088970585994 -37.96485215429877 64.21797232782374 51.97454802989881 -56.69140269212492 87.91680635239534 9.186415389868277 56.454045650966066 97.09286511856546 42.192077410720565 73.46214357285362 97.01834580517072 -62.74529171204814 -99.98414452452026 -0.1083071720237001 3.495937369576317 -99.56757762554123 -67.18081886590511 53.50753445808712 -34.75898702912155 -47.84980236133313 76.34002865572349 -1.0153573629434334 54.67967041685686 -82.83533029687752 91.06113866835364 -99.80162159632488 -14.919820168744648 30.292818142535545
801 11214 0.3246434666662116 0 34920.725282064755 33.775357412881874 -49.020796419841744 -20.060642962848988 64.25075464045678 42.335482940440386 -55.186633946953634 89.30611968693367 10.408780913071158 60.51337032045879 89.0807351924619 41.928260678182056 65.37362304604275 99.48193467478659 -62.739999475944074 -99.77138785555404 -6.8531076631032875 6.776182802617362 -98.400413201056 -72.5677807795767 40.70141518416756 -27.50284460406713 -43.32209680091401 77.01242710872584 -11.005561291769993 58.174283315229374 -82.61098734666294 89.17383097003636 -99.57506597856081 -21.7729208805719 34.43037856143424
901 12614 0.14236043773782164 0 29561.73878771798 34.41448712280362 -47.87784095186291 -14.779041451269165 64.14767759878531 35.284285664002965 -55.9503350538567 87.43182200436415 8.747492958293 62.76756327673394 92.29755070651046 42.19949456903724 61.20460306156153 99.99894104141293 -62.69694527859753 -99.9979734893653 -8.76662044254698 -1.9505315240611514 -99.7776350044618 -71.45650153714479 42.527460503461526 -26.777347409180525 -38.60990657565429 80.47436000385882 -7.058432000306624 51.13439326461792 -84.01491257332037 87.66612085180125 -97.36671007560898 -26.38278440606981 42.6207074558377
1001 14014 0.16372940982190065 0 27915.29787288199 32.888318702443996 -47.0529804751908 -8.422653001436743 64.08298013273023 29.89473079609371 -55.92762078976472 86.07785998972571 7.540710717750889 63.80620637422953 95.46397618952449 42.381283344137216 59.92192694671638 99.74912418174723 -62.65955202981872 -99.21301020538714 -10.434930257781645 -1.9498477662206666 -99.97194755637419 -71.5597279814343 37.90634799501257 -21.51920069575127 -34.014054348436275 82.23167748419255 -3.8397051413560632 53.37287124465588 -82.33607754909934 89.55770510532085 -94.56106096501314 -32.35084481969512 49.23050747138379
1101 15414 0.20247828600517936 0 24904.56283471814 30.215016022419036 -45.93701042622876 -2.5306047343977696 63.998249468645085 20.466994778202633 -55.74934902578688 84.28984381755275 5.919435043885231 56.791776176302136 97.90862652463429 42.632315374798786 58.89983979882993 98.9098452940503 -62.620265546479594 -94.657408514535 -3.7746842581723 0.3919199852332179 -99.14971712873943 -72.27953960937957 37.369069081545064 -15.177502056404801 -24.240441324630837 87.04546774859809 1.2891058461484306 66.36025823895852 -76.63145630052577 99.51043326478741 -93.35604874233731 -48.7406771233775 56.94860779125505
1201 16814 0.2740935719887129 0 21316.68520507357 24.92033340741324 -43.52677565302994 5.946339932262362 63.81209141742713 2.4951491673236035 -54.97682822025324 80.40625708873424 2.448999374227015 41.34435526482838 72.22605353667639 43.17192186999775 53.22730011859471 97.1433110581345 -62.5304648006407 -86.17678081002103 9.690868987712065 3.2279670182403786 -95.13809766237165 -74.56274746495416 42.03021772810138 -5.098258852965299 -8.412838425204086 97.81126213005369 3.4482231493187214 91.51013541334851 -63.739994088774694 84.57647355889931 -93.13002607694261 -84.03426289720691 69.99274514390889
1301 18214 0.2107222733151021 0 18442.47685983034 17.188449258611627 -38.96896668715216 10.861498061775137 63.46107863546248 -7.167959385917783 -55.30720657484728 73.06565127899593 -4.155105178010989 37.326613410608275 62.798593108130824 44.207909399068534 49.59559844360163 95.43798569330056 -62.35299214143933 -77.5669196517972 11.096406152161506 3.5809886834159825 -98.8816065150045 -74.6397244836692 46.941815818635405 3.47401301247881 0.6896233796175864 99.84069574506978 4.940743241940908 99.0006483216027 -54.5545451807543 74.2248377692904 -92.48696931204886 -99.583519421784 80.52604482654066
1401 19614 0.24632063238516827 0 15926.377981266378 4.299537587728992 -31.24397462184325 13.474058397688793 62.870973597194514 -13.293432394118952 -56.046566386170916 60.63173325857703 -15.34720226768166 36.83632822994818 61.769734070701595 45.94756076514933 47.64323850160642 91.97583721805796 -62.04711704422634 -64.11201602627284 13.375484250381021 6.3314679888251355 -93.39565101442301 -73.99285081111607 48.306174726358705 19.494387636195373 5.246321355157107 99.98343506908829 5.23167784473614 99.790102729361 -48.62377000735091 68.78563288354765 -90.1229243320426 -99.28000358328279 91.16499489017926
1501 21014 0.21539027239472913 0 13861.595932376378 -14.22573363634234 -20.157785822470597 14.534268732178788 62.00997221176384 -20.19928332375156 -56.91902428351363 42.76252795876277 -31.401087008733846 32.94041216771109 59.07969698652852 48.454733405058775 42.13989379577856 87.56582147946219 -61.615589150899496 -45.28105048683113 22.48407982829255 9.12101601764018 -71.32975633419545 -73.32810410205273 54.413108576899134 41.703901856213506 11.794891341049322 99.94782003993497 9.05848461440192 99.99683532684983 -38.519902324723716 58.86798225982539 -88.77667906342563 -96.1976670452093 99.99834537944162
1601 22414 0.32852875884656335 0 11575.689023248566 -26.777556116417088 -13.529332252136324 8.466199246929278 61.49280828613462 -18.493323337123684 -56.24136399881585 32.0823372205691 -41.006153745535876 23.083765857527908 65.52434660925941 49.94116757282959 29.699453603088187 85.53970572826594 -61.35344238892072 -37.498280519716786 39.89236479578787 10.83770492165829 -68.66448903694126 -77.2116202327791 61.12262287117525 60.27582464813121 14.228563434466878 99.15952219719571 5.164193827034865 99.68015098360836 -32.66767751790522 56.996350323440176 -89.66197593322167 -96.60522612728658 98.38997776544431
1701 23814 0.48726254759456916 0 9765.518967457108 -36.216353613433114 -8.90423710418408 22.481821034024335 61.141720756801796 -37.47021892447589 -55.62341001407352 24.63623784468193 -47.69873703912465 2.5659755604386305 65.38196585027475 50.9913136878879 16.98571579936899 84.26221755322297 -61.17534067328174 -29.286743230605797 70.38448852477964 10.371967041782536 -82.97465348637577 -80.10061904370596 58.824089136357 96.57352446513126 16.729370259351043 93.62197403557747 4.745122906168518 98.94510308128949 -31.59032592668268 64.18965376318278 -96.71918760300726 -97.14328918841763 95.15818974216779
1801 25214 0.5723669148964082 0 8480.872163874981 -37.69489444016233 -7.860165494889703 43.3546725021873 61.06283993444311 -52.5716113126301 -55.34933383955763 22.948885590425082 -49.221658686183325 -13.182560863165236 83.49070612661633 51.22431140584363 11.73532558311939 82.51100834924233 -61.133420798217486 -25.615068690706842 89.48343784998823 8.201547478795108 -99.90486558635952 -80.28341460847538 38.51478065731578 92.72577912088437 23.71639092682176 76.04124721558293 -5.973349374859822 99.9895461145431 -29.40770805630916 91.26476523928885 -99.99958022263466 -99.40880555834407 98.21582599805666
1901 26614 0.34589262515735475 0 7857.493951362576 -37.907193730097504 -7.05345500451266 58.462529422942254 60.993695355750795 -52.701843611376574 -56.0466844293777 21.64554176817138 -50.388860551159794 -18.313224462912274 98.74947839437174 51.410700371781495 11.459544290195026 79.21799362850675 -61.10030614511894 -12.742633273894084 94.02147869560841 4.124239333885132 -99.95433839433565 -77.98832475462928 18.25469455017449 96.41165108160627 31.770867369557152 65.57479587741635 -16.67153952549586 94.7403243350791 -25.00010779115044 99.99488307515973 -99.82008293337962 -95.63609308141015 98.86770677179547
2001 28014 0.4524583893761761 0 7292.262989027509 -33.46334255725361 -9.103042150010069 69.14498501922017 61.152601163856396 -47.855693889708476 -56.367080307308576 24.95544064505643 -47.413865698896906 -24.11424840782385 99.91791877819881 50.948750290577166 10.016201226903974 74.04525237346934 -61.18253524872396 4.218722857175403 98.39156385224602 -1.6433780250194854 -99.74745978225505 -77.14472178151914 -4.70526483317397 97.12301640088627 52.98194377170367 59.933641959268975 -31.65684687531882 87.30943838701022 -21.82593736265082 99.99121312991124 -99.99271861941747 -85.61812972766846 99.81580030713171
2101 29414 0.47078662107951974 0 6219.4712633731 -25.716961866390932 -11.48101156943008 85.86747556418172 61.33806015657277 -31.307894233878102 -58.0816791890523 28.785416858806492 -43.97230941960718 -31.424479241118547 95.92948780259033 50.4099359335321 14.578217664185388 60.166977827560686 -61.27523216393769 60.136885874892826 99.45263660444976 -12.911585698165082 -99.8917457189231 -70.91858682060229 -60.28079778084705 64.29711292167791 98.57208436004626 51.532856471477224 -72.62253297505933 73.05419556612532 -8.900424009558208 99.94474123847574 -99.1880223308786 -57.758042518806604 99.4104628222634
2201 30814 0.4753897384914936 0 5793.706099124778 -20.846209967472987 -12.57327978312997 97.32086081317425 61.42137063340576 -17.10249771185471 -59.444532903387135 30.54629639016762 -42.38845666736419 -33.573006083526025 97.68705098097 50.16655475145784 19.384093787964105 54.89851778717127 -61.318230339329865 99.7524791886136 99.8508902511664 -20.318097342075774 -99.47580122650496 -66.77361408307233 -99.03529739694001 60.575411723387575 76.38507184095027 53.180150117131845 -99.999039344162 69.24391149206994 0.2566446512326195 99.86746029592979 -98.44384515754076 -47.186979749749156 99.69702476682811
2301 32214 0.34219511586871293 0 5528.154685545211 -19.706233612779783 -13.046277791630715 99.82074603011358 61.45615718221816 -12.374858508222957 -59.754263968637964 31.30384696084776 -41.70760828497865 -31.030528699837305 99.99328471183831 50.05952200858954 19.59042844186041 59.53149627732347 -61.33443947718423 99.99017604025951 99.85645184788282 -22.450696455370043 -99.61649559825611 -64.35029152538748 -99.6576414526728 67.95122586753695 99.99995424049172 65.74819464819097 -96.4599801542821 78.38180521346075 -0.23868411078944973 98.0493184932776 -99.9384394669541 -55.4123508022671 99.85882715981562
2401 33614 0.11214748522359441 0 5502.344470305019 -19.519415076475354 -13.08526856153352 99.72705320567874 61.46180929709319 -11.99933625861533 -59.74374064594318 31.367392692126952 -41.649630040822124 -31.090220106771312 99.87662205280407 50.05059491634193 19.20124548345123 59.65789487359092 -61.33706084881947 99.99988203632041 99.91555726778348 -22.92455888995608 -99.85367136697504 -64.45579418630444 -99.9299033343181 68.45587221245727 99.92609136537573 67.66726179830367 -95.87309619042752 79.99103241077323 -0.16935261819776315 98.80933161671314 -99.95189602272976 -56.59749463591001 99.86028863934264
2501 35014 0.033128172920293464 0 5497.725925294682 -19.953687338264444 -12.918013120798037 99.57004539700026 61.448750358089995 -12.073099194430682 -59.73335313616778 31.099328869769153 -41.89186579662293 -31.123611192582132 99.86549916467156 50.08819839919922 19.34549664129804 59.438037678053774 -61.33072286374539 99.9965059634859 99.91391674727669 -22.419812986555527 -99.9716607044305 -64.42530089587372 -99.95708539463712 68.53860492580192 99.93345876650687 68.00690321317653 -96.32779356647724 80.93278356727218 0.05288055011820347 98.6238783769675 -99.93386462633224 -56.43136642409175 99.87154454211527
2601 36414 0.02701312883009033 0 5499.149869660084 -19.997237365818023 -12.911965331003357 99.5952704784006 61.44871213818083 -12.222345114984137 -59.74108410298954 31.089272062535812 -41.90111954053601 -31.11679303192912 99.84841210840344 50.08929325702272 19.301430368005754 59.42771446869003 -61.330207189336136 99.99746787511071 99.9097224240653 -22.436176379674897 -99.95436584168598 -64.40794466928588 -99.9605860927981 68.84658154945708 99.94137061710548 68.06219833344143 -96.1838142797756 80.96588952964176 -0.01365013265464654 98.74404208726754 -99.9383232347899 -56.424813057393294 99.88849003040902
2701 37814 0.005160973020020038 0 5496.069640245256 -19.940954707697358 -12.952909198619206 99.53852375863445 61.45175167280815 -12.18466123027872 -59.74451390797911 31.1546247004685 -41.84203848771987 -31.080096303570855 99.88308168665138 50.0803483132742 19.365457876044275 59.48397958480274 -61.33206309021167 99.99328162529932 99.90699169628842 -22.418059055940454 -99.94331960209043 -64.40393881023219 -99.97830813094085 68.86180538971047 99.9031914554531 68.24555564604148 -96.20956768428653 81.09628416552866 -0.11304743440683751 98.7795752518859 -99.93736186227034 -56.52017415668249 99.89488480831061
2801 39214 0.010802247061610239 0 5494.899837810142 -19.921294431911917 -12.941203222798682 99.58475885649635 61.450368068748176 -12.249039876799742 -59.72498335785253 31.136126689109698 -41.858527420715134 -31.139060267872082 99.85305776022238 50.08283156151238 19.31678077025623 59.431992207129554 -61.33158392346286 99.99427999044319 99.9163376873329 -22.414844286309073 -99.94753412735669 -64.42206698875297 -99.97672355655396 68.86507081269905 99.92472438308882 68.22935624355972 -96.21365445968448 81.15670089543849 -0.11283008520132398 98.86009894858674 -99.93686495837356 -56.497253615517934 99.90577285908256
2901 40614 0.016175504476124262 0 5492.187662020331 -19.74988661486958 -13.030643340219386 99.65451099620532 61.457123819766544 -12.344595569007595 -59.68843966867872 31.27969948449817 -41.72873116096583 -31.234832930285563 99.75490177702804 50.06234471241385 19.242524772852505 59.34526112121216 -61.335321715425536 99.98202238228305 99.9163584850209 -22.41576667243802 -99.89950450510565 -64.45839444355909 -99.99786087122719 68.98271505148242 99.95098428246855 68.36431612549045 -96.23184668662876 81.39325295997327 -0.4354283636756122 99.34022454536154 -99.93871432162638 -56.57552819235474 99.95138482727802
3001 42014 0.038005842865252916 0 5486.463896834366 -19.533642229148313 -13.212291556038759 99.8179892768951 61.47115025121048 -12.610217538926179 -59.64790927127431 31.57249261654181 -41.465491199525296 -31.463122918216442 99.69744347707524 50.02139298874022 19.041774699307297 59.08726040172374 -61.3416991587787 99.94593420514072 99.92265879233607 -22.419853432520352 -99.87180464627812 -64.53737314821835 -99.9807020113445 68.71451422813044 99.93177270205355 69.1801015634425 -96.23219742122265 82.76379646864926 -1.3034216529469518 99.8866591504513 -99.94769275796831 -56.601408533851924 99.95206335026509
3101 43414 0.05306155572489102 0 5475.863579174222 -19.753932072720772 -13.112264625539176 99.99665285378113 61.46369824090123 -13.000838757828404 -59.62823310409045 31.411202184073474 -41.611341812250885 -31.768842216244963 99.87035130494041 50.04400857790646 18.751181836361553 58.42404778546404 -61.33820959780264 99.98688132156244 99.93480221929538 -22.394727525692975 -99.89562863887734 -64.68428484264244 -99.8615556354137 69.47592092553921 99.91694842144283 71.56011736645661 -96.175389639509 85.709162009487 -2.822895323181342 99.89796559714954 -99.96145139355119 -56.58064417443333 99.90730910398541
3201 44814 0.038575711211455296 0 5469.574565965713 -19.85493065547763 -13.076934661133176 99.98235081529518 61.46076128561472 -13.131756281688268 -59.61548715483102 31.3540608891075 -41.66237321255813 -31.83822314186213 99.97645724698708 50.052292480937865 18.688005867638026 58.06149179449042 -61.33650034167543 99.999155896498 99.94912691422128 -22.348869336083446 -99.86958112912343 -64.7191010006596 -99.7150216709362 71.22247820955823 99.84225964606235 74.42893735022805 -96.10570627181946 88.60116049565178 -4.160433199539682 99.7280162366005 -99.96180031695587 -56.831589841435544 99.879372177939
3301 46214 0.15269278589836038 0 5450.8846960341425 -19.908200320879644 -13.052420267977615 99.70901885596362 61.45828267889826 -12.987672284935257 -59.623079339372374 31.31494214388292 -41.69711156447956 -31.591575300052597 98.65857293722455 50.057304218781894 18.780014656056096 57.96061009284546 -61.33593424434023 99.99897195225655 99.98541904666722 -22.292913990587042 -99.95446205371545 -64.65272508593866 -99.39896847424303 77.8128458661843 99.44259299235435 83.089089124904 -95.79842270262458 94.06723210023837 -8.922774725152209 99.03407090722864 -99.97115433342798 -59.123214005643064 99.9610928507426
3401 47614 0.30311118450567587 0 5401.105637816479 -18.849916703149177 -13.641134824390587 99.09298624251282 61.50313496017294 -13.033864546188113 -59.522317923217244 32.26471298190903 -40.8445712461599 -31.698808931250227 97.2914413762952 49.92484211397929 19.036221356523868 55.94315481161297 -61.3593425983666 99.89388338601198 99.98523987794603 -22.24140690697969 -95.0085217413261 -64.54069587967707 -99.45972591398449 79.28789196791718 99.9413386721686 98.21041929756139 -95.7982874114788 99.93893370494743 -17.589111488632284 99.02516288003707 -99.6132802699705 -58.562039965131675 99.13391972272476
3501 49014 0.11910633327835006 0 5378.467200990781 -19.123529889803308 -13.489450247847321 99.49163668701887 61.492258220370594 -12.82976717229883 -59.589731395989276 32.01874625611725 -41.06445895802918 -31.79469386872134 98.32759939555535 49.95907572538452 19.27642971781816 55.759211037541405 -61.35313091561079 99.85437370160629 99.9938295064202 -22.241185253457083 -95.08001597120494 -64.50049702556869 -99.6845125403708 80.04366744559367 99.96977707748488 98.01288780261324 -96.10608774872111 99.91817591391262 -18.05997186126268 99.34874737136391 -99.58580183536282 -58.51553267780022 99.75927050290323
3601 50414 0.09646743067443465 0 5368.424299303181 -19.40944630630304 -13.325600843256437 99.6337841564019 61.480224486925366 -12.849915109092677 -59.64063535296932 31.754772234583335 -41.3015436524417 -31.913522934500122 98.74319315286641 49.99532014993613 19.238061664454648 55.475525505071005 -61.34654431294536 99.79428166175148 99.99691006360662 -22.303173719271445 -95.64315118712824 -64.50248654055905 -99.90472792959466 80.07381115526213 99.99997488006997 98.4877287020874 -96.25938056751345 99.99223122547367 -18.53306537003462 99.76426079921919 -99.54496944736817 -58.49498832568099 99.96241199967733
3701 51814 0.08012601227810633 0 5359.9700564601935 -19.52867041821446 -13.225693742776118 99.76758865409963 61.47232720868466 -12.956186051977056 -59.633755988557795 31.59357331937408 -41.4469210283836 -32.03909293919418 99.91861398583565 50.01872000175175 19.144406962997493 54.88524134005337 -61.34248930012804 99.64870463294254 99.99591804511954 -22.322748950186625 -96.60716008580984 -64.5339015619365 -99.99999999321837 80.10649410059804 99.93732237910626 98.89652631598142 -96.32319398288126 99.91179882007738 -19.245905783121714 99.91029008999625 -99.11894453824328 -57.98062376577829 99.99966435502726
3801 53214 0.0627511600188673 0 5357.552025204971 -19.59472287716318 -13.196011330624106 99.76201858928987 61.47011480764689 -12.928052182251434 -59.64211520691711 31.546309160833594 -41.48932791359138 -32.01818216722219 99.97821978458987 50.02503223229879 19.145047446988798 54.742530663874504 -61.34132463276891 99.81446824926336 99.99601461301934 -22.327684090665006 -96.38154240383238 -64.53448185511897 -99.99644466749828 80.68563440612351 99.99046349658127 99.23386326973078 -96.30897795148996 99.96421652261806 -19.546903092980784 99.96190107545394 -99.02140906869457 -57.74571798880689 99.99698450550454
3901 54614 0.07507303589314569 0 5355.420110100509 -19.388992967853483 -13.31760031196021 99.81734301137303 61.47975937964172 -13.040133257867097 -59.60521054857466 31.742317780414623 -41.313509651330044 -32.10519868748136 99.99967924228898 49.99772556105949 19.065972036264128 54.5908492015177 -61.346110390714664 99.97555090439204 99.98847676916556 -22.32573905875098 -96.32348382067626 -64.56776845263185 -99.97655635218601 80.57604895990141 99.96723225602891 99.71481631499684 -96.3008182311498 99.99859197225341 -19.70026814966741 99.9320027006706 -99.0382306262884 -57.61996047009606 99.97249002811432
4001 56014 0.0625670811377367 0 5352.958412322123 -19.437710126511377 -13.305726925277547 99.94338488564316 61.47873336652186 -13.260106104429212 -59.58796985782052 31.723067698773363 -41.330628313980135 -32.29872519915574 99.9998192766787 50.00053548484217 18.90845703913419 54.508640395403404 -61.345762350608354 99.99993652989231 99.97228314437164 -22.31927221137222 -96.45539278518407 -64.64493837517294 -99.95501950114914 80.4316299557635 99.99973163309063 99.88057409971304 -96.3055918433017 99.99591215485053 -19.42824610827998 99.99373752980675 -99.16837116396509 -57.955366660585554 99.99543343470317
4101 57414 0.030158830375725525 0 5352.052587168127 -19.529392306291868 -13.271307317181668 99.98585453194887 61.47603349135652 -13.334761096424444 -59.595334120340794 31.667405928092432 -41.38055256934699 -32.360183995423995 99.99883059293124 50.00820429437938 18.848894707062357 54.500625996789296 -61.34438904383832 99.99426130000263 99.96892833983823 -22.317419746932003 -96.60419126630626 -64.66961349654416 -99.9434648779014 80.06048729609773 99.99726640790794 99.97896912809847 -96.29871216365898 99.99987696086829 -19.435947747436416 99.99956966580724 -99.27993424540875 -58.10536952213076 99.98977579671293
4201 58814 0.025068081459552652 0 5351.657096017752 -19.622435771622577 -13.202595072324423 99.99613650339681 61.47076471724406 -13.32662360782328 -59.60427067045431 31.5570493257225 -41.479929892461826 -32.3627253760514 99.99978423288287 50.02380861627731 18.850190890091 54.55694069181524 -61.34175113656922 99.99980065290083 99.96755050039425 -22.32295573578332 -96.66466807556007 -64.66780736552951 -99.96953169815586 79.93795188986999 99.99980939365066 99.99999979442374 -96.3148269051079 99.99970729894504 -19.34387808624666 99.9985941549847 -99.37365932633352 -58.24362076584984 99.9990315478498
4301 60214 0.011792074485428754 0 5351.548853458087 -19.59844219696032 -13.21803525903331 99.99781051893324 61.471921019684636 -13.326346025718607 -59.60321722567908 31.581790269680845 -41.45762068993547 -32.36533130766861 99.99999999269764 50.020256204585465 18.851686820826785 54.53732672592386 -61.34231772311398 99.99999909173346 99.97056735841129 -22.32325263030795 -96.63772181157378 -64.66803863795519 -99.97573559140004 80.06448742567157 99.99992603889666 99.99932195799532 -96.32075706191961 99.99993563824326 -19.3242182939197 99.99914936270888 -99.37946754124988 -58.1356262472645 99.99899695810024
4401 61614 0.005938124148075726 0 5351.512635110728 -19.55995292374621 -13.240752677071244 99.99895334166192 61.4736449548908 -13.324693791094205 -59.59762847321828 31.618399607159475 -41.42468443985462 -32.364341509147096 99.99986450968744 50.01511459892519 18.852661769344962 54.537155469336454 -61.34322280952615 99.99993891511437 99.97318191265555 -22.32381720305977 -96.61284711894486 -64.66702797647561 -99.97782161847321 80.10156293252035 99.99997552658184 99.99899852848682 -96.32134557932613 99.99992333618061 -19.369638256446507 99.99996127037312 -99.37923447284648 -58.100590470575696 99.99999955433249
4501 63014 0.0015663425337354687 0 5351.508327901762 -19.563115799386424 -13.239760507461279 99.99908545419795 61.473587165575935 -13.32444825560438 -59.598627779533125 31.616804655967734 -41.42613913619752 -32.36406941331154 99.9998602828431 50.015346508883326 18.852651206888652 54.537446420071404 -61.34318832353857 99.99992582259162 99.97332555400709 -22.323968593542826 -96.61271898379727 -64.66689953784321 -99.97750116261027 80.10074892611118 99.99995912096695 99.99890501036961 -96.3208073387943 99.99996139500301 -19.3739069244194 99.99999165320821 -99.37901056983374 -58.09933874602939 99.99998374769037
4601 64414 0.0003031025650918776 0 5351.506744080647 -19.563749591045166 -13.239552528721216 99.99911717495692 61.47357349895023 -13.324292509037576 -59.59872971647486 31.61647336406702 -41.42643410273948 -32.36401365129498 99.99989229826743 50.015391026412374 18.85236673204639 54.53753027169347 -61.34318103553638 99.99992844484083 99.97329534717291 -22.3241552507149 -96.6119335674479 -64.6669824599135 -99.97742638539684 80.10162116787193 99.99995225924981 99.99888385524712 -96.32064517935476 99.99995642985738 -19.371809652616633 99.99999999064082 -99.37900705489774 -58.100088448611416 99.9999859485851
4701 65814 0.00018292405785655882 0 5351.50635824466 -19.563387748489845 -13.23982706503628 99.99915022800589 61.47359038273083 -13.324242163149108 -59.59868654211221 31.61691295678148 -41.42603810851629 -32.36398406829173 99.99989681969296 50.015329465439564 18.8522909180584 54.537533647870305 -61.34319129355582 99.99992913120755 99.97332362912138 -22.32423389652547 -96.61000708405632 -64.66697931205735 -99.97744916325107 80.10159111884032 99.99994725843321 99.99888391268456 -96.3205466158451 99.99995423346014 -19.372616409680234 99.99999936364304 -99.37900470872286 -58.099267038791254 99.99998252127452
4801 67214 0.00010967458087030291 0 5351.5059614524835 -19.56364212845682 -13.239624777522192 99.99916869548083 61.47357174130249 -13.324202353040647 -59.5987062613703 31.616587822198593 -41.42633095833558 -32.363960320837066 99.99989434031077 50.015374495897966 18.852252260493117 54.53757187764725 -61.34318421550623 99.99993257802785 99.97331672558222 -22.324288080999107 -96.61175803283184 -64.66701274129343 -99.97745387092608 80.10219291734953 99.9999475902186 99.99886319445373 -96.32049613993568 99.99995056224296 -19.37474218860774 99.99999963631412 -99.37899575380125 -58.0995985739429 99.99997955991077
4901 68614 9.001387115570859e-05 0 5351.505701506872 -19.563702209628048 -13.239560909739678 99.99919456345643 61.47356293600859 -13.324183366338644 -59.59870247980754 31.61648403885376 -41.426427083654296 -32.363943720987606 99.99989271244263 50.01538813270425 18.85223690736055 54.5375967840269 -61.343182587051736 99.99993974640861 99.97332253514307 -22.32433591956051 -96.61139457212288 -64.66703717471195 -99.97746535430308 80.10169287113266 99.99995192750782 99.99885249120652 -96.32043712228351 99.99994971029722 -19.3763434357368 99.99999899729981 -99.37898553536758 -58.099456900492356 99.99997919823628
5001 70014 0.000108555574810483 0 5351.5054962943805 -19.563709321660554 -13.239504925847642 99.9992176418055 61.47355489523561 -13.324166302789394 -59.59866870737031 31.616392720716057 -41.426509456292486 -32.36393349988097 99.99989275308005 50.01539978289512 18.852233913028925 54.53759327968035 -61.343180944663466 99.99994637906875 99.97334614418153 -22.32436632612195 -96.61009905938033 -64.66707008079356 -99.9774672680812 80.10130313152429 99.99995769352599 99.99886279634573 -96.3204052334902 99.99994900036872 -19.377144046557675 99.99999718796602 -99.37898563769754 -58.09908565172174 99.99997847101169
5101 71414 0.0001312607431376554 0 5351.505061058053 -19.562667161136346 -13.23996275174814 99.99928754063376 61.473582035197836 -13.324109558209642 -59.59843453291418 31.617131808815834 -41.42584766807692 -32.36390037123121 99.99988393932973 50.01529405961441 18.85221011850794 54.53759151107894 -61.34319927028588 99.99996775725528 99.97346080521476 -22.324451886597483 -96.60792920012577 -64.66714414466689 -99.97747317913388 80.09929102526665 99.99996992305987 99.9988824279329 -96.32030852618242 99.99994915769031 -19.37986546977379 99.99998739316021 -99.3789771509037 -58.09757096199024 99.99997747767738
5201 72814 0.0019072965069052974 0 5351.502280982031 -19.559924882405824 -13.240647175773846 99.99954567893492 61.47364159105161 -13.324082420109931 -59.59782898722204 31.618234548584905 -41.424846547374806 -32.36374326498131 99.999806548286 50.01514739820457 18.852172570166402 54.53716467768098 -61.34322705342956 99.99999990692282 99.97447640984683 -22.324698067253383 -96.62019218609628 -64.66708572889952 -99.97742304682846 80.10191724965816 99.99997290841313 99.99917492930066 -96.32012502837458 99.99996320006561 -19.391127463140606 99.99991073902541 -99.37905982738432 -58.092826214768394 99.99996848512694
5301 74214 0.003172807405585462 0 5351.499302489931 -19.566880391204506 -13.236753982054992 99.99982321788973 61.473344786471756 -13.324051046942571 -59.598686279167666 31.61195835660537 -41.43050543282093 -32.36362577619258 99.99976492592269 50.01602056244531 18.85211534610474 54.536511742885295 -61.34307442396683 99.99996379487322 99.97570067230076 -22.32464038468508 -96.6295087034729 -64.66688123059623 -99.97747197474656 80.11179360706709 99.99997236277011 99.99954605968217 -96.31983887443369 99.9999781456032 -19.402177008471426 99.99985389385829 -99.37924725507467 -58.091975401860054 99.99999761051431
5401 75614 0.001022908199838329 0 5351.497606458268 -19.566416860765457 -13.237061133126362 99.99985554579123 61.473375128951226 -13.323996158385683 -59.59849395216352 31.612467136455045 -41.43005068090266 -32.36355335151828 99.99979795378124 50.015951115117495 18.85199168433789 54.53637083785779 -61.343084268107596 99.99993228823021 99.97600657935399 -22.32468147610351 -96.61822566141292 -64.66688185101131 -99.97749044164442 80.11767216950298 99.99995616994781 99.99966577344131 -96.31978205458113 99.99998290245841 -19.405135586795325 99.99988010433587 -99.3792890989095 -58.09138707077179 99.99999133723949
5501 77014 0.0004339522878669058 0 5351.497191726194 -19.566551022724866 -13.237122780658009 99.99987068224027 61.47338395407294 -13.32397669489211 -59.59853018546114 31.61256165489483 -41.42996062824963 -32.36357402788326 99.99980648478561 50.01593627734844 18.85199032521757 54.536315737305074 -61.34308702807195 99.99992142216763 99.97614193926725 -22.32466556658341 -96.61660528985408 -64.66686312863929 -99.9774981374777 80.11733874333041 99.99994925602292 99.99970812623394 -96.31974632191866 99.99999018531491 -19.406302308773718 99.99988623706453 -99.37930483275437 -58.09079095646382 99.99998211909063
5601 78414 0.0005201488319279261 0 5351.496631784032 -19.56784995832726 -13.23661271965345 99.99986700061041 61.47334648471724 -13.32391852743973 -59.59875460371993 31.611737085140636 -41.430698222153794 -32.363600123649945 99.99984625637364 50.016050249406106 18.851969092271077 54.53622822198682 -61.34306365273302 99.99991848716152 99.97625516368598 -22.324718849628184 -96.6152309830494 -64.66693145042701 -99.9775046216129 80.11851738635954 99.99997078211142 99.99980374822667 -96.31969856799299 99.99999485689557 -19.4040617796326 99.9999093473723 -99.3793399734976 -58.09059135876123 99.99998830418565
5701 79814 0.000851896365892703 0 5351.496057458922 -19.568333051944876 -13.235815396917936 99.9998763129341 61.47328704009878 -13.323891746216304 -59.59867943487872 31.610447336941817 -41.431852932021386 -32.36355827885805 99.99987907667392 50.016234298644925 18.85193500872296 54.53613564488694 -61.34303317830788 99.99991442131699 99.97640005832383 -22.32473483265362 -96.61492806559832 -64.66702422588261 -99.97752456847961 80.12028678865984 99.99998792491535 99.9998919037365 -96.31966929834192 99.99999591451954 -19.400828710286675 99.99992736081046 -99.37937869559946 -58.09086523252796 99.99999871697948
5801 81214 0.0008256453498698711 0 5351.49520597083 -19.566980018582512 -13.236884946217556 99.99991710082882 61.473366881938745 -13.323811918890982 -59.59873250693668 31.612165506408665 -41.43030724708376 -32.36362117613794 99.99991924867825 50.01598939321427 18.851925925123226 54.53605778536047 -61.34307580921922 99.99989845986705 99.97670244433588 -22.324754432094547 -96.61093641538788 -64.6670038636732 -99.97748909438633 80.11988384236572 99.99999967027078 99.99997122788146 -96.31963761041874 99.99999967362204 -19.40395706734313 99.99995377419118 -99.37941157642462 -58.08922171213055 99.99999950703298
5901 82614 0.0005399705993250825 0 5351.494811106113 -19.565756896938638 -13.236977513740309 99.99994333041855 61.4733725232828 -13.323828631700138 -59.59840848751777 31.612320950171345 -41.43016871694074 -32.363586398472336 99.99992964736703 50.015968236228574 18.851924230061485 54.53603916733769 -61.34308162330528 99.99989312475687 99.97681205700881 -22.32475282337996 -96.60770617498369 -64.66699295601047 -99.97749484769109 80.11928356599277 99.99999996200701 99.99998757581344 -96.31962296664673 99.99999991272038 -19.403546549478648 99.99996148365992 -99.37942066102113 -58.08874282251935 99.99999999900564
6001 84014 0.0008427493628441409 0 5351.494370411057 -19.56639117810505 -13.236513045843552 99.9999766790667 61.4733351197387 -13.32383944128074 -59.59845681522454 31.611570783493974 -41.430842049706364 -32.363509898360405 99.999961022285 50.016068394632164 18.85184298139123 54.536036256065785 -61.34306623013664 99.9998735945107 99.97705197614596 -22.32479785944062 -96.61103068730971 -64.66691746452227 -99.97747546196187 80.11333858529355 99.99999968401225 99.9999998264715 -96.3196314232835 99.99999935727259 -19.405234587266648 99.99998509005758 -99.37943352931399 -58.0885462624413 99.99999665091418
6101 85414 0.0004573006879419235 0 5351.494214500977 -19.566450448194985 -13.23631611224943 99.99998486474902 61.47332049199051 -13.323806406847723 -59.59840314137938 31.61125495833707 -41.43112648254164 -32.36349361284013 99.99996809476117 50.0161143816677 18.851803025679573 54.536035962409414 -61.34305677061422 99.99986868866618 99.97711928978681 -22.324852754399693 -96.61175732793708 -64.66694993192326 -99.977475410769 80.11447789356608 99.99999878650485 99.99999965317562 -96.31959929545762 99.9999997409189 -19.405053248378977 99.9999906598902 -99.37943706384188 -58.08830233379891 99.99999630598704
6201 86814 0.00014323708068527533 0 5351.494129956494 -19.566999989249837 -13.236074913743284 99.99998814797752 61.4733025634195 -13.323813171717802 -59.598492512604004 31.61086664729084 -41.43147703207373 -32.36351464224276 99.99997127651858 50.01616782101059 18.85183285155975 54.53604337846332 -61.34304779565808 99.99986835815608 99.97713967346174 -22.324832575143994 -96.6113670906388 -64.66693359670603 -99.97746478998864 80.11301473836367 99.99999933569987 99.9999991406749 -96.31961563335176 99.99999975537138 -19.404422929091794 99.99999303273364 -99.37943525376187 -58.08867981802504 99.9999927515594
6301 88214 0.00011088587463532075 0 5351.4941011998435 -19.567037155314722 -13.2360144364001 99.99999005435349 61.473298581706736 -13.323817544031982 -59.59850168990631 31.61077016154653 -41.431565105666714 -32.363503278486235 99.99997235967002 50.01618217354546 18.8518288756448 54.53604476391632 -61.34304519581125 99.99986796272646 99.977164324566 -22.324840399150986 -96.61195948395789 -64.6669376415272 -99.97746617036675 80.11266625560287 99.99999949041694 99.9999986430811 -96.31961405259065 99.99999970393007 -19.40448180932063 99.99999393030369 -99.37943537836475 -58.088709680723014 99.9999928277017
6401 89614 5.338567459790381e-05 0 5351.494078529337 -19.567107240862583 -13.2359322404739 99.99999120341978 61.473292176953315 -13.323803082361394 -59.59848249009381 31.61063775491298 -41.43168384271389 -32.36350075753836 99.99997324121588 50.016201300372096 18.85180770194765 54.53604621408894 -61.34304125307007 99.99986762449755 99.97717366093794 -22.32486616476049 -96.61186658643973 -64.66693879879968 -99.97746673173747 80.11202430328846 99.99999952223193 99.99999827480615 -96.31959830420169 99.9999996785018 -19.40384816973375 99.99999459563051 -99.37943519421917 -58.088821012431964 99.99999226308024
6501 91014 3.903482260590571e-05 0 5351.494060468609 -19.567064641010745 -13.23596481506073 99.99999258714188 61.47329493241792 -13.323799670220012 -59.59848236334488 31.610690674441262 -41.431636930303085 -32.36350219259151 99.99997372595458 50.01619442675357 18.851803139899175 54.53604759910718 -61.34304227228159 99.99986756365804 99.97719214691416 -22.324877377490534 -96.61168678778087 -64.66693288625441 -99.97746710191456 80.11191344699176 99.99999958984803 99.99999784369207 -96.31958991740554 99.99999972630752 -19.403530357228362 99.99999499205545 -99.37943488347477 -58.0887864795923 99.99999183961577
6601 92414 0.0001292615775980612 0 5351.494005686569 -19.567570570611167 -13.235780721607064 99.99999703820357 61.4732819006376 -13.32380607736178 -59.598605168361125 31.610397737203687 -41.431902320879146 -32.36351903586075 99.99997576684514 50.016237634994646 18.851829886029662 54.53605458705596 -61.34303436536732 99.99986725396907 99.97726665357379 -22.324884352227844 -96.61060406258386 -64.66692445070925 -99.97747543674936 80.11167754743414 99.99999982749591 99.99999496554098 -96.31956574588767 99.99999958757151 -19.4012480515878 99.99999667353619 -99.37943335205718 -58.08902956806233 99.99999033912235
6701 93814 8.810885970019373e-05 0 5351.493974785252 -19.56794230496928 -13.235628937199067 99.99999796070809 61.4732697934864 -13.323813930355414 -59.59867488151897 31.610153447663553 -41.43212147324081 -32.363527296094276 99.99997606900284 50.01627193356571 18.851848402041014 54.536056172050195 -61.343028730004974 99.99986714861846 99.9772885381671 -22.324869764360283 -96.60993920505227 -64.66691985899548 -99.97747750607498 80.11247152073177 99.99999987020813 99.99999378360727 -96.31956692952386 99.99999958497088 -19.400161478351038 99.99999697362632 -99.3794331024627 -58.089183571158145 99.99999058276987
6801 95214 9.542651899943596e-05 0 5351.493946483815 -19.568510075623465 -13.235283174029549 99.99999851781789 61.473242142589 -13.323812171119869 -59.59873583769249 31.609594409662638 -41.43262259538659 -32.36352896835069 99.99997630173029 50.01635017248008 18.85184806215446 54.53605497839473 -61.34301582914013 99.99986657680171 99.97729891751315 -22.32486092368505 -96.60926166889217 -64.66691868914516 -99.97747688736798 80.11335988968291 99.99999995340598 99.99999269801766 -96.31956983323361 99.99999916483273 -19.39867903338353 99.99999723818773 -99.37943418483067 -58.089511815862295 99.99999348200949
6901 96614 8.632857302703391e-05 0 5351.493924524985 -19.568398910649535 -13.235428148364704 99.9999989037981 61.47325297787163 -13.32382085595674 -59.59873056343437 31.609825493374142 -41.43241387924814 -32.363524214956925 99.99997614180296 50.01631839117409 18.851853685709813 54.53605362047665 -61.343021220742976 99.99986632077184 99.97733410267166 -22.32483723804257 -96.60975474800968 -64.66691754065629 -99.9774817645973 80.11380068024741 99.99999999989758 99.99999211324635 -96.31957524132191 99.99999906968752 -19.397610970065017 99.99999716036697 -99.37943499684543 -58.089251225688685 99.99999564744023
7001 98014 0.0001416446240544558 0 5351.4938963585155 -19.56785189833886 -13.235814884133381 99.99999934372943 61.47328161997179 -13.323844482017279 -59.59867790002237 31.61044841194536 -41.431853678128014 -32.363517626612776 99.999975961424 50.016230788423236 18.85187867941616 54.536053431099845 -61.3430358894223 99.99986607589865 99.97737653303653 -22.32483198452433 -96.6109245306926 -64.66691798996654 -99.977475861654 80.11360563426098 99.999999948929 99.99999097853578 -96.31959625177021 99.99999961154647 -19.396821610424638 99.999997094842 -99.37943534443468 -58.08861261870885 99.99999724222005
7101 99414 6.631935802542876e-05 0 5351.49387973438 -19.567421909070504 -13.236094703942696 99.9999994974453 61.4733022538408 -13.323843778840484 -59.59862402733564 31.610899321659836 -41.43144851843069 -32.36350966076208 99.99997599558668 50.016167560261145 18.851873266008937 54.536052998342996 -61.34304680827017 99.99986580759376 99.97739872347647 -22.32484335904511 -96.61130861231175 -64.66692745495735 -99.97747178167506 80.11378977961277 99.99999987709917 99.99999053245186 -96.3196015498177 99.99999969977885 -19.396007866178792 99.99999716595825 -99.37943573123245 -58.088291204946984 99.99999814238224
7201 100814 8.985877498675181e-05 0 5351.4938718761805 -19.56725166411701 -13.236238214765486 99.99999972351999 61.47331349381007 -13.323836645083304 -59.598590103433224 31.611130384046408 -41.43124060014029 -32.363507145827214 99.99997611327134 50.01613483225826 18.851866697098615 54.536053592605924 -61.34305279561492 99.99986567247944 99.97743076090033 -22.32484407204026 -96.61153034709133 -64.66694035457081 -99.97747316458988 80.11454644500358 99.99999983560848 99.9999898949363 -96.31959877362559 99.99999966324737 -19.395178632620116 99.99999730000559 -99.37943569466456 -58.088075386193935 99.99999841742556
7301 102214 0.00010128266827053802 0 5351.4938635439175 -19.566859852365496 -13.236484058093998 99.99999986122074 61.4733331256179 -13.323830911385471 -59.598518096951985 31.611527735703344 -41.43088397673739 -32.363507147245514 99.99997604188715 50.016079011139205 18.851857917231314 54.53605373076468 -61.3430636332449 99.999865720835 99.97746533370346 -22.324854287674057 -96.61177515109418 -64.66693743245864 -99.9774717711649 80.11506974559518 99.99999986637107 99.999989649516 -96.31959469337637 99.99999986297381 -19.395338834298144 99.99999725600347 -99.37943567233187 -58.087665853791464 99.99999865154592
7401 103614 9.232353327990106e-05 0 5351.493857738722 -19.566893404827113 -13.236501724006505 99.99999993435658 61.47333493035291 -13.323837681508536 -59.598529609419025 31.611556881203313 -41.43085939780059 -32.36350824336759 99.99997638142375 50.01607537879949 18.85186679122654 54.53605401197967 -61.34306485810757 99.99986558037885 99.97748238394523 -22.324848518604576 -96.61058486073314 -64.66693435849821 -99.97747292738472 80.1148680125669 99.9999999196103 99.99998955319468 -96.31959654653365 99.99999997978442 -19.395298567373572 99.99999751846168 -99.37943574149658 -58.08755507524714 99.99999875010084
7501 105014 0.00018895544641847042 0 5351.493849632116 -19.56696166854448 -13.236444987430257 99.99999993308359 61.47333100507847 -13.323841369571511 -59.598520860215714 31.61146544879971 -41.43094105676244 -32.36350036852451 99.99997749474298 50.016088017189745 18.851859988393045 54.53605163641572 -61.34306232058712 99.99986478506266 99.97748069044303 -22.324847609126753 -96.61093928953218 -64.66692861115428 -99.97747354050531 80.1150048962817 99.99999999021291 99.99999115335514 -96.31959895089057 99.99999999141565 -19.39456901653918 99.9999982943509 -99.37943696662768 -58.08761070346986 99.99999928021788
7601 106414 7.60306085649536e-05 0 5351.493841656984 -19.566830018306803 -13.236528348414286 99.99999992134656 61.473336887548506 -13.323838826285652 -59.598516915208634 31.61159975364908 -41.43082081584192 -32.36350880012432 99.9999778996033 50.01606919179113 18.851868077362695 54.53605022207191 -61.34306547528802 99.99986446087664 99.97747415319704 -22.324845041876234 -96.61043524737727 -64.66693231082431 -99.97747287262389 80.11505840095253 99.99999999941575 99.99999211560171 -96.31959799022587 99.99999999997785 -19.394755204123896 99.99999856499898 -99.37943756269992 -58.08751017015831 99.99999946057848
7701 107814 0.00010779304482550793 0 5351.493834971538 -19.566588315401702 -13.236676499086482 99.99999994261356 61.47334855933827 -13.323830412256882 -59.598480438268666 31.611838066760075 -41.430606021370465 -32.36350954477163 99.999978483021 50.01603563692459 18.85186133148011 54.53604770275322 -61.34307136777141 99.99986390815711 99.97748030494157 -22.32485098391736 -96.61045924232317 -64.66693961793031 -99.9774696681988 80.11511542189433 99.99999995176142 99.99999384495256 -96.31959868315795 99.99999999624889 -19.39539754377185 99.99999893789143 -99.37943854561115 -58.087264732219666 99.99999957041089
7801 109214 0.00012344141526657914 0 5351.49383075295 -19.566561809552127 -13.236689094211034 99.99999997816167 61.47334936049881 -13.32383566243658 -59.59849111393784 31.61185866343018 -41.43058743694915 -32.363507040982455 99.99997885622784 50.016032915412936 18.851863154970005 54.536046038506015 -61.34307199274729 99.9998635204346 99.97748371714883 -22.324845953853377 -96.61026080377562 -64.66693483262692 -99.97747156693063 80.11530825799886 99.99999989739825 99.99999495878585 -96.31959952767671 99.99999999894449 -19.39547820960243 99.99999918167069 -99.37943918800174 -58.08722306949741 99.99999961093839
7901 110614 9.471982332793431e-05 0 5351.4938275105405 -19.566632563276244 -13.236639015089635 99.9999999999913 61.473345698612604 -13.323836425939618 -59.598495824997855 31.611778069290324 -41.43065957970252 -32.36350773679035 99.99997921003205 50.01604403970706 18.851865097668963 54.53604453619141 -61.343069865400096 99.99986311673497 99.97749298556333 -22.324849409207673 -96.61008473277302 -64.66693559236232 -99.97747326730563 80.11529845182109 99.99999981001113 99.99999591962022 -96.31959546457372 99.99999998645598 -19.395583078777463 99.99999941809712 -99.37943979307273 -58.08724172056009 99.99999965443834
8001 112014 8.321664793063866e-05 0 5351.4938249604065 -19.566629995880703 -13.236637181604717 99.99999997535843 61.47334555586065 -13.323833334099959 -59.5984950285394 31.611775255245092 -41.430662242088594 -32.36350940212341 99.99997946291595 50.01604466457985 18.85186300207323 54.536043374869195 -61.343069661205185 99.99986279937579 99.97750827867091 -22.32484956869513 -96.61005310313476 -64.66693558491907 -99.97747225433065 80.11510275304957 99.99999973391186 99.99999662330659 -96.31959555130284 99.99999997329732 -19.395090803471817 99.99999959157427 -99.37944025913889 -58.08722621360678 99.99999971233723
8101 113414 9.90587691360077e-05 0 5351.49382324922 -19.566694851906732 -13.236597099346415 99.99999990212233 61.47334250043656 -13.32382994676513 -59.59849996266909 31.611710156465453 -41.43072105718455 -32.36351106246687 99.99997966266663 50.01605367219903 18.851860356008018 54.53604248214339 -61.34306817923934 99.99986253884383 99.97752785512505 -22.324848022650148 -96.61017887518742 -64.66693524424815 -99.97747108749331 80.11493616168919 99.99999966807005 99.99999713990732 -96.31959647773895 99.99999999365691 -19.394988130251875 99.99999973206971 -99.37944063037298 -58.087274070721236 99.99999977912056
8201 114814 5.005729329323598e-05 0 5351.493822039991 -19.566852434667 -13.236500892491732 99.9999998361379 61.47333481467318 -13.323833538028993 -59.59852079564675 31.611555388920124 -41.43086025790116 -32.363509439495004 99.99997977558175 50.01607526708775 18.851863535940055 54.53604186630102 -61.34306443976108 99.99986238489817 99.97753698859583 -22.32484917158754 -96.61056500892703 -64.66693622833773 -99.97747185676181 80.11487749811701 99.99999962958611 99.99999749401258 -96.31959659464327 99.99999999995758 -19.395373946619173 99.99999980840984 -99.37944087136303 -58.08737407679797 99.99999983572808
8301 116214 7.224117051907232e-05 0 5351.493821144208 -19.567009102858606 -13.236402261133167 99.99999976664803 61.47332727668394 -13.323831538197425 -59.59853800868715 31.611396550697695 -41.431003011710054 -32.36350868904023 99.99997988815257 50.016097601624956 18.85186042290644 54.53604127059444 -61.34306037516019 99.99986226243277 99.97755318466166 -22.32484916735741 -96.61039221522554 -64.66693705217126 -99.97747107483363 80.1147503689515 99.99999961363797 99.99999788314452 -96.31959761125623 99.99999999881446 -19.395242564045304 99.99999987781534 -99.3794410953771 -58.087475704644845 99.99999986750186
8401 117614 0.00017563550836509822 0 5351.493817746594 -19.566909524311598 -13.236449823874224 99.99999980063548 61.473331233428 -13.323828101731777 -59.5985252964876 31.611473610642456 -41.4309339771169 -32.363505990914234 99.99998002596867 50.016086919416345 18.851854770318624 54.53604085539581 -61.343062780335686 99.99986233094128 99.97759543556451 -22.32485302247234 -96.61039737396733 -64.66694127848801 -99.97746966144017 80.11494447519365 99.99999975497502 99.99999839463561 -96.3195985643764 99.99999999895864 -19.394888474106494 99.99999993728471 -99.37944122693705 -58.08731289490822 99.99999989114912
8501 119014 0.00017278575339899337 0 5351.493812172406 -19.566811181233675 -13.236538936679652 99.99999992336372 61.473337649225215 -13.323834813997905 -59.598518282940304 31.61161686786995 -41.430804396268016 -32.36350986630654 99.99998014245527 50.01606663294 18.851864312624826 54.53604048111879 -61.3430663003087 99.9998624529953 99.97765236173808 -22.324845810896 -96.61024341620801 -64.66693270105895 -99.97747136038939 80.11496382041545 99.99999993280869 99.99999889805295 -96.31959856381053 99.99999999998018 -19.39510509339854 99.99999997743643 -99.37944132957108 -58.08702256917513 99.9999999363391
8601 120414 0.0001661449995317297 0 5351.493809018213 -19.56682486168495 -13.236522724626665 99.99999997483188 61.47333661255971 -13.323830441534994 -59.59851634114341 31.61159055942537 -41.43082824744903 -32.36350850896156 99.99998019142308 50.016070531238 18.851856949454913 54.53604019425765 -61.34306554165542 99.99986247113874 99.97770649709807 -22.32484995361671 -96.61038680591768 -64.66693269342824 -99.97747124708386 80.11543067832402 99.99999999415705 99.99999915698638 -96.31959607688002 99.9999999952719 -19.39510791150343 99.99999999397203 -99.37944142300526 -58.086948554527225 99.99999999562283
8701 121814 0.0001303019516110246 0 5351.4938069353875 -19.566924516675385 -13.236441889090468 99.99999999890062 61.4733304942761 -13.323832919585357 -59.5985258084877 31.611460390187897 -41.43094541597006 -32.363511772485396 99.99998021350521 50.016088737820084 18.851864797225033 54.53603988647464 -61.34306214727497 99.99986244609504 99.97776133784691 -22.324847789207166 -96.61032884455209 -64.66693453349693 -99.97747185231222 80.11525575830017 99.99999999370529 99.9999993808958 -96.3195959000419 99.99999999843457 -19.395414899627923 99.99999999992978 -99.37944151566073 -58.08693532953484 99.99999999215086
8801 123214 8.766259441738435e-05 0 5351.493805908832 -19.567004153517928 -13.236395219597087 99.9999999981315 61.47332686336876 -13.323831958209098 -59.598537823519735 31.61138527472169 -41.43101290531548 -32.36350848978674 99.99998021543284 50.016099061463606 18.851860824067955 54.53603962385088 -61.34306039816486 99.99986239852666 99.97782005057584 -22.32485028963194 -96.61010624772328 -64.66693673388468 -99.9774706079135 80.11508214792077 99.99999996652353 99.99999954509576 -96.31959789985765 99.99999999888018 -19.3952485848896 99.99999999716697 -99.37944159020275 -58.086850068213835 99.99999995924132
8901 124614 0.00011135306616822765 0 5351.493804950782 -19.56706170138432 -13.236365417191942 99.99999998863095 61.47332441649186 -13.323830731380042 -59.59854212783713 31.611337473439 -41.431056210874736 -32.36350958913752 99.99998020101187 50.01610596601355 18.851860366259643 54.53603930557398 -61.34305917217834 99.99986234057242 99.9779106345003 -22.324849595204427 -96.6101237585565 -64.6669366306866 -99.97747110062042 80.11523933032701 99.99999991647725 99.99999972780022 -96.31959663058358 99.99999999716263 -19.39529235915839 99.99999998158039 -99.3794416744531 -58.086693801149494 99.99999990103109
9001 126014 0.0002474807497708983 0 5351.493802867236 -19.567089600043687 -13.23635988974903 99.99999999495613 61.47332397007577 -13.32383409856692 -59.59855046914382 31.61132817981687 -41.43106393079952 -32.36350942513809 99.99998015190017 50.01610699456524 18.8518624176686 54.53603890755147 -61.34305902346071 99.99986230814086 99.97807477851985 -22.3248480033876 -96.61008237411646 -64.66693168717376 -99.9774714668493 80.11526000995872 99.99999988564177 99.999999927222 -96.31959725969458 99.99999999895446 -19.395026691491978 99.99999993505543 -99.37944178308767 -58.08632755941011 99.99999992956317
9101 127414 0.00022018404657747918 0 5351.493800295577 -19.567172679068904 -13.236289432782836 99.99999999625749 61.473318377443555 -13.323834633940152 -59.59855985922341 31.611214486257452 -41.431166554395396 -32.36350811053455 99.99998008435001 50.01612299690622 18.851862649774546 54.536038753900584 -61.34305630374474 99.99986234677374 99.9782274814445 -22.324850183096032 -96.60987112310504 -64.6669341956436 -99.97747200616034 80.11543720821193 99.99999989879844 99.99999999390326 -96.31959636329728 99.99999999975805 -19.39545335293488 99.99999988205299 -99.37944180847624 -58.08602712201488 99.99999998797331
9201 128814 0.0002053798408286444 0 5351.493798112002 -19.56729698344651 -13.236198392559356 99.99999998734573 61.47331145193688 -13.323831637908171 -59.59857068592941 31.611068044989658 -41.431298209677465 -32.3635097132059 99.99997999738805 50.01614359903221 18.851860704334854 54.53603875377456 -61.34305257530564 99.9998624173215 99.97842502980711 -22.32484710148286 -96.60968792355362 -64.66693410557022 -99.97747024844251 80.11568755804795 99.99999991598531 99.99999998941247 -96.31959898728284 99.99999999833925 -19.395339447297403 99.99999981091224 -99.37944176751783 -58.08571356536041 99.99999999985342
9301 130214 0.00017268109973168216 0 5351.493796345549 -19.567370399963863 -13.236139049834165 99.99999996910798 61.473306918777695 -13.323831084412518 -59.5985826085154 31.610972393589382 -41.43138408458198 -32.36351075633863 99.9999798763032 50.016157031332106 18.851861870318487 54.536038941394764 -61.34305035716046 99.99986256291102 99.97866728946568 -22.32484965027895 -96.60956052163198 -64.66693589998765 -99.97747075768791 80.11593482694556 99.99999996475776 99.9999999209328 -96.31959684705511 99.99999999949651 -19.395408501638087 99.99999971309443 -99.37944164421312 -58.08525056091014 99.99999997842838
9401 131614 0.00014339393809608208 0 5351.493794931792 -19.56753075851958 -13.236039008629403 99.99999998751369 61.47329910391062 -13.323833212522658 -59.59859726657116 31.610811351886035 -41.43152899938755 -32.36351067989804 99.99997971924111 50.01617956369761 18.851864022617463 54.53603917417206 -61.34304631031627 99.99986270007335 99.97898951442555 -22.324845446111894 -96.60939657886064 -64.66693454980167 -99.97747119931213 80.11623775986635 99.99999998625586 99.99999976731512 -96.3195983511501 99.99999999932933 -19.395456810553696 99.99999959336866 -99.37944150045111 -58.08467429991424 99.99999996175737
9501 133014 8.263852662157385e-05 0 5351.493794450705 -19.56768601482861 -13.235930573278937 99.99999999985329 61.47329084416505 -13.323833379132083 -59.59861393299933 31.6106367677183 -41.431685978314164 -32.363510954509366 99.99997963789008 50.016204136850625 18.851864196097836 54.536039305753576 -61.34304207202517 99.99986276035825 99.97917189729735 -22.324849186634008 -96.60933710214499 -64.6669337351192 -99.97747085895398 80.1162613616948 99.99999999280196 99.99999965501661 -96.319597272343 99.99999999982565 -19.395516036073616 99.99999953514725 -99.37944143254605 -58.084391074824595 99.99999997764188
9601 134414 0.00011750672387704966 0 5351.493794199101 -19.567677936211226 -13.235935106908208 99.99999999633106 61.47329114265329 -13.32383213905419 -59.598614665667725 31.610644101104388 -41.43167934316336 -32.36351088907617 99.99997967558848 50.016203072284156 18.85186285403742 54.53603928477213 -61.34304229972689 99.99986273737306 99.97916631041006 -22.324849186845544 -96.60933123339063 -64.66693450804752 -99.97747052671471 80.11638205686711 99.99999999543437 99.99999967154832 -96.319597523028 99.99999999990584 -19.395474454960322 99.99999956432572 -99.37944145711712 -58.084395032068045 99.99999999368576
9701 135814 0.00017661025752210553 0 5351.4937937786435 -19.567649934863766 -13.235951209667803 99.99999998799197 61.47329233949142 -13.323832509840173 -59.598608226270024 31.610669918465884 -41.431656184438985 -32.36350994878461 99.99997981861354 50.01619955334839 18.85186249876344 54.53603918963165 -61.343042898216176 99.99986265185524 99.97906519881866 -22.324849707782946 -96.60937746013572 -64.66693523912555 -99.97747122650539 80.1160889197882 99.99999999995472 99.99999977255635 -96.31959668505144 99.99999999991422 -19.395478432591574 99.9999996692473 -99.37944154270988 -58.084624311087055 99.9999999988981
9801 137214 0.00022273535989977567 0 5351.493793156324 -19.56762452033695 -13.235973492742218 99.9999999995193 61.47329405643974 -13.323832517421607 -59.598607152773226 31.610705823154444 -41.431623898915944 -32.36351073626497 99.99997993349437 50.016194394899905 18.85186343503267 54.536039145753875 -61.34304394463615 99.99986257104361 99.97907493609235 -22.32484834432124 -96.6094310383964 -64.66693513995521 -99.97747092892178 80.11622390255485 99.9999999903706 99.99999982059795 -96.31959744226722 99.99999999992102 -19.39543244597155 99.99999975794567 -99.37944160414871 -58.08455912711307 99.99999999522234
9901 138614 0.00012314312588629548 0 5351.4937926975645 -19.56770653927134 -13.235921115015243 99.99999999895064 61.47329011354543 -13.323832502502796 -59.59861842625559 31.610621414095295 -41.43169969419994 -32.363510982508785 99.99997998904877 50.01620619444617 18.851863193331127 54.53603914698502 -61.34304174054295 99.99986251056376 99.97919182857879 -22.32484902052803 -96.60926876147613 -64.6669340215095 -99.97747085895732 80.11632310253792 99.99999996790042 99.99999980964432 -96.31959708180447 99.9999999999972 -19.395532156074466 99.99999980584599 -99.37944163250137 -58.08435769832241 99.99999997693806
10001 140014 0.0002441806917000144 0 5351.493792308269 -19.567741256170052 -13.235888910164205 99.99999999906613 61.47328763974652 -13.32383348985644 -59.598621527933325 31.610569636072793 -41.43174638181821 -32.363511423251424 99.99998006430732 50.01621352048336 18.851865047899054 54.53603912551034 -61.34304053326821 99.99986244965582 99.97926414385516 -22.324847263561296 -96.60930595074629 -64.66693431426889 -99.97747192403469 80.11639999527112 99.99999995660633 99.99999982904927 -96.3195962628979 99.99999999988908 -19.39546213568582 99.99999986516268 -99.3794416726541 -58.08424639905883 99.99999997362582
10101 141414 0.00024520658764363475 0 5351.493791353297 -19.567829091539295 -13.235840737749852 99.99999999595593 61.473283890290965 -13.323832350159392 -59.598633648800146 31.610491836393635 -41.43181620869209 -32.36351169514231 99.99998017117831 50.016224491738356 18.851863319745746 54.536039093112436 -61.3430385656146 99.99986239506705 99.97936303757426 -22.32484909349505 -96.60913826122402 -64.66693278532614 -99.97747024415645 80.1164603690956 99.99999996977762 99.999999872394 -96.31959764150399 99.99999999993169 -19.395512960656333 99.99999994443098 -99.37944172746994 -58.08408589155974 99.99999999971267
10201 142814 0.00015759387278882996 0 5351.493790984966 -19.567865119439602 -13.235816170283561 99.99999999669674 61.473281947385075 -13.323833035660641 -59.59863853748133 31.610452441607322 -41.4318517308488 -32.363511200866725 99.99998020275417 50.01622997946682 18.851864048889865 54.53603912193168 -61.34303765701048 99.99986239133165 99.97946014895442 -22.324849009588828 -96.60913068867295 -64.66693373087013 -99.97747060225608 80.11652945952487 99.99999997898573 99.99999988101865 -96.31959757555492 99.99999999986024 -19.395561084550337 99.9999999678464 -99.37944172765891 -58.0838966625121 99.99999999029527
10301 144214 0.0001908388894354317 0 5351.493790648818 -19.567831960593367 -13.23583126183327 99.99999999982957 61.47328314678225 -13.323831535988575 -59.598632120107006 31.610476662376062 -41.431829903651206 -32.36351062562818 99.99998023369328 50.016226521760856 18.8518617211262 54.53603914521244 -61.34303825775759 99.99986240297389 99.9794697271457 -22.32485043418584 -96.60915578848507 -64.66693456253208 -99.97747090106486 80.11653908225475 99.99999999827824 99.99999991889263 -96.31959630976802 99.99999999998408 -19.39554443284871 99.99999998758688 -99.37944172202887 -58.083847470238595 99.99999996757697
10401 145614 0.0001294065577137521 0 5351.49379051725 -19.567844980091877 -13.235824003311938 99.99999999997577 61.473282562367835 -13.323832217722128 -59.59863290534393 31.6104649867161 -41.431840429966094 -32.36351109959307 99.99998024069038 50.016228202864546 18.85186312326175 54.53603911472379 -61.3430379541757 99.99986239672465 99.97944464363519 -22.32484899494491 -96.60909946911454 -64.66693435737905 -99.97747067637839 80.11651717855818 99.99999999994594 99.99999993497347 -96.31959729551274 99.9999999999039 -19.395539478181973 99.99999999126031 -99.37944173536292 -58.08391578610096 99.99999997964505
10501 147014 8.014341230176407e-05 0 5351.493790397973 -19.56786276737995 -13.235811466392775 99.9999999999996 61.47328155672665 -13.32383277448568 -59.59863486103128 31.610444846133188 -41.431858496798895 -32.36351120374255 99.99998024716389 50.01623101991586 18.851863827561175 54.536039069784835 -61.3430374307951 99.99986238191667 99.97948154192511 -22.324848716329832 -96.60911851860946 -64.6669340023141 -99.9774706573231 80.1165010491779 99.99999999547607 99.99999994688118 -96.31959754421385 99.999999999865 -19.39555425178972 99.99999999673484 -99.37944175687613 -58.08384925844632 99.99999999952209
10601 148414 0.00012382037312366238 0 5351.4937903549235 -19.56789100952966 -13.235791389833828 99.99999999996993 61.47328003381243 -13.323832652377376 -59.5986382686254 31.610412402464508 -41.431887635345774 -32.363511106029705 99.99998024878957 50.01623553387194 18.851863558861737 54.53603907580424 -61.34303663700096 99.99986238607667 99.9795102641683 -22.324849269822533 -96.6091000635807 -64.66693404652868 -99.97747071772285 80.1165449569769 99.9999999989408 99.99999994824677 -96.31959722200682 99.99999999998104 -19.395589906226974 99.99999999751061 -99.3794417550429 -58.08381171344587 99.99999999992151
10701 149814 0.00017692501853777863 0 5351.493790287712 -19.567873295061815 -13.2358021796729 99.99999999973697 61.47328083035917 -13.323832545342327 -59.59863621758593 31.610429860430614 -41.431871930724654 -32.3635110793812 99.99998025252093 50.016233063515564 18.85186337516228 54.536039044533055 -61.34303706413855 99.99986238267395 99.97948932038724 -22.324848895889406 -96.60909061627908 -64.66693404093289 -99.97747083393496 80.11653086888926 99.99999999982995 99.99999997178129 -96.31959715723715 99.99999999998026 -19.395567862142883 99.99999999938589 -99.37944176487176 -58.08384584425943 99.99999999863711
10801 151214 0.00011164922961340826 0 5351.493790225377 -19.56786676663546 -13.23580736781609 99.99999999999673 61.4732812576593 -13.323832707741445 -59.598635875381234 31.610438245556452 -41.43186442191803 -32.36351101262079 99.99998025443921 50.016231906059616 18.851863577043247 54.53603901642782 -61.34303726296057 99.99986238020645 99.97948754476029 -22.32484876230168 -96.60911341408172 -64.66693420186398 -99.97747094240502 80.11654273907403 99.99999999992744 99.99999999142315 -96.31959712463535 99.99999999999996 -19.39554909693794 99.9999999996747 -99.37944177357406 -58.083840633362854 99.99999999982597
10901 152614 3.338172579974352e-05 0 5351.493790215669 -19.567880036306804 -13.235800208489964 99.99999999999125 61.473280717758335 -13.323832513304865 -59.598637480917446 31.610426699003238 -41.43187481390149 -32.36351113075858 99.99998025375208 50.01623354559725 18.851863409713502 54.53603901038389 -61.34303699949556 99.99986238028698 99.97949745722859 -22.324848829939786 -96.60911120111228 -64.66693406254672 -99.97747077609493 80.11653744955407 99.99999999997974 99.99999999535218 -96.31959725285384 99.99999999999999 -19.39555696115059 99.99999999891237 -99.37944177476672 -58.08382851840241 99.99999999997186
11001 154014 2.7666815909650605e-05 0 5351.493790213046 -19.56787863970783 -13.235800543372905 99.99999999999986 61.47328074051462 -13.32383264265124 -59.598636940487225 31.610427235108606 -41.43187433736575 -32.36351114749064 99.99998025316089 50.01623346877335 18.85186360303024 54.536039007112606 -61.34303701185341 99.99986238051389 99.97949473532717 -22.324848729171954 -96.60911071092548 -64.66693406986003 -99.97747079488096 80.11653544157676 99.99999999999376 99.99999999768991 -96.31959729925377 99.99999999999945 -19.395554202156347 99.99999999834706 -99.37944177546787 -58.08383394762964 100.0
11101 155414 4.847141277212387e-05 0 5351.493790210914 -19.567873492699334 -13.23580470046102 100.0 61.473281056118786 -13.323832571772783 -59.598636491197766 31.610433923478507 -41.43186831570319 -32.36351118739779 99.9999802534263 50.01623252490411 18.851863568657166 54.53603900530496 -61.343037174793665 99.9998623801976 99.9794879966966 -22.32484885037497 -96.60912117594698 -64.66693410758334 -99.9774708108262 80.11653528182165 99.99999999999832 99.99999999885213 -96.31959719368024 99.99999999999847 -19.395561727838526 99.99999999844553 -99.37944177617105 -58.08384458856847 99.99999999999712
11201 156814 6.09970785338029e-05 0 5351.49379019805 -19.56787760822965 -13.235800697696265 99.99999999999578 61.47328075011348 -13.323832564747846 -59.59863681655022 31.610427473672832 -41.43187410509007 -32.36351116754423 99.99998025548047 50.01623343215219 18.851863548822024 54.5360390045079 -61.343037017242864 99.99986237886608 99.97949988612781 -22.324848777971706 -96.60909861393806 -64.66693411889008 -99.97747075142601 80.11653493878333 99.99999999999963 99.99999999993189 -96.31959732458974 99.99999999999999 -19.39555359213449 99.99999999998789 -99.37944177718414 -58.083823526600355 99.9999999999976
11301 158214 3.254894318379104e-06 0 5351.493790197172 -19.567882928045208 -13.235797823458308 100.0 61.47328052872751 -13.323832604939412 -59.5986376349453 31.61042285480583 -41.43187827027405 -32.363511172461415 99.99998025547258 50.01623408152939 18.851863583403883 54.53603900446382 -61.34303690685928 99.99986237898767 99.97950526472825 -22.32484877102937 -96.60910016685727 -64.66693407097546 -99.97747077993239 80.11654568463825 99.99999999999997 99.99999999999993 -96.31959728696327 100.0 -19.395555079837294 99.99999999999991 -99.37944177718636 -58.0838139772311 99.99999999999999
11349 158886 1.5875028625530444e-06 0 5351.49379019717 -19.567882656867198 -13.235798027879959 99.99999999999999 61.47328054495195 -13.323832611420016 -59.59863761159421 31.610423184129953 -41.431877974419166 -32.363511172889815 99.99998025547457 50.01623403590035 18.85186359314841 54.536039004433434 -61.34303691535144 99.99986237897956 99.97950519750569 -22.324848763893485 -96.60909993155484 -64.6669340723046 -99.97747078021733 80.11654580031558 99.99999999999999 99.99999999999996 -96.31959729144327 100.0 -19.395555477662526 99.99999999999996 -99.37944177720149 -58.083813782057575 99.99999999999997
