% # columns="iteration, evaluation, void, void, void, xmean", seed=49, Sun Jul  5 19:47:13 2020, <python>{}</python> # scaling_of_variables: 1, typical_x: 0
1 14 0 0 0 2.377477450284808 -16.888302164583028 -18.024881378104794 16.767564115356752 -30.264429964413303 4.223433289786459 22.39110001698906 1.4250726459907175 -11.102539563076762 -18.28214915646666 32.43514342940862 -1.0243953489666615 -29.628902852245837 20.642754318547706 6.956138652677298 -26.571589480462084 15.103563377802685 -26.78036981195146 17.149765378618188 7.740476683786356 -28.014577981506758 -2.654203826905486 -3.6819590454348057 -1.4881537231873343 23.287480251382895 4.892342640877153 -15.013913953469057 -11.812880277642991 -22.804107186727443 13.26992401130992
2 28 0 0 0 4.84988264323311 -23.515121861042278 -17.15243754799038 29.644586569359035 -19.953812285750203 -20.265570068703397 21.41158427045835 -14.448070466432593 -14.466500314076667 -20.967131074726144 70.08567640939354 -15.104833269185184 -36.98337586224452 16.410248727073245 4.636835284888096 -0.40883544890144563 -44.88086296178357 -2.4332290819402473 36.57347432817742 1.5628764029929796 -68.30696540027532 -38.92802744259348 -18.765814277056247 4.363456512845321 35.93895473466248 11.290394284610482 -27.08009864095617 -22.5842948038696 8.01451103328531 16.110579801675165
3 42 0 0 0 4.673160105703223 -15.890739908751438 -19.780927164476214 51.98258268366894 -10.548590758681575 13.755476783698796 0.6207855770104196 -26.158151619637206 -9.588902622351537 -26.5267777453918 70.41304805045347 -27.921473989451684 -49.99079537496141 8.834698452687212 15.984948966001529 34.65163344043803 -90.6121721741289 6.780480102906111 55.54143185429572 -1.7813346210201972 -96.82531199253948 -62.43915113495755 -31.060386676138233 24.969403252768917 45.32393193516158 -1.6272529446848978 -47.26909487421492 -10.445986482896219 39.55589604608452 5.829514353827037
101 1414 0 0 0 -10.30628706886101 -196.11762472980018 -167.2685619170135 101.49401853733889 170.22129986624057 132.0392238855461 95.84246786704583 -134.63284086489404 -7.410691613937029 -122.58908785972345 -42.913704467720265 -97.26222465071064 -46.6819948493192 -10.147661628136023 -50.4654112737649 -20.030949936780154 -58.70935440234745 69.79754251644658 116.73182719228215 -241.33629750330468 -164.5772479649551 -237.8070260284263 -106.74860126054877 -75.26976765932783 38.61574459891945 28.315715568321405 -223.09241374831055 -176.85033952412428 165.18849538680197 -5.543579041534848
201 2814 0 0 0 8.79139598235622 -204.860325117181 -174.67627180932 112.06643702892156 181.6693002547604 138.05718410529093 85.17600995192349 -152.9135573902879 -16.806966403585758 -124.88258050069926 -44.504608271952435 -116.5094135917297 -41.01132166534268 -14.50999214978865 -53.447558093649846 -27.747249682143554 -63.59223046595084 60.84568291443616 129.78496167244344 -250.17730549344307 -171.10623604900204 -242.37303411612297 -89.38601265115429 -74.6160078233679 22.74421244283511 19.441795634994644 -220.08217451442096 -184.50242384073576 164.67232203953512 -14.499445787637402
301 4214 0 0 0 52.45434622695742 -230.87641198332827 -199.38987313235683 141.54424460979095 223.89507717744587 175.0852775877946 43.48805376602637 -184.43311878965255 -38.23564532154732 -130.38616777711363 -67.54160359042721 -144.84190503478433 -19.526823865012297 -47.13116205001543 -19.947862475606147 -46.38167944756285 -63.48325729742131 72.66941698708712 159.10945223149454 -249.8071514354946 -190.16096027199367 -244.0189845365047 -46.68814769897418 -75.44819045465893 -5.69523900299506 -14.205317106003626 -215.564222676748 -194.12923990696507 141.92802687556056 -46.34531162037718
401 5614 0 0 0 60.92121333891579 -234.7057980363722 -224.74161604163191 193.6566137892168 234.39161549831638 200.92680274933284 -3.697083346338724 -207.4946758188832 -71.74406467801764 -139.10795241327443 -62.95069574172496 -208.21094391003143 -33.882478637713575 -24.95256975552444 -11.801717718106586 -39.219193072848405 -14.582820690769148 83.63607436288163 189.96307962341672 -215.24169538389208 -190.66009618578482 -224.47543974660096 -30.483475117867492 -44.76872792892817 -34.387509835633026 -21.950244402580054 -216.29441407096675 -211.25718027789074 118.27551752498361 -88.46229231471797
501 7014 0 0 0 -44.17058065633161 -224.25815463778514 -233.73101789815536 249.1427116024234 238.0751011269972 198.16684190971515 -0.5987383223621379 -213.2281165308952 -71.15490489492619 -138.7256655168087 -39.5935009532072 -221.85879107687003 -37.17662392326078 51.97558401415056 61.83640009056577 -16.049683782580402 35.95979267946815 122.12645962886874 213.88824120421543 -158.38535588447562 -183.55657917487588 -211.55790384673085 -7.635118199946641 -39.699838931759196 -16.658774405610664 -17.71996149102392 -188.79436547458982 -226.4802897020639 136.87042066767515 -87.63203640231704
601 8414 0 0 0 -50.27276880862459 -225.53088538208422 -252.23867302283023 213.64533702617152 257.14293421484757 203.14921091164177 15.055684414767075 -212.5408557700192 -60.09957691224754 -152.23646162171787 -35.20554462451225 -216.41548650850694 -23.838037505531375 65.0291181391499 60.58174235212519 23.39560646982181 30.361629868019957 72.58064411374767 193.2711346420526 -124.54037744942148 -192.69418035735345 -238.16659121739167 27.570153611321043 -2.440713122006209 -35.13322274450353 -26.939328700388238 -152.77446294926384 -144.8712210535353 128.01051399995544 -61.711771271696854
701 9814 0 0 0 -56.62214580554101 -214.8304523133537 -245.30384087615693 202.26050182882312 257.6993076206693 202.39437595485757 7.131168482367501 -208.2655293275655 -61.667428834301816 -161.93541099131818 -22.03950900526558 -222.6154343371959 -13.689291484560435 46.05678159482662 60.934889902431564 33.836655132806136 33.109648345866525 77.6905665111302 187.90905894102698 -135.11645962514336 -205.2531722970866 -243.04799109539465 36.29816959275274 11.104913809042056 -36.824893561319435 -33.41282960499599 -150.0767743441816 -155.12948808157552 145.88845736524667 -66.05715228601863
801 11214 0 0 0 -56.00864279445621 -214.66636274401455 -245.3998190100764 201.7901632742786 257.5486504193946 202.79382993345322 6.371288836208893 -207.61509392511675 -61.03949191498652 -162.93507221271364 -21.05867581621432 -222.5979321251729 -13.255769068598719 46.110620834567435 61.01670253188774 34.84258449464772 32.638753248769916 77.80115018886569 187.9154999646707 -136.02458634387455 -203.92804485806238 -243.175588005917 36.773712175972705 11.426317644739191 -37.03212856306847 -32.96500745736704 -149.83878700512824 -156.22306116885025 146.52014015170937 -66.1061918195316
901 12614 0 0 0 -55.93846097458694 -214.6431926827136 -245.40036345785572 201.82076434580964 257.53697695210457 202.79748986687096 6.387363802186273 -207.60186794568153 -61.05402161888272 -162.96666678779667 -21.07625017770669 -222.5795563922075 -13.23965005783301 46.107334088445256 61.01487414444659 34.82613821904517 32.64844227419059 77.81655121699632 187.904323310447 -136.0171965380243 -203.9240982354186 -243.1832649429091 36.78445212542732 11.412452401488054 -37.034065752235385 -32.98960039823386 -149.81734575906998 -156.21154212828813 146.55831689739014 -66.10880519851364
1001 14014 0 0 0 -55.938321611173585 -214.64306575266284 -245.40006808331242 201.82057536635125 257.5369437164412 202.79789725002695 6.387666955558274 -207.60216586673158 -61.05356254711171 -162.96599279454063 -21.07619171332674 -222.57972094357092 -13.239358201579796 46.108226888548714 61.01474450487106 34.825529281344195 32.64817765194511 77.81651481485179 187.9041349185607 -136.01621570297223 -203.92358739262684 -243.1836440833114 36.78536453333096 11.412097279198194 -37.03414960491843 -32.98984023439827 -149.81714451324137 -156.21194823661426 146.55898520596656 -66.10819394235567
1096 15344 0 0 0 -55.93832663760114 -214.64306534650666 -245.40007012415896 201.82055915900318 257.53694280559915 202.79790044309223 6.3876659648309415 -207.60216857545322 -61.05355715495159 -162.96600370088345 -21.076189675431895 -222.5797263541544 -13.239358059065621 46.10822968165983 61.01474532037049 34.825527856281596 32.64817144686445 77.81651675072871 187.90413417670186 -136.01621480250702 -203.9235904720154 -243.18364278860986 36.78535202570833 11.412088140027008 -37.03415185168428 -32.98984248901502 -149.8171482587982 -156.21194998741348 146.55898173433226 -66.10819444525102
