% # columns="iter, evals, sigma, 0, fitness, xbest" seed=49, Sun Jul  5 19:47:13 2020, <python>{}</python>
1 14 51.78822597172756 0 242942574.91777962 96.22728520563224 -29.325926529461427 32.10974322632302 -5.228982257900848 5.729921179209136 -20.065597603082473 34.64157790908236 -76.77357129035862 -21.98314815761586 -88.77431628870892 39.98559577460538 -23.550035062438273 -86.19950677172234 24.31184104613907 -4.264036167714959 -48.85513778403638 -11.51292541663783 -75.71144208754575 -32.49520131159492 3.5799923610895625 -15.774664748714276 32.143665901356755 -17.516848584680062 -7.633592737997609 53.664041933674014 32.54812256076939 -43.79886293568202 4.7328009229562955 -31.882991635943885 -10.68345477621167
2 28 51.576655466792765 0 386266146.6220243 -17.250104637563595 -34.08985045510437 -5.738952176367373 29.156159847739737 -0.2675384669432077 -63.19594445336304 26.270731638500873 -37.9650590037554 -35.061071091072066 -30.967071140712928 99.60536888596013 -47.76585917675164 -43.40364515071669 8.179837476258548 11.916387005662454 41.079324346590994 -94.19840387874453 35.965596370072944 3.3713314053930503 -6.828151024106055 -96.54964657797288 -52.455844223068915 -51.319692934827174 14.024756151108908 78.10376201218735 12.788863200353475 -69.16692254799426 -3.87453596932333 -0.014456163249668919 30.85067568132392
3 42 53.26840659458035 0 2106538313.5573235 11.032595737760776 -40.08672793484864 -14.970728049857547 61.84599739472104 5.8298218517112375 -81.5049179588909 18.96212135489566 -54.141843175048365 -22.878715368471727 -27.681432157712116 45.86210131926052 -50.31561027059042 -55.3746155797304 5.82607432972644 -1.163017968579915 65.01604005337985 -15.216823802804527 58.45136468735289 85.1461031227025 -13.88537223268995 -41.03435960004347 -80.46247037024193 -56.485824541755434 18.996505874486797 67.57634053855604 27.289922917699485 -57.253857489664306 -49.520237920245066 85.08224854151419 23.21417261171675
101 1414 3.2354405650089157 0 358139.4861858496 -9.2188742614104 -13.719272602269172 -45.80836247870093 99.78083604143654 39.51117897503647 83.6284250993146 95.6325058579021 -73.24747155144283 -8.416785863888157 -86.43863858331558 -41.5167448183724 -97.61636749619724 -43.246799449224284 -12.605552729777598 -51.239962023265356 -22.570969005374383 -58.13734678397736 71.10191014839943 95.72785869309371 32.566991889081606 -47.56497594405812 23.07628322406279 -99.19157828448648 -69.50357541885224 40.893121978897916 25.839792076986992 14.677390953948986 -33.846237728863144 40.76997773828717 -7.249409059624037
201 2814 0.9583165486962155 0 307792.20334281493 8.747515306944829 -5.308915156356221 -34.78480730098548 97.42014002750912 27.76329268330258 72.62103050611452 84.9849970183623 -56.84224538527624 -16.55575866717352 -85.22768556765735 -45.01248492462834 -93.96953386298875 -40.20585221452114 -14.545643734785246 -52.54254857826402 -27.805832636151433 -63.84475771661909 61.16309387722071 78.79725818659881 40.464460764032054 -39.33866068448364 32.06967709713621 -89.23553746982434 -74.71767434902327 23.49652821149915 20.391862513540623 10.163712876766311 -25.05944333689058 45.52537478979562 -14.967375662764953
301 4214 3.1258851840117856 0 174885.4596390876 57.55966845024855 24.796839256191276 -8.5812845050649 70.53916107921998 -16.730930306441024 33.69811939094373 41.273834930626975 -24.776932852549976 -40.24338483655907 -78.93477719260741 -66.53308314224182 -64.10886858132261 -17.058914246437777 -49.83344774092128 -16.525451731166957 -48.71131451342464 -62.60305719604411 76.13291835185301 46.658864892279155 42.170127846289546 -19.739046102706595 33.270892288137134 -49.07915185334908 -76.24761104152283 -8.558931592030028 -18.244142613471748 6.952405424386228 -15.385990173714276 68.79291931128978 -50.751146450585054
401 5614 4.493664224440543 0 79592.15074518089 59.70795679681233 23.988169211429124 15.180753392023547 13.288760551562973 -22.868056793923415 4.8461901684520114 -7.1448720102806815 0.9050713706479598 -74.33520216101904 -71.61539129228319 -64.21259061361455 1.0109764788496989 -34.58669833220326 -22.15833083790178 -10.555734851627946 -39.025808438243814 -13.078629148129089 86.13877188012154 20.68277719837039 2.6887756745900333 -22.366978088752802 12.87255841586574 -31.74358337108958 -45.02566601381486 -33.02614653015998 -24.147215943806007 1.6273996878548758 0.7190163592514409 94.7300200158951 -90.85188552382307
501 7014 4.435228373903914 0 28443.55269408437 -39.665973521509855 17.674164294788227 24.43377901683118 -38.89494543804287 -30.72769402404407 6.501515005829987 -2.969914102336743 -1.4167450923905278 -69.3931589808256 -67.43807038625553 -44.315187378128904 18.339555405574316 -40.74178349206932 48.94355649738861 58.75450655117465 -19.858934143190165 35.10506157496182 86.57055094835775 -11.218602941861178 -53.02702366951604 -27.44933452544629 1.538731610022694 -2.070638216928101 -38.772178181758875 -14.787990675095125 -19.54081473735765 -17.24094708068992 11.235987084526101 76.57070029889277 -89.46686003768332
601 8414 2.9964922206195883 0 3280.923072811512 -55.606162799040405 15.714008189483337 44.023850887281014 -2.875083830795546 -45.258054165597144 10.240266426725015 18.709540284391267 1.5014129749126823 -60.24262759232939 -56.02954392076026 -33.95019286901728 7.740277140484608 -22.735163854662563 68.40656132614986 61.14669917837877 25.41301390012704 32.86571235984883 76.98201705847644 20.02381927232784 -86.13051082384025 -14.797805215385324 27.94579525222784 26.70677871964708 -3.287365662453769 -35.42130265662032 -30.735993824636463 -58.815465157057645 -69.84764582064903 78.05934618791028 -60.55619702080159
701 9814 0.5052910508545866 0 319.3371841978738 -57.37973001039367 4.427881375372323 35.3553051270049 7.9304264472770285 -47.56774183481471 7.483896522721011 7.3876740363555164 -2.0208200940259076 -61.773589899573565 -48.48650903668391 -21.771719060546943 12.63798897989426 -13.550081151394666 45.70813391381379 60.917208630850965 33.44844476491066 33.195408359496305 78.01533145086678 21.785361908875075 -75.3059981167722 -5.376893604196084 33.064071798089316 35.783994020465144 10.673741467967728 -36.464857882959514 -33.42868099594747 -60.32054465806695 -54.68302531455282 64.05103066748921 -65.60466684033256
801 11214 0.012669124719865324 0 300.01854900368255 -56.002590598370226 4.5698275385949785 35.29949636035144 8.304137175175981 -47.44779495445263 7.300093934640358 6.385420227081763 -2.490488662433876 -61.03584627214364 -47.17656285237575 -21.056139457144546 12.504201548724922 -13.238061169349933 46.11244337466797 61.01503686955705 34.849158939722784 32.6338737554893 77.8012707486113 22.190536396543024 -74.07659083730448 -6.168366202073344 33.07166512542253 36.77133196865817 11.428064156682709 -37.03099393040612 -32.950247853713336 -60.250318772762284 -53.88069561612747 63.58955402570629 -66.09620343252725
901 12614 0.00039734427695835674 0 300.00000934562274 -55.9384312273233 4.543211211880532 35.30029216316896 8.279368240318433 -47.43698932010912 7.302388825350704 6.387262291218873 -2.498147477753122 -61.0538915642959 -47.133231168630005 -21.076562030456262 12.479416636276966 -13.239914854156943 46.10747897646713 61.01492722418811 34.82619393297647 32.64843466434801 77.8164182138851 22.19585751527427 -74.08250296345653 -6.176115502130671 33.08368835292211 36.78431592705346 11.412487843478653 -37.03419150027291 -32.98952387935964 -60.28259571439244 -53.88847847200148 63.54175812953423 -66.10871507457108
1001 14014 4.438910007729748e-06 0 300.0000000014093 -55.938321955736804 4.543068892344877 35.30006553550365 8.279425616447952 -47.43694355536721 7.302103768616206 6.387667455829057 -2.4978343817307405 -61.05356267160049 -47.1340082986201 -21.07619788025274 12.479720153009737 -13.239361021003988 46.1082296879908 61.01474503006316 34.825530979201936 32.64817577071799 77.81651703160207 22.19586948723591 -74.08378652419344 -6.176411903627184 33.083642453879634 36.78536598234495 11.412099755909306 -37.03414728415175 -32.989840613729335 -60.28285293653528 -53.88805830948485 63.54101477511179 -66.10819432497456
1096 15344 3.6448325007975964e-08 0 300.00000000000017 -55.93832659276629 4.543065364978986 35.30007011813902 8.279440828509934 -47.4369427941302 7.302099533337838 6.387665989566686 -2.4978314305894855 -61.05355712352475 -47.13399631425503 -21.07618966818087 12.479726330909074 -13.239358070819616 46.1082296924799 61.01474532080353 34.82552789809114 32.6481714648138 77.81651673074327 22.19586584323315 -74.08378522415072 -6.176409567144333 33.08364278279106 36.785352038149576 11.412088154128973 -37.03415184946127 -32.989842463281704 -60.282851723822546 -53.88805003937682 63.54101829835176 -66.10819444342349
