% # columns="iteration, evaluation, void, void, void, xmean", seed=41, Mon Jul  6 00:57:15 2020, <python>{}</python> # scaling_of_variables: 1, typical_x: 0
1 14 0 0 0 33.179002626071764 17.95849431709684 -21.80537436119812 27.933385516336877 -26.749334521059684 1.356757323581632 34.35591789623423 8.459967970241282 -41.802991741582964 3.8763136698626304 -36.056373671898506 27.148235233829613 -33.963275290494806 1.9354022805488178 -15.408340991712222 -15.320945881856092 25.09323219494783 -19.039525969996554 -25.699617124351544 -15.59085972093289 1.6637133571084748 -11.955387176579354 38.2065678150103 1.075100997731165 -10.741418889022079 -20.01957590182695 -8.047669165169042 -27.890511063653438 -34.34708623158261 -9.349348457657555
2 28 0 0 0 60.862456720944216 25.29627060285357 -13.748265388056533 -19.152008671678956 -29.996757162370027 3.708572174444188 41.0534684065599 43.265764129366794 -46.29958964882815 33.30589486982615 -18.91920646517449 43.48611266823991 -18.302528313693337 25.677890448703703 -6.079890113663538 5.776913580509932 41.29207087328982 -46.53973466670722 -10.481216814314383 -30.124111692462083 7.8279110214642005 -16.105671839310183 16.448786353409233 11.290630268621872 -23.190756490043903 -15.894159983648994 15.649038600258832 -27.564142519873236 8.252014000214935 12.256933265923529
3 42 0 0 0 103.3360673549004 25.46745531392105 25.716728747469084 -16.974448492084534 -40.10208919381383 13.256097823770375 72.32240110361062 89.50072754929926 -79.67910151803872 27.652308108911466 -1.0276590074173235 41.0387130103583 0.5854927304023576 44.35737824446622 38.55679564349274 24.148570242874428 34.402529739166134 -13.112430722228197 -6.827162776163817 -13.536238984444296 12.685411236677083 -48.51829756460763 60.43661262712472 11.275503171975057 -17.31685727287736 -17.37503536190839 29.508333011514317 -63.79665761755599 -6.536474322661281 -21.139595838744007
101 1414 0 0 0 194.40484952952553 176.17810473019085 199.2834569141968 -96.24951355087413 138.3182430766596 -10.915534165584543 -67.59344141804038 -167.1194663286778 -45.259443628173585 189.1282303555107 44.131346122171855 35.98839649048356 -245.2000611230631 -134.19826679029134 165.1459973147337 33.39379837259227 -37.1389204418707 215.665647783625 -153.27777669531767 72.94907454609577 123.18326829041955 -122.37679785158078 -79.34523460597158 98.43205754358623 226.09744199343785 59.641729979132236 31.06286352607777 23.295404086597085 259.82897116318503 -0.39634559915306866
201 2814 0 0 0 168.25637529545494 194.60404968943126 213.86519900336486 -148.94982928105904 144.90180708246382 107.51948757160082 114.37092942892419 -178.1483721410861 -28.77863939792929 168.64346006389326 136.10174937487534 23.43669454922717 -211.69661732152971 -203.2590904582185 296.1335781175863 59.04861200236293 -43.8149706609235 126.15486286196172 -182.2411593334454 123.15416474491524 166.3361977101553 -156.73564436841545 -153.05042004821908 132.34917305559262 209.01782031802793 147.39764249418317 -9.549588407508363 41.34122863538169 231.1452501408326 -152.6816806552081
301 4214 0 0 0 152.8113191639596 199.74725860808897 207.49515642691046 -178.0484184822791 132.3911555889265 113.12132749750916 179.37052850772886 -165.3662628505324 -10.698394890411429 150.92088210532066 129.71328584941395 38.11909142786471 -205.47334249840813 -210.4520851555102 295.82074224297725 71.11684029115237 -54.33937118489006 114.53525979055046 -207.08559993986844 176.23852265511977 155.1935435934023 -167.24956683238437 -122.89135427534475 155.38945266497842 185.07877608973425 144.0899314745024 -19.27873592243827 49.13424750792911 253.12622291272908 -137.3401855931427
401 5614 0 0 0 165.80304152400797 230.99628877246082 224.70849493929728 -151.34658968185946 119.07961187996034 122.14228384153097 177.28606459125515 -165.6516166662051 -19.004716695859187 162.20834886175538 168.55218575466864 53.20551543995069 -208.18628232207797 -222.81013844207456 315.3877573924875 78.68179561242103 -65.0146221087773 146.91730528574215 -223.2637769830937 183.1219392149853 158.13426481378306 -195.02662370753106 -120.89935069946732 147.87917143898645 206.26379595672805 133.06326975361873 -19.64184791104918 62.60794629257258 294.98971526232145 -127.09032461890828
501 7014 0 0 0 165.18906190698544 235.59844023126348 224.65372393904158 -158.63316389405747 115.7632290599905 130.72036337713718 178.534639956085 -165.62740102073695 -21.094099452011235 165.3563999185989 166.80350426787132 49.81371839081462 -206.95573224432283 -214.08553687644246 309.13172114931564 77.27545501996025 -70.44484024675337 134.73940476596374 -222.4248013606815 173.67189004167452 159.046631628569 -188.4063563729253 -117.33619172623246 159.51316340094553 196.50832396351015 142.03691504341808 -19.816142911978627 66.50084875026748 293.0484981532511 -118.69509588142117
601 8414 0 0 0 163.70777844341248 242.8901620602486 232.81814702929304 -153.38212465123067 125.65561320973293 146.13344439531014 177.7350933555051 -174.143099403632 -24.555923300223963 169.51149522139133 175.90536309178808 44.52203460864473 -208.184250000573 -203.03433313207267 342.43447080082007 81.71951897901624 -62.41165201232019 127.92107122900777 -239.5780518878558 190.9119255864879 186.3474005163107 -192.92765649782825 -137.9929925525282 153.12524530535777 203.46987977990813 143.73078980963697 -32.75644007511274 56.79827379661438 330.0794628356327 -151.53406706942528
701 9814 0 0 0 170.4253265944434 240.19176133018652 232.76120647622258 -145.3881343218243 147.33313289474074 173.4536329328573 170.09196225598697 -190.00532215164515 -28.74032166122926 173.94358044839967 187.43589172348305 49.389717849300645 -217.3459825757562 -208.28268039945067 362.0008613612315 95.1825822059294 -59.40994578829326 126.40960559388985 -270.5550138909941 205.28268465999318 234.82789733996614 -211.003412350808 -166.1255482933369 153.99293347338346 202.18384642156258 148.83272839107923 -55.878684779656346 40.401513242413216 383.37214740547006 -181.02535582366644
801 11214 0 0 0 167.85914077893085 235.68555652272644 229.94297328515233 -146.7607330994413 148.40104481654063 182.3024575380952 183.8125647607755 -191.16943157022104 -29.46643081813263 174.87912833638907 188.40564150440977 43.38671739041427 -220.25678118443093 -202.1405528181458 376.1393171063146 93.70303342557659 -49.51754409842174 135.97974431136697 -271.2378735645882 216.31905574839547 238.94497270529746 -208.94286427620398 -164.07469824874113 152.23500839325828 206.24773955579312 159.1722567533866 -57.79993353075248 40.68396567321424 390.9808961276119 -189.00019979321564
901 12614 0 0 0 171.72264224150098 233.39841254568026 230.60198108082497 -143.4442083157692 148.3177987389381 183.121542832271 185.13817522075797 -191.13053824435886 -29.46989354659077 174.89247358985338 192.30051715475153 46.5123998337968 -219.6147693894597 -202.49449361163988 374.40338078055646 93.53249905222512 -48.76854629496491 139.57418968549229 -272.3369098988929 218.06778649776786 238.8057943248516 -210.77170649917497 -162.74294285951024 152.0010708613137 209.99691282321643 160.5311810425552 -57.73519314877393 41.549842512052415 395.46962547942877 -187.75823843545837
1001 14014 0 0 0 172.45741793285652 233.3640827935052 229.3204729700537 -143.4387368740802 148.49789026790845 182.37500133779352 185.87321415866634 -191.21226550737634 -29.44604022500819 174.853740750405 192.68371378508328 45.967950848251846 -220.707829299183 -203.14112051280765 373.11493291207825 92.16794291681337 -48.617710259229106 140.5670863616075 -271.32275798047806 217.67458914486153 239.06977360836697 -209.72970074409707 -163.71704533900052 153.5106637637415 209.26925251648245 160.8286153076619 -57.8736782821763 40.85248449805339 396.036768858533 -187.34445533511965
1101 15414 0 0 0 172.70942780886946 233.24978366179775 229.31388834495388 -143.4917605492786 148.43993341063066 182.4153582371679 185.53555713986825 -191.1663320089908 -29.431223789357027 174.83692451484328 192.50962065529063 45.77297877092248 -220.84372736074658 -203.1301768069953 373.08361905410146 92.19176877364706 -48.51614882558167 140.7941419394391 -271.03319274323314 217.59252841150604 238.92980484385544 -209.23053401737099 -163.6898455384077 154.04602323401906 208.9836430071686 161.49091780283018 -57.80725175409504 41.09273505112109 396.0872038039282 -187.85755048504265
1201 16814 0 0 0 172.73919887966898 233.15009869098975 229.3042649219384 -143.48770147650905 148.431072384857 182.4060612864128 185.46476442860316 -191.16315901239344 -29.433578776406055 174.84008249435578 192.49950468678978 45.84079324862105 -220.86125595924824 -203.12318045392433 373.07225176253814 92.18580453969048 -48.44787205642346 140.74164411320234 -270.880414558156 217.5337237725464 238.91672247338715 -209.31271174866006 -163.6225434804828 154.04066589666763 209.04786184989314 161.46506420538483 -57.799519701103236 41.08751805512543 396.10544762940924 -187.97465431314788
1301 18214 0 0 0 172.70635035393434 233.19878273500743 229.30228368475264 -143.48652525404125 148.43178714364748 182.4088280968143 185.46509714767012 -191.16330742905342 -29.433233257408236 174.83966864846496 192.47498482240258 45.80563735052218 -220.85055854979598 -203.12235522099218 373.03143421452194 92.18762222852281 -48.42072419703069 140.73057294846524 -270.8638987801294 217.5090233552725 238.91713651928046 -209.35423652957633 -163.60510955098877 154.0250819545429 209.08112218490317 161.4572335989379 -57.799826121518144 41.09958942099499 396.10948281245186 -187.97849383584568
1401 19614 0 0 0 172.70201076842977 233.1987574528525 229.30215028995556 -143.48477648097602 148.43173729341126 182.41021997688355 185.4627111122256 -191.1632732832282 -29.43324859914339 174.83969825479517 192.4838289768844 45.80056749706572 -220.85156074267607 -203.12323821738838 373.0319410584808 92.18852147707422 -48.42384628376334 140.73306065707098 -270.8675008204108 217.51086863656707 238.9172154589149 -209.3562065854925 -163.6072527557937 154.01849289732604 209.08140969633186 161.4591486445269 -57.79987814331711 41.10631250652445 396.10798592282015 -187.98293623918846
1501 21014 0 0 0 172.69785226021892 233.20300615256824 229.30264202094654 -143.48613903753537 148.431721599354 182.4095526609105 185.46396308235617 -191.16326792988846 -29.4332516463059 174.83971034128197 192.4863058303727 45.79451763753955 -220.85258960676447 -203.1232109766716 373.0286118495191 92.1883714410754 -48.427677083438525 140.7284479816977 -270.8647150619637 217.51064585288714 238.9172113658632 -209.35816430420365 -163.60677192247292 154.01376797583615 209.08437913761117 161.46371396208946 -57.7998793829635 41.10853362109029 396.1069815579877 -187.9855187787188
1601 22414 0 0 0 172.69822102094494 233.20302099668157 229.3024790787565 -143.48580069769173 148.43172147046957 182.40968219691658 185.46365326942018 -191.16327423130264 -29.433252306188088 174.83970707047882 192.48924855840642 45.79199142639744 -220.85059758818488 -203.1240141312432 373.02930953936624 92.18838387367352 -48.427754049027996 140.72809699182642 -270.86538358595493 217.5102853582782 238.9171958769463 -209.358260606019 -163.60728392361864 154.0120682208568 209.08356583947662 161.46581894087345 -57.799870220921775 41.10813987578626 396.107737022854 -187.98853921642643
1701 23814 0 0 0 172.69821463925268 233.20224716317247 229.30219049935798 -143.4855541646205 148.43172693304197 182.40981656929938 185.46343509156688 -191.16328158835293 -29.433257000838452 174.83971255797562 192.49014213717743 45.791542057778514 -220.8502692317114 -203.12377030776386 373.0273240207627 92.18854887059469 -48.429753824441256 140.7273371500129 -270.8650734376869 217.50996895864995 238.91721388304802 -209.3583686929908 -163.6060203316559 154.01120378750758 209.083508349168 161.46770617973223 -57.79987704392438 41.10823943021558 396.1077327871799 -187.98867504121623
1801 25214 0 0 0 172.6981931899317 233.20235505781537 229.30238783055222 -143.48569077382967 148.43172593791454 182.40965554923255 185.46310875902932 -191.1632808136448 -29.43325657253744 174.839712727093 192.49018332969746 45.79209826578529 -220.8504275074178 -203.1237758299693 373.02691959071507 92.18849588851747 -48.4296726746333 140.72756259750244 -270.864636627501 217.509943454537 238.91721408615592 -209.3584210451719 -163.6061423598354 154.0112861029058 209.08331096412576 161.46765644108334 -57.79987794607123 41.10835163852107 396.107695781843 -187.9891249944906
1901 26614 0 0 0 172.69807873976586 233.20215810810754 229.3024331415612 -143.48569415216875 148.43172613533585 182.40981458208972 185.46301161275318 -191.16328140272182 -29.43325659435907 174.83971268864997 192.49004794040115 45.792731266334556 -220.85037132831607 -203.12374272009257 373.02586680686176 92.18832893204979 -48.43024167599151 140.7281520943582 -270.86404684220776 217.50973640520766 238.91721314814868 -209.3585960924244 -163.60601147029973 154.01077031204372 209.08310256591903 161.46751315580588 -57.79987739239628 41.108627175507145 396.1077599821374 -187.98884056847305
2001 28014 0 0 0 172.69795330453886 233.20227860926337 229.30234787870617 -143.48566842359872 148.43172611288819 182.40982130507354 185.463160225696 -191.16328116310822 -29.433256386337884 174.8397125361701 192.48999137402848 45.79253352969502 -220.8503930793945 -203.12377046211833 373.0258602175221 92.18837861866132 -48.430314058865605 140.72840077991808 -270.86388859892395 217.50979270276522 238.91721370005865 -209.3588163201074 -163.6059852561973 154.0106214500694 209.08316818020705 161.46737767823117 -57.79987789881525 41.10874585094539 396.10776766240457 -187.98890501775085
2101 29414 0 0 0 172.69798730574868 233.20229966983922 229.30234126711846 -143.4857052493215 148.43172610664533 182.40981665156943 185.4630894120859 -191.1632811628859 -29.433256355906344 174.83971249411738 192.48998868309863 45.79246066911433 -220.85042349393464 -203.12375526231068 373.0258655931841 92.18840123719554 -48.43031836236302 140.72832013790978 -270.8638484341738 217.50973250605335 238.91721363274405 -209.3587748907856 -163.60599479633635 154.01067424421262 209.08318551198155 161.46740859359207 -57.79987787288994 41.10872237241697 396.1077429520124 -187.98902602001468
2201 30814 0 0 0 172.69797507270465 233.20230094343654 229.3023345586032 -143.48570076170103 148.4317261215593 182.40982788458305 185.46311435054943 -191.16328117484915 -29.43325636491472 174.83971250067884 192.48997455791059 45.79246148854184 -220.85042328767798 -203.12376007521976 373.02586980864356 92.1883938356566 -48.43029059111154 140.72834743764938 -270.8638538177825 217.50973663479928 238.91721366767166 -209.35877590356773 -163.60599059078845 154.0106692926552 209.08317448908355 161.46738890779332 -57.799877884882484 41.108727361006736 396.1077436834141 -187.98899435903286
2301 32214 0 0 0 172.69796435120736 233.20230359183606 229.30233766555511 -143.48569721409854 148.43172612744846 182.4098255169481 185.46312112796556 -191.16328117725905 -29.43325636423553 174.83971249749777 192.4899598336073 45.79248325463293 -220.85042179469278 -203.12376476389775 373.0258776037633 92.18839025253548 -48.43027014348631 140.72836778027172 -270.86384986177313 217.50974180504716 238.9172136753025 -209.35878241530565 -163.60598531950902 154.01066317854972 209.08316642486278 161.46736693184013 -57.79987788665937 41.10872762829789 396.1077456874808 -187.98896910445734
2401 33614 0 0 0 172.69798159008403 233.20228617948226 229.30235332265818 -143.48569506627996 148.4317261255049 182.40982131801493 185.46312769998283 -191.16328117615905 -29.433256363932397 174.8397124985345 192.4899354484681 45.79250139231006 -220.8504353676822 -203.12377210332235 373.0259049681662 92.1883839928547 -48.43021059734681 140.72841361097232 -270.8638381828098 217.50976590473485 238.9172136777881 -209.35874223626018 -163.60598160000123 154.0106996024592 209.08313418328393 161.4673469479042 -57.79987788585403 41.10870708552639 396.1077428160644 -187.98894337776025
2501 35014 0 0 0 172.69800385592382 233.20226066200271 229.3023693779395 -143.48568534120687 148.43172612754907 182.40981442302825 185.46312501382573 -191.163281176561 -29.433256364574333 174.83971249726346 192.48992646189265 45.79252136567191 -220.8504468935421 -203.12378153839046 373.025931098949 92.1883901772955 -48.43011843453918 140.72845820180495 -270.8638183275576 217.5097819170961 238.91721367596838 -209.35869932386777 -163.60595333838697 154.01073957182734 209.0830832268881 161.46734992283527 -57.79987788744132 41.10866181709887 396.10774553275894 -187.9889114870101
2601 36414 0 0 0 172.69803190428195 233.20224648591747 229.30236231560926 -143.4856780203804 148.43172612817375 182.40981394538778 185.4631550438053 -191.16328117676167 -29.43325636520875 174.83971249688352 192.4899421752579 45.79249279898456 -220.85045281974215 -203.12377654561982 373.0258977223158 92.18840879702528 -48.43008957016392 140.72846040386997 -270.8637820749034 217.50975097885126 238.91721367382587 -209.35866111910283 -163.60589057929397 154.0107936933729 209.0830323609944 161.46741718103786 -57.79987788773196 41.108612610828985 396.1077442047475 -187.98887750663923
2701 37814 0 0 0 172.6979955288936 233.20226467528465 229.30235959990122 -143.48568607228736 148.43172612786 182.4098175258458 185.46315181106868 -191.16328117756035 -29.433256363987095 174.83971249738576 192.48992422266656 45.792492707711475 -220.85043966521152 -203.12377748250486 373.02583796495355 92.18841043512913 -48.430098498619024 140.7284196726628 -270.86375301078203 217.509720931999 238.91721367574905 -209.35870459910313 -163.60584646507377 154.01081011638567 209.08298048546837 161.46740602707627 -57.799877886261456 41.10861564217491 396.10773838634674 -187.98885791193288
2801 39214 0 0 0 172.69795608724058 233.20233153260077 229.30235266218503 -143.48569650567336 148.43172612792958 182.4098230676698 185.46315326633186 -191.16328117696855 -29.433256363965928 174.83971249769527 192.48987529566665 45.79249196257726 -220.85043155468335 -203.1237862408862 373.02582421867794 92.18841113007105 -48.43012847873858 140.72842601022762 -270.86374952376593 217.50969676825622 238.91721367607897 -209.35875338822675 -163.60580181254008 154.0108469460582 209.08293556783465 161.4673728737271 -57.79987788663707 41.108647266978295 396.1077437577787 -187.98884423962173
2901 40614 0 0 0 172.69793668426252 233.20235846332196 229.30235668772053 -143.48569466456806 148.4317261276875 182.40982352067655 185.463159050423 -191.16328117700024 -29.43325636403003 174.83971249759128 192.4898798629154 45.792485322275944 -220.8504181720202 -203.12377878617178 373.0258408349389 92.18841652671985 -48.43014395712487 140.72844653197058 -270.86378772855466 217.50971002155183 238.91721367523368 -209.35876111245562 -163.60578962922725 154.01085489844854 209.08291731523732 161.4673623830734 -57.79987788675968 41.1086546713271 396.10774390267807 -187.98886504452273
3001 42014 0 0 0 172.69789458394087 233.20239215346606 229.30235958592175 -143.48569196866472 148.43172612755794 182.4098221745308 185.46313943272997 -191.16328117713013 -29.43325636404017 174.839712497455 192.48994564733206 45.79245107992562 -220.85037058016374 -203.1237777638764 373.02583971618344 92.18841362902481 -48.430142844676496 140.7284644500507 -270.86383610618816 217.50968749607202 238.917213675408 -209.3587639420184 -163.60575140393954 154.01083573508618 209.08288602316296 161.4673567155767 -57.7998778867229 41.10866024950058 396.10774293864347 -187.98887269011792
3101 43414 0 0 0 172.6978775598425 233.20240251341468 229.3023581197505 -143.48569309145154 148.43172612745835 182.4098231569838 185.46313174962148 -191.1632811771055 -29.433256364169107 174.83971249758648 192.4899612207243 45.79243192984759 -220.85036034933793 -203.12377879744568 373.0258436282123 92.18841487186292 -48.43013532116346 140.72846508851845 -270.8638354737594 217.5096814957741 238.91721367542758 -209.35876810220847 -163.60574372291813 154.01082499800023 209.0828822436292 161.4673606857188 -57.79987788657643 41.108657229222835 396.1077410594284 -187.98886954093282
3201 44814 0 0 0 172.6978700943861 233.2024087465619 229.30235784142792 -143.48569310620354 148.43172612751505 182.40982246117014 185.46312348535093 -191.1632811770992 -29.433256364198567 174.83971249758005 192.4899742734452 45.79241981185791 -220.8503512076912 -203.12377846789144 373.02584464584993 92.18841396528907 -48.430131972844094 140.72846362144548 -270.86382948503604 217.50967029795 238.91721367530738 -209.358773746595 -163.60573619748925 154.0108286818754 209.08288423249363 161.46735359602948 -57.79987788664313 41.108660467772154 396.10774188713174 -187.98887377970044
3301 46214 0 0 0 172.6978797832357 233.20240870211234 229.3023587764592 -143.48569240805676 148.43172612745516 182.40982374202235 185.46312735071132 -191.16328117707363 -29.433256364206542 174.83971249752983 192.48998315974123 45.79240538869663 -220.85035005346384 -203.12377724357154 373.025857767299 92.18841376654957 -48.43013443248877 140.72846709417507 -270.8638179867752 217.50965785206606 238.91721367531923 -209.35877600202 -163.60573441940565 154.01084020917258 209.0828973253488 161.46734351871797 -57.79987788659076 41.10865950283004 396.1077421100733 -187.9888680547915
3401 47614 0 0 0 172.69788069570882 233.20240518645988 229.3023584880381 -143.48569222686925 148.43172612746022 182.40982416495208 185.46312618449124 -191.1632811771049 -29.433256364162187 174.8397124975629 192.4899833416655 45.792406012548796 -220.8503465253563 -203.1237767711513 373.0258543712423 92.18841387611188 -48.43013739855213 140.7284623640873 -270.8638139469926 217.50965547729928 238.91721367538298 -209.35877646130743 -163.60573274023713 154.0108398686759 209.08289729564828 161.4673432578707 -57.79987788657277 41.10865871737207 396.10774170455056 -187.98886563423545
3492 48888 0 0 0 172.6978810823629 233.20240604849803 229.30235838853469 -143.4856918450753 148.43172612745732 182.4098243238278 185.46312677474975 -191.16328117710577 -29.433256364162574 174.83971249756297 192.48998247445653 45.79240629921542 -220.85034688137299 -203.12377689198 373.0258535790494 92.18841383006844 -48.430137293672125 140.72846243884374 -270.8638147942452 217.5096554252869 238.91721367538636 -209.35877614688647 -163.60573193054663 154.01084066060747 209.08289662692945 161.4673440247766 -57.79987788656627 41.108658526885364 396.10774158518785 -187.9888654918581
