% # columns="iteration, evaluation, sigma, axis ratio, bestever, best, median, worst objective function value, further objective values of best", seed=37, Mon Jul  6 15:13:41 2020, <python>{}</python>
1 14 50 1.0000483345014077 3809.3257577742474 3.8093257577742474e+03 6504.606753685964 10440.832430166283   
2 28 58.39296493997228 1.0847596729137314 3809.3257577742474 3.8334633829996110e+03 4710.631163167973 5743.557903264158   
3 42 66.84771313739354 1.1045449624479045 3404.6487992621996 3.4046487992621996e+03 4259.654962085263 5219.023596571587   
101 1414 0.9292728301238022 1.7924202275488756 2735.108030419643 2.7363304518576624e+03 2746.0977570764544 2755.1975885935335   
201 2814 0.022245141539801307 2.123273758719499 2723.3565181127615 2.7233568172839850e+03 2723.3620298883347 2723.370123070576   
301 4214 0.0007381969853743948 2.592951020891801 2723.346921554747 2.7233469219259678e+03 2723.3469270218193 2723.3469329422505   
401 5614 2.485553347860787e-05 2.945146665239749 2723.3469144341752 2.7233469144341752e+03 2723.346914436198 2723.3469144418277   
501 7014 7.661728716340482e-07 3.5831055799366722 2723.346914429097 2.7233469144290971e+03 2723.3469144291003 2723.346914429106   
528 7392 3.603891497664689e-08 3.5928057259809068 2723.3469144290916 2.7233469144290916e+03 2723.3469144290916 2723.346914429092   
