% # columns="iteration, evaluation, void, void, void, xmean", seed=43, Mon Jul  6 00:56:19 2020, <python>{}</python> # scaling_of_variables: 1, typical_x: 0
1 14 0 0 0 -5.3825501508993945 21.66751726901757 -34.34413437647682 -14.872824227353746 -15.181069838820822 19.80338078325193 9.658807755674585 -27.970781962188127 31.333886596982996 29.760975830405343 -2.675899290305897 5.716800895114906 40.13518997601144 -22.869785143024096 6.989603085304417 -27.44806093589168 -19.907208371863497 -46.86893367485403 -30.956399843933532 10.72305875790775 -6.122601432699946 16.005592171146365 -34.39066731251887 8.042789243727219 19.500358901696767 -20.539169996039526 -3.5536052649517127 -8.018062848627599 2.4732386796834565 17.707962869968576
2 28 0 0 0 0.5137886608432787 13.117845217405486 -1.6845343150835745 -37.94534502805057 -22.896767920468147 13.844856885692776 -41.186425884160556 -7.38046778118229 43.65466144791417 1.9601971365882207 43.153196740060515 -8.36779394979995 63.39379770152051 -56.497824454224805 43.07079123010694 -12.955439058948725 -20.46380017094676 -68.20447020814986 -62.032666265514955 18.161445583489975 24.021753893980666 16.0627543491869 -67.1723080763804 59.27742909939313 15.653005180764557 -38.28456886919663 -8.498391793528446 17.85423090040061 12.388684573210481 -28.19274273376424
3 42 0 0 0 -2.657987877563538 20.601513350332617 -9.391900316513883 -62.45276175019228 -26.580218635621815 10.173438836266435 -19.8811888728704 -15.523633491233154 61.81118029489308 -0.7365126876515884 52.004210636057806 8.242460977800825 70.9803615268155 -63.05696733846428 43.03073788206062 -41.574586225856464 -17.213881020187003 -69.80246308465868 -100.64511526835997 11.007241892797134 74.32622194353907 34.89984602923726 -39.22047219945296 37.95503931120874 41.495108193272664 -20.086391466941965 -39.65966496268168 32.22346388610646 27.72696768470514 -41.71408447970823
101 1414 0 0 0 32.65082316027 -49.11392047376403 -31.194747927543883 -102.86756768043962 -124.41265145945748 97.02856688544216 -109.96233339138654 -189.94359944330824 70.25293252256851 53.583439973986785 153.4059480230462 -17.65603771717906 52.829212848028405 -26.235554143686425 -273.0758358459933 -83.77645792171346 32.89187558101689 -4.438431108726662 -165.38196049466617 30.82982249430471 -124.05617850820288 -106.8829697698356 -0.6905771829105691 -48.28803972876234 142.31282336827712 -175.66247232731212 53.42990578669326 32.426285942566764 -110.53494202165469 25.110613679977813
201 2814 0 0 0 88.27663273251252 -106.80121519226759 -42.23194361886399 -59.405794517055156 -110.42577065131835 126.24676572577923 -63.92509768093365 -132.69505758664053 83.54033193183093 26.20730696340062 157.35669121519913 29.15290812347442 72.79367816701992 -35.78598595381579 -242.55762696168892 -103.70541774622397 7.47367189324417 42.01576673022024 -157.54311814714288 20.37281218709222 -144.3595462780345 -147.69872770143633 68.55109700021747 -22.187488253783677 151.0826785412434 -197.04373264466102 25.647718566317643 18.975416390167076 -66.89125979828626 48.34661549633644
301 4214 0 0 0 95.17246264572881 -106.32164381758528 -45.86709721723162 -76.6071006973847 -122.57755067714075 140.09179869645396 -44.71927269889216 -120.60165248455122 84.03359134753387 24.045867828744427 157.40851226580264 34.01472424132679 73.02116856686149 -36.384926692915776 -250.56612740402255 -95.36052227134365 5.192645603664655 41.686577195530525 -155.3393507053351 20.11948592392385 -139.95740251343716 -152.40586028508307 62.843006773254956 -21.028388930907237 153.18146539412172 -202.55411107244464 37.71971666963761 9.147498357867303 -73.3988537526943 36.25460463215647
401 5614 0 0 0 96.35415665409579 -107.07533900856475 -48.20240148905882 -75.78957631739006 -124.1433908833647 142.42738843332606 -41.9850966746741 -120.75329102594259 85.03569513532071 22.21020995189618 157.76706185479193 33.498988449964415 74.68458883663962 -37.11338230006285 -248.4003173967619 -96.16194949763424 3.17808807966574 41.75476822240103 -154.836853619508 19.26037525901355 -136.6427593454368 -153.70042268807416 64.62466500366995 -18.372873575240224 153.59584012374677 -205.2289981366955 36.46752041230465 7.676129468343447 -72.56663796884574 35.214579339190344
501 7014 0 0 0 96.25292803195765 -106.82443352469097 -48.031117114576766 -75.27390088848799 -123.8673167288458 141.2228737783814 -41.58696307962864 -121.21858403004602 85.23524519976272 21.818722420256464 157.82513180895822 33.12241171016079 74.96749176471684 -37.239264609140385 -247.75796932212606 -96.28443711196972 2.73794560715224 42.05231431043767 -154.68388500374473 19.062332964149768 -136.39824914101678 -154.20013043717486 64.88241323527339 -18.63912853884927 153.71216383457585 -205.13159031602376 36.32817584355681 7.647287918250954 -72.27879913410683 35.0133839488938
601 8414 0 0 0 94.30819745339225 -106.42838633926822 -48.49187902445839 -74.803260246014 -123.576728280737 141.07917506282095 -41.46529171537843 -122.14650024322667 84.95573853326232 22.329543316416235 157.72331188384973 32.14828318876538 74.55214855157871 -37.0875930237737 -246.87448684848442 -95.9072599892456 3.3100642901692314 42.52990142258627 -154.87201610206066 19.32797845489458 -136.02086223408702 -153.96056279566886 64.43283801223932 -18.754113653372738 153.58147588273934 -205.21678241945935 35.28361784532484 7.750822849264037 -71.7850127549919 34.38005098887995
701 9814 0 0 0 64.63104496482791 -103.46045746505581 -58.53341215735074 -63.91705466731316 -114.41738886283076 139.36444806591783 -38.02890429575695 -135.87532160861053 79.33454162606334 32.72110190823182 155.58226458449658 13.072666095728922 66.08311760868975 -33.806193845681456 -228.50425885561899 -86.34560283897927 15.053678463038489 46.9888551909228 -158.6447398964154 24.655699557081107 -125.49212490031965 -150.80640054951354 56.939830125247354 -23.7616550712125 150.88703929782147 -204.70493696955435 12.007331943880512 6.997438481033199 -63.915074259820464 27.313476287573103
801 11214 0 0 0 6.478262856118853 -97.91758965442061 -77.8969809921441 -40.03798751055161 -94.28965733905724 136.05474441655866 -29.88665421132205 -166.31208036911474 68.20515983142795 53.266739031879645 151.3116313120238 -29.76282957029941 49.26432551558076 -27.338904358563855 -190.9904748512918 -69.06904159717966 38.33465214447369 55.3349332069083 -166.11931493744694 35.22698361365411 -104.48728836830554 -144.71646556192925 43.48383864934677 -36.050640309868356 145.62962921410582 -200.56050775943058 -31.49684913293761 1.7743707139018834 -45.29712204240762 8.161356582140769
901 12614 0 0 0 -9.966618510971914 -96.9543955358298 -82.98211959637754 -33.040257785555205 -87.87217686315105 135.54307943325895 -28.60236925979146 -174.8805510439364 64.48749129149012 60.11367400343654 149.8932339722398 -41.54713831749265 43.672958964618694 -25.187468293218643 -180.0825040603424 -64.77276752592068 46.097969043738004 58.051064753182565 -168.6183298099784 38.758358572945234 -98.04273052950204 -142.4752585372803 38.91624341582405 -39.685575625888994 143.87674127506554 -199.4484433850749 -44.54589246419671 -0.2995434931806236 -39.601032861999755 2.9250369945406653
1001 14014 0 0 0 -1.8073554581622726 -100.00712515274654 -78.30342108173375 -30.57589434970739 -89.43513332435474 136.50062171611052 -32.019134640051696 -172.95241046523066 62.98234016383888 62.89777791010515 149.32100339134573 -39.80909068755382 41.40241099717689 -24.313619765538988 -180.39774139980207 -68.14161124587937 49.24182617310244 55.19936598428885 -169.63378727019833 40.18890514209227 -97.04892505407695 -143.0033740535484 37.273058616345466 -39.50233448323479 143.16128744882008 -202.04308503003594 -47.137014172802274 -0.19564336371836363 -40.53041829680911 5.7928387590163295
1101 15414 0 0 0 37.73287697112333 -113.8081521364215 -58.26957529710715 -22.166678812836007 -94.64045522888534 140.34989194610827 -44.03838742131269 -163.54780581267062 56.62751924523223 74.62022975534991 146.88948508883578 -30.316842487556336 31.818930014698466 -20.622291140146444 -183.9529294430302 -84.80078852699567 62.51527966637445 43.22183799014007 -173.89600185581781 46.215033148751004 -92.13873242860528 -145.13964576041064 29.158289501359015 -38.701594277357046 140.1500368317294 -213.40865595100004 -58.20704356930893 -1.6090762455604852 -45.83136108756491 20.498792443708513
1201 16814 0 0 0 45.22939060675294 -117.82704969636565 -55.3731952407996 -19.65026749137933 -92.21226155031975 141.99640584747118 -44.94434661262568 -161.42903632747036 55.5890452399806 76.5346846737615 146.49366831327157 -29.697335771713266 30.256042722749545 -20.01709599187581 -180.84703190823302 -88.68319944718068 64.68444565385394 39.932431171863186 -174.59674386711507 47.19967164559077 -90.06627445314923 -146.28019704434993 31.131033012328388 -37.36124311384956 139.65379031402307 -214.15928462296438 -64.20106868737415 -4.815518860858369 -43.46231024804738 24.13808168319132
1301 18214 0 0 0 47.63401706341393 -132.13176866090842 -70.76914658453406 -21.323010836355355 -65.07330385358931 166.88362610629082 -54.18661194310776 -147.65579993054246 57.361448640973684 73.25404631871878 147.1746046267766 -34.44129041851779 32.930926330095765 -21.0513931485838 -146.85671951194524 -87.4685409449961 60.97349817378963 33.102577499376615 -173.40146641811373 45.51293742728777 -68.4934547009996 -164.86896537073622 58.56629095999868 -26.07856882139907 140.4986472492868 -215.11496961448353 -96.46825056379821 -21.24686109632293 -30.551126820636252 21.819937313440008
1401 19614 0 0 0 42.087869266627145 -133.68060849234672 -77.06062111700562 -21.48970525446515 -58.25700761421912 172.29881590304257 -55.762982939874576 -148.11617704813526 57.38418743665262 73.22295858069894 147.1793029042303 -37.68145635623948 32.96049462202085 -21.060587412837727 -140.43121454276462 -85.07692778050972 60.93509941353286 34.196287465276995 -173.38932078901016 45.49764424572656 -63.22036208809935 -167.86149010527006 61.69333414465303 -26.758491583834807 140.5075058253511 -215.4983728072079 -100.99293440901822 -23.421905019674153 -29.200425999976762 17.504476838458174
1501 21014 0 0 0 42.58453726659265 -134.39838748666318 -77.3902471537694 -20.878787951853738 -56.479886747997746 172.450837972913 -58.14534021794892 -148.92298793238504 56.9484942137231 74.02712861701644 147.01208573963257 -38.19466650418223 32.303592073424696 -20.80696501790422 -139.71740253120777 -84.86318144564468 61.846359491773214 34.79619004388761 -173.68150641009015 45.91124721450301 -61.76614435225099 -167.80530759594066 62.320827872552826 -27.41956814556494 140.30110392957943 -215.38613162651592 -101.07026498381737 -24.060072236654523 -29.232227395011027 17.791331036790446
1601 22414 0 0 0 45.533640348230186 -135.1940425538736 -77.51188772115248 -20.71045061222577 -55.01640470022893 172.4904891042758 -58.13244721775266 -149.2978421299139 57.21312500326459 73.5384221929082 147.1132127206412 -37.36274167119928 32.7033737106448 -20.96109879880884 -141.63264200458866 -84.93219475438566 61.293172448313705 34.883444939549335 -173.5044784028049 45.66032365242176 -61.7046574667148 -167.87716864275842 62.274687655447416 -28.68939607308274 140.42703425940357 -215.2981845448278 -98.27415197482219 -23.80197050072551 -29.179187884865925 17.702680250815288
1701 23814 0 0 0 52.51472242715603 -136.16073225255437 -75.79238261767443 -21.23787658201354 -53.91088559544616 172.6356140775469 -58.33715945072676 -149.21871002800455 57.30528893559745 73.36847384874986 147.1485809441932 -34.888463502472945 32.84179954717098 -21.014570614812875 -148.19993489771093 -84.425694420861 61.100975796888655 34.989552917348604 -173.44251978797402 45.57279747959661 -61.85936391980089 -167.92027149639173 62.12210479917692 -31.062215489825245 140.47028589604668 -215.0338103339331 -92.09259397296188 -24.147943876602884 -29.1224294203297 17.79951601411589
1801 25214 0 0 0 55.25507641059959 -135.95551295115658 -74.3322925984742 -21.83042483604395 -55.30145425858881 172.43992165999413 -57.94431734741823 -149.24203967537517 57.01494334321998 73.9043339162839 147.03805447994387 -34.09432192931271 32.40403631406122 -20.845890277461436 -150.57027950109975 -84.67304388816288 61.707359309803 34.85047488301576 -173.6375795990015 45.848392946679624 -61.7580323360774 -167.91199564281015 62.299789631981405 -31.76372867691768 140.33270108480278 -215.17801955458077 -89.9785802422814 -24.118352781320773 -29.224394052408506 17.805707162077542
1901 26614 0 0 0 55.74373366485661 -135.05395355246182 -75.36006264899243 -24.81190806346518 -56.94297033404874 172.4630735804877 -57.89832745029837 -149.39627532305602 56.7373541945633 74.41643879685374 146.93201576529947 -31.698009335363015 31.985683762836977 -20.684753502161442 -149.52923987964098 -84.71639646529866 62.286770559181356 34.653100407706376 -173.82410412115888 46.111568636642396 -61.689826054456724 -168.042577657621 62.59514422483493 -29.798459500594046 140.20144195507885 -215.22205731915537 -87.71352007463163 -24.08249468392182 -29.271317844870577 17.898471793837672
2001 28014 0 0 0 55.660533864971846 -134.46757081028537 -74.79566277458686 -26.269345622408547 -57.911491923457184 172.37882454555302 -57.93480748150289 -149.41103996797938 56.86917504661421 74.17340539954822 146.9822244944015 -29.743357206095766 32.18417981743867 -20.761166959776872 -148.5134207585393 -84.68919249910196 62.01198673592231 34.529171685506725 -173.73527324305434 45.986747064277154 -61.64074501504637 -168.03466730516877 62.4164118747553 -27.832534975272264 140.26389110107243 -215.15523809785557 -87.87169906687643 -24.117851528885343 -29.270759343313156 17.871587378297324
2101 29414 0 0 0 56.33995333017008 -134.14816460386012 -73.68376779454783 -26.989277652649456 -58.93229078568213 172.39147707346984 -57.91260526148301 -149.4404502723294 56.90435140497015 74.10802964803516 146.99586852823825 -28.272237866361603 32.23751529366186 -20.781838278155163 -149.2019518425196 -84.6254012008889 61.93798214923087 34.60867751594506 -173.71163620350768 45.95309246996364 -61.669924809411995 -168.0431198619488 62.40287189780163 -26.853594004768695 140.28050643271396 -215.1365809999246 -87.8883658501834 -24.07429604497724 -29.242154021345694 17.879575684467852
2201 30814 0 0 0 55.75895922408503 -133.4134159807867 -73.73017377288704 -27.86458274103702 -58.04858461524574 172.39005892050432 -57.91550154665016 -149.46360211511612 56.893517807377854 74.12786963509886 146.99168562662584 -26.93319938993924 32.22130392611836 -20.77559317891115 -149.80833048635563 -84.63412544800681 61.960467435794065 34.59916614060825 -173.71889898515366 45.96334934065081 -61.641484216054835 -168.0201974923157 62.412938506385714 -27.353190672039638 140.2754414263042 -215.14646021692462 -88.86420131458058 -24.072489735347418 -29.249962402307016 17.86303513619578
2301 32214 0 0 0 54.73707493100604 -132.80874945215265 -73.29395759409182 -30.4704811855632 -55.00918288078652 172.39300238444133 -57.91054607981684 -149.4638809318769 56.90894743859201 74.09954978896252 146.99760146774878 -24.647966556702205 32.24428045692052 -20.784483378997834 -149.68847066700818 -84.5697770529606 61.92840113198398 34.57373339303499 -173.70844361365735 45.948739505619095 -61.69848895476113 -168.0762199455188 62.422261206092585 -29.754717189193148 140.28271251394787 -215.1168621186464 -90.84170428899992 -24.06584389541157 -29.279599521697005 17.885396845974945
2401 33614 0 0 0 52.200936508577605 -131.23989434298002 -71.78940646665339 -35.669285430744935 -48.16278381963082 172.4056326527208 -57.94245972639145 -149.4624813519249 56.891543054136726 74.13164638360418 146.99095771373442 -21.146065841987557 32.218221514555545 -20.77437722371827 -149.68299549340384 -84.61323043288442 61.96475989946401 34.613512432343775 -173.7202433099872 45.9652636068351 -61.68685082263767 -168.04689359862726 62.4104592844845 -35.43681804482535 140.2744352262662 -215.13230172990555 -95.18265054773954 -24.083689647723176 -29.254676950050104 17.87949977657098
2501 35014 0 0 0 46.07087152178297 -127.84432198330009 -66.04870079473764 -46.74098165362478 -35.91843117114789 172.41333594257898 -57.95299878395694 -149.40909256695915 56.916827409623366 74.08463090740568 147.00071886944733 -9.636428296644677 32.256761022720994 -20.789239339853694 -153.91908159758916 -84.62755068028558 61.91152499530643 34.682434554010875 -173.70311281526654 45.94119077948653 -61.72581757370495 -168.01449093128653 62.35086698548424 -41.73206948042271 140.28660731577702 -215.0930329882801 -107.20240687638825 -24.099842564585963 -29.266504826150385 17.889171656581357
2601 36414 0 0 0 39.8621266511979 -132.1768847808418 -60.90501252559966 -46.51404500624329 -30.416677671709802 172.3707011401142 -57.8837245709461 -149.37921294414667 56.87536665887034 74.16116463708981 146.98484334553595 -5.969788273490946 32.19398628553877 -20.765029451696446 -156.1331482514479 -84.56974319666917 61.998263999990726 34.654044345652814 -173.7311520398355 45.980594105549905 -61.733314105260376 -168.1032301219791 62.43792193062932 -42.08920179002924 140.26696232989474 -215.11301372306212 -114.88926190205218 -24.04777244005929 -29.272852864668593 17.84554030097755
2701 37814 0 0 0 22.619353223826874 -153.90578314323534 -49.8045924135538 -21.676175110237075 -29.98770761306172 172.49969734794652 -58.039204287449586 -149.6999517133008 56.77641384401779 74.34344380971181 146.94756382032847 -6.535070750493366 32.044947239759345 -20.70807250317111 -154.2048404357165 -84.51880820724142 62.204671607668296 34.70849960743527 -173.79699880443147 46.07479892143985 -61.72458338745574 -168.0995616368843 62.41985946812219 -33.52305695848318 140.22033014823785 -215.00169189061356 -144.6009869771348 -24.028865928316172 -29.198436940085244 17.77047836830502
2801 39214 0 0 0 20.36345316782345 -157.5928718527131 -50.52044817305076 -19.770920768952497 -30.884884997178844 172.61107729382465 -56.490969636219845 -150.92149575912956 56.900820438149516 74.11491795395064 146.99432299803604 -1.893333428546262 32.23216062108997 -20.779719984033562 -151.63692816416153 -81.6578160041854 61.94579003568226 33.17838311838639 -173.7142254966257 45.9569002610467 -62.10680379144106 -171.379163074173 63.40892086719286 -38.66854422567666 140.27856247573038 -212.99907844470346 -145.09323107347052 -21.897587070846694 -30.318903381756567 16.712931538151516
2901 40614 0 0 0 20.36201635136835 -157.10086991288756 -50.96046090259232 -19.454078786802476 -31.578096083489335 172.6982611240927 -56.53597037151518 -150.9234251409665 56.89708689495044 74.12135782038256 146.9930930138747 -2.4578630162722432 32.226613927821184 -20.777654503713112 -151.97109477386792 -81.57456551624357 61.953080561855394 33.17359333073907 -173.71647338278706 45.95996568712896 -62.107876307779804 -171.32610466237398 63.30483546900066 -37.241561047128386 140.27708794915904 -212.9523927415665 -145.7370232075115 -21.82628740809468 -30.35604185496826 16.62473816362102
3001 42014 0 0 0 20.366663582774322 -157.0927310173034 -50.9381188747529 -19.452028567966376 -31.54965283375011 172.7006411906666 -56.53779856007905 -150.9246780346296 56.89517738698268 74.12491541464291 146.99236194192355 -2.4717696299652467 32.223705621696574 -20.77652723979386 -151.9346706964208 -81.57085470121415 61.95711013395825 33.172021717664684 -173.71777190036482 45.9618037135568 -62.11352422419845 -171.32790830649276 63.30387590351443 -37.27090469509004 140.27617106042337 -212.9488450591734 -145.74065847933915 -21.82348717485487 -30.35851634361381 16.619386054196504
3101 43414 0 0 0 20.036083720906856 -156.80226730024884 -50.12573075618246 -19.342901615069902 -30.390169592275978 172.70278277095332 -56.54158897337322 -150.92344326196422 56.89415868037355 74.1267705466493 146.99198342672145 -2.1498591282070745 32.222200935786304 -20.775944777668816 -151.77591736458191 -81.5733681568548 61.95921863469927 33.17557653549172 -173.7184519481605 45.96276125746882 -62.112007401032095 -171.32870732438823 63.3065289820246 -37.523749739459895 140.27569114761712 -212.9548193909035 -145.86882625457267 -21.816415341527104 -30.359074835091935 16.617414564811696
3201 44814 0 0 0 12.727488482572937 -148.9306463814348 -30.55695176390251 -16.727222274512634 -4.031932575811624 172.7048275701306 -56.54334178243382 -150.92545157503326 56.899972935093075 74.1160969075971 146.99416346170966 4.627226337888511 32.23093621325508 -20.779297498360116 -147.36600147384814 -81.57801093131167 61.94712089341805 33.17609792595801 -173.71456592045908 45.957289882194004 -62.10081535168627 -171.30785121989948 63.30195892938259 -43.825746174861834 140.2784409178107 -212.96029557427286 -149.11855938718656 -21.82401138861637 -30.351186243254155 16.628956659950603
3301 46214 0 0 0 7.684255922283266 -142.97594022141521 -15.926481327622236 -15.263605620393419 14.268605124164319 172.70290560622004 -56.53844989493648 -150.9257536708129 56.895458451117705 74.12444785303465 146.9924546157168 8.937255086407548 32.22409481748396 -20.776647069470503 -143.63823598575243 -81.58154265405412 61.95657061249333 33.17840022517913 -173.71758958242032 45.961572799506385 -62.111221695203284 -171.32804516713105 63.30677554801741 -49.701060266371066 140.27630270986248 -212.94885573562968 -151.91816041277028 -21.823607149310558 -30.356758256637654 16.613478871653495
3401 47614 0 0 0 5.011573793485296 -139.56126912537772 -7.657810727227607 -14.604682351841912 24.002007421401824 172.70023218993634 -56.537282704991696 -150.92566680041165 56.893792558802694 74.12746747987313 146.9918268871106 10.900445219660142 32.22162304674323 -20.77572275088844 -141.2260780655857 -81.57111749872814 61.96000250717928 33.173589554845925 -173.71869714566546 45.96312368438607 -62.114199877263744 -171.32817443889496 63.304208919905065 -53.54792071246548 140.27551406856236 -212.94903915501547 -153.7614548131273 -21.827110185079473 -30.36065465359427 16.620705811102614
3501 49014 0 0 0 4.581773423816505 -138.985549214767 -6.266912486377482 -14.50854251874143 25.592127758759958 172.70144091677108 -56.538418872463595 -150.92319244439807 56.89492387847878 74.12537696605143 146.99226894121526 11.193194733791012 32.22332936050176 -20.77638175566955 -140.7970591600769 -81.57127421673972 61.95763149788903 33.1727243688466 -173.71794030309871 45.96204117164549 -62.11344066573714 -171.32708192444866 63.304371137546056 -54.23865731732998 140.27605084038032 -212.94936819500595 -154.08999787918503 -21.824500900601556 -30.358321897255692 16.619674658450737
3601 50414 0 0 0 4.574770411141122 -138.97681509589242 -6.245706161864686 -14.506693327563383 25.616408190252166 172.7014353215404 -56.5384243054553 -150.92331319088922 56.89499149238506 74.12525217926864 146.9922949729319 11.197258560605226 32.223431839199584 -20.776421002406725 -140.79045724033622 -81.57127698615149 61.95748978135868 33.17270307723921 -173.7178951606444 45.96197687312106 -62.11338487944256 -171.32718717157505 63.304365281401275 -54.24955344966462 140.2760826222707 -212.94950362643263 -154.09575338555425 -21.824531573190004 -30.35833740584295 16.61965235381838
3701 51814 0 0 0 4.5748129235539805 -138.9768822288656 -6.245881108413665 -14.506716448696448 25.616216171271265 172.70143596507003 -56.53842166046009 -150.92331441633894 56.894991681222415 74.1252518491495 146.99229503896476 11.197252149651533 32.22343211064054 -20.776421099934353 -140.79053703254934 -81.57127621005631 61.95748940038325 33.172702669832304 -173.7178950446976 45.961976709599114 -62.11338471477293 -171.32718695091557 63.30436215947458 -54.24942908907263 140.27608270312498 -212.949503821152 -154.09568653700163 -21.824531578928134 -30.35833505603553 16.619650840426686
3745 52430 0 0 0 4.574817132931893 -138.97688799138345 -6.2458942368989225 -14.506717561245875 25.616202057185788 172.70143595101752 -56.53842176412838 -150.92331443088403 56.89499169331466 74.12525182745823 146.99229504346644 11.197249699623601 32.223432128082834 -20.7764211065951 -140.79054093593257 -81.57127617860769 61.95748937610834 33.172702731605845 -173.71789503704193 45.96197669850814 -62.1133847626775 -171.32718699802916 63.30436221484222 -54.249423830565505 140.27608270899785 -212.94950380312184 -154.09568347963847 -21.824531703377893 -30.358335033164003 16.619650870020454
