% # columns="iter, evals, sigma, 0, fitness, xbest" seed=43, Mon Jul  6 00:51:22 2020, <python>{}</python>
1 14 47.20405673901539 0 62713345.670114465 84.85676573487763 -66.67316746060061 -51.41380406343343 68.15882399759931 -57.11411043410431 -68.60184492528361 99.9743630411123 -13.713904269869436 -12.507437931788598 -25.44190162227327 29.067520925065793 -56.65604271514777 88.72123563633444 37.65313200915429 -2.590072022703836 -27.585969613674134 5.412991347494973 52.19996154917808 79.2239423453536 75.44080763903345 50.646812552581636 2.1523623587337806 61.627490165143605 -17.321206013747652 16.594832952025012 58.537235419933296 30.339999290743098 -33.23614523113342 -76.64227023587816 25.076042462056876
2 28 45.69646315560571 0 126381307.60902858 2.8859157686906656 -41.207555603206885 -90.83820045240375 26.637248658771632 -99.8484447173813 -65.79559697524104 5.6785807539715165 -17.63868744628691 13.636290347250595 11.038764400840726 81.48329986927388 -13.067409947176841 0.29768140848087654 98.18935224399165 -22.461820128125854 13.237195080090881 20.144537365135562 20.103743417778535 54.467722458890066 49.45181673955858 19.973565838786467 41.04193406604896 49.87762605356957 -32.64612179429008 27.390068411592665 -11.569991820551401 99.85738074922799 24.328978796236918 -99.88327031648919 71.87222974733547
3 42 45.21485462488508 0 332280508.23428625 36.85048687541515 -38.217400408153836 -87.91881208744132 38.98250355075886 -42.10173465687608 -10.178221044484324 99.20193938453565 -11.224483315684626 17.89798454562103 45.213212718581914 99.30432099948588 -28.91592252125478 89.28217291251647 83.76412886220834 -20.54605214365757 -38.74358384673344 38.48787122704185 29.314359909244963 42.45994996261439 -10.538556210158625 26.03321717630953 6.64909450216242 -10.993840360240398 -68.44784608299912 49.70140653442267 19.243596376148947 89.9769562168903 -18.678827941126357 -85.63994956266455 -14.935767026068795
101 1414 20.717050198876702 0 1209687.4988062477 84.04556667405822 0.5382078286623653 -79.47504477270456 -49.583923299481455 -88.9554740091446 -98.05703235021386 -6.700598369963302 51.44029358262581 -82.6635080367594 68.4837950227903 -88.62497064418358 99.93601461746297 99.169429331879 7.032749163090841 33.34205592089995 93.1637673537553 -58.09432856867056 50.15909773892193 -66.23324438543895 -26.744548281305068 7.3152552477263555 8.672121290605698 -1.6139040656762802 -8.91217895450177 -84.41099038416581 98.19179596451198 -47.64210259686135 -99.98667986703788 -39.02485012896214 58.673290477244485
201 2814 12.88252164637607 0 172138420.14055827 4.68367236179526 -86.59350896796076 57.05190145627509 27.425587987422972 -95.98320722637175 -71.9074288688933 -61.70627566025732 18.93206753606148 -76.84937806187031 60.608888139604176 -41.885622504931945 52.38801880646872 51.26136718999123 -53.1245193349049 15.839484356255326 0.9146950108346878 10.8673958105569 78.46730809391028 -96.37127052151433 9.308186502522547 -99.7033282787582 47.827001791357986 -64.0878961434546 26.657006261820385 86.70582283596315 44.64999192796833 -20.80610295464815 -65.84899276089462 -85.14885857486638 -28.63839105257158
301 4214 7.734345926952487 0 240208.13751695145 27.70927213602417 -50.072997162998206 98.21489460914533 28.324273192863018 -92.36659607571312 -41.58190809733625 -69.73561462629252 28.045405751482264 -81.7072752159817 34.83573343525043 -12.564156275449989 -4.982551004720619 56.205455085671446 -74.31554584761233 39.24924634331998 64.63276703300662 90.37222155938181 48.42256041297878 -88.46249657047296 4.681945289667521 -57.58372533079958 82.94078772834214 -68.6482961753168 22.75025684543803 88.25882861829848 94.9219583652351 -69.31684787472287 -90.51803748796236 -78.6014515342512 -77.19482047505363
401 5614 5.456619497900816 0 198399.61857470433 31.18134376847894 -45.440360296091285 58.60768669402481 61.18250046207632 -95.369024104183 -23.268242637905104 42.69269743653945 63.0361375038035 -82.35679735887653 19.246528315989167 -8.503959532618694 -24.295006694200936 66.38119703518751 -53.00353353088377 15.952620779229335 69.09707778556755 76.83970664620549 78.39948890142796 -95.07459573301493 5.651737000747747 -44.92626513195472 76.82266083830967 -27.91233632201218 -5.938595551946435 93.83852920457193 91.34021830509752 -94.69562814044883 -88.45238390871059 -72.15659376411415 -92.81215145423029
501 7014 3.75218692440882 0 150752.7490716755 -8.38173513054167 -49.18015013769002 59.41431953777206 60.20668138594439 -99.91475806566906 -17.867127343727446 40.16474623995171 40.14810087844532 -89.25911196168386 22.37210235250518 -20.944115107829305 -12.25823846788029 73.18393790159826 -48.49198740746613 53.00058717135869 63.303212475095414 98.46769011550711 95.58210079840312 -68.22134169738672 -39.659307064984965 -56.58078970567428 48.525380684400375 -36.5470337310382 12.190886497420365 87.64448448256607 55.56117684039083 -74.14505368309625 -81.83700064465722 -64.97815543518047 -80.86463461568385
601 8414 3.6275192632089874 0 97491.40260337913 -26.197227105264545 -50.48908803033669 59.76637224772057 54.91323327029758 -96.84320228792444 -2.912388098058784 18.26633667588996 23.404931863931296 -84.41350612714574 13.030089719624584 -32.34207837197462 17.17813637411342 54.43323731211572 -13.160178158825147 52.48883521619291 34.178128982484566 94.81383011098515 81.43821144038472 -40.97989317310856 -53.692315343299995 -47.4386445097833 16.21493376146705 -10.283351096933728 44.386179943361896 73.65367002299305 34.18911577530682 -46.38918874423891 -90.81444288418346 -54.046647206979515 -74.67143945568496
701 9814 7.330307915526384 0 47438.413121321224 -45.45881538672907 18.338518142099645 64.33935462778473 84.93522662371643 -98.89510806598398 19.777608317183137 8.593843410712822 21.747755112497202 -45.611941731893324 -9.372662753476618 -8.00772510019155 -23.944010402427693 -21.477118453807947 25.251133108915724 76.68301873231897 7.305532523087422 75.18745270239614 97.35196440993643 -19.721971921679128 -34.81016930715811 -35.83168908264773 -26.650186807309183 41.91833781205847 71.96313662816382 18.17696169172595 0.3928632890884387 -51.1803462073925 -49.76556844703342 39.11577610258183 -74.61957081536497
801 11214 5.225548406799481 0 18094.558992540948 -35.57345367111364 15.743192008133065 28.04255922175284 22.59174149933878 -98.26230860930953 6.094554461292148 31.362000421966172 5.981321922758497 -83.52729168584489 -37.70215756893654 -29.27187579385634 14.196884674704336 -31.222576017725373 45.24452827744432 51.09911040789109 26.0229724734667 54.148995882207345 51.82849088838117 23.979918757573195 -60.08094730880807 -10.625878623350303 25.596074939335125 51.71193555817044 35.614872710642544 -21.649086072409517 -38.31340951979047 -67.23419328639663 -57.7401131805353 70.57235460659726 -54.99053739077043
901 12614 2.772395509966052 0 11087.804103069713 -51.59303730302909 22.812807352693312 33.59171614764165 14.343171195715883 -93.99494637310703 12.525099280175908 -3.2839519288638996 -6.380558664266005 -68.06195740379093 -43.64664393359206 -14.442169983938157 8.70415803502425 -21.21329211017175 36.57281275969041 63.97262148613814 24.524098430979308 30.64092182885682 67.34276930962898 28.327670230414327 -63.084146044589126 -15.381785744963764 37.79151293195241 53.64120673078756 13.407140644566027 -36.15900981246884 -36.08468425762996 -40.24303057642465 -60.05866059013084 71.41761823335659 -69.45265073273194
1001 14014 3.297371866825138 0 6769.94874048514 -50.70471078815095 7.144558761698761 40.79505281167448 8.186813224826636 -84.0535120437755 8.1070898932266 1.2322846344309824 -2.9653598498257168 -58.65573009482651 -33.678344886877426 -15.159439603447936 14.78907360146627 -17.76130159849137 44.90087460617542 69.20735486039118 40.82086786178692 31.22263459060315 79.07163989076241 18.82753696653631 -60.80580638703393 3.5480312953504836 35.37246296866428 52.52507256343259 11.238780623859839 -36.06689125609691 -29.007034355060455 -49.1129990723566 -57.681213057428835 69.1031739505838 -59.02993859405655
1101 15414 5.548456555200805 0 1563.8976312127143 -52.420976279098085 2.6469656190992055 28.272725908472694 4.148604943057961 -50.97736345534951 12.551696218989264 5.227767680135685 1.6780058546806629 -61.50223777808128 -39.06647404697884 -16.480968724318217 10.568378343198503 -10.535633367092487 40.25305837916318 63.89072617423878 43.8659133485401 24.74711444973559 78.59452725105172 28.35111052903796 -75.87916828127312 -10.244538020876774 39.936111739507965 26.19968979151227 13.412682329652995 -35.52826018239588 -31.895619079570082 -57.508466664484104 -63.32466226975825 60.699303151418775 -69.00515930471158
1201 16814 0.34749528215655834 0 304.6151374441531 -55.70485900544972 4.3835105223714095 35.64307410884672 8.66489840619198 -47.43929120224668 7.262204240604518 6.579590832827364 -1.844446864108562 -60.61737359820867 -47.486240785762476 -21.01773086964036 12.259609391024071 -13.451348028056543 46.635154164279754 60.932035950829516 35.31070777098095 32.5954288133793 77.54953462195914 22.34370096464368 -73.95555339541873 -5.842852487957032 33.26061476098326 36.76597562949837 11.190633225557605 -37.13106223261704 -32.60321104194267 -60.04740941768031 -54.60944949982715 63.67881912174491 -66.13028737560383
1301 18214 0.018275298393756613 0 300.0054267285303 -55.93135102443105 4.540841817529611 35.314010519784574 8.281718988593212 -47.437611956666814 7.303157262250437 6.379776667517689 -2.5118582635176665 -61.04358368122908 -47.120834176081104 -21.073267657531687 12.482241999281086 -13.230594090533145 46.098175468833574 61.01522502087053 34.799375411626215 32.637979152008796 77.8016689745283 22.205424629094985 -74.10113653141349 -6.145525084007005 33.08834778315793 36.80713584675013 11.417531747687235 -37.036975777129754 -32.984927486068074 -60.291046714239975 -53.900654864574165 63.535277608953464 -66.09892949976165
1401 19614 0.0008151067975177034 0 300.0000099430878 -55.93721440687679 4.542905894471403 35.30020335688286 8.278825112198518 -47.43730353903533 7.3024471745393384 6.387778288269885 -2.4978608305842442 -61.05322365631494 -47.13387229525429 -21.075734992705776 12.479821665931695 -13.239389018691242 46.10838294129917 61.014776521076726 34.825637064118624 32.64791131219829 77.81760418056956 22.194725305376956 -74.08397803041176 -6.175179242585898 33.08380698787934 36.78613130707018 11.411916653551202 -37.03376295623056 -32.99035735724118 -60.28310662321521 -53.8879745397324 63.54067929611492 -66.10812103396627
1501 21014 2.362216794090996e-05 0 300.00000000553 -55.93832709636044 4.543045228598828 35.30004891908189 8.279439011215402 -47.43693821335199 7.302097297023693 6.3876789874813085 -2.497825059536666 -61.053549491142405 -47.13399196719095 -21.076203997023725 12.479728652568497 -13.239370812170705 46.10821873952301 61.01473417394024 34.82552888532523 32.648166460502495 77.81651412706151 22.195883952671384 -74.0837747604069 -6.176415871168075 33.083653682923284 36.78535738682703 11.412095528365398 -37.03416962968171 -32.98984426069373 -60.28282725096805 -53.88804359504286 63.54102077875652 -66.10818589365996
1601 22414 7.354994740984234e-07 0 300.0000000000053 -55.93832674455078 4.543065879413859 35.300070149387466 8.27944059089549 -47.43694279999134 7.302099705088011 6.387666456158769 -2.4978314095907024 -61.05355663268497 -47.133996876092084 -21.076188932962253 12.479726454627155 -13.239357791478511 46.10822975874237 61.014745094338224 34.825528119348434 32.64817160981258 77.81651679085843 22.195865716058414 -74.0837849810713 -6.176409476822357 33.08364276560269 36.78535283718875 11.41208751790029 -37.03415181622867 -32.98984254295698 -60.28285180763733 -53.88805035917369 63.54101803513609 -66.10819427806106
1665 23310 7.327898859811363e-08 0 300.00000000000006 -55.938326644252726 4.543065479493009 35.30007019443454 8.27944086482421 -47.43694278107248 7.3020995885298134 6.387665982325586 -2.4978315124398875 -61.05355705159121 -47.13399633931917 -21.07618964651823 12.479726375972064 -13.239358152422113 46.10822957761411 61.014745429240804 34.825527980295846 32.64817135633882 77.81651665868134 22.19586574031184 -74.08378506793646 -6.176409525449458 33.083642855326644 36.78535197863164 11.412088106974807 -37.03415181290083 -32.98984250534076 -60.282851689625794 -53.88805012025614 63.54101814306969 -66.10819444057087
