% # columns="iteration, evaluation, void, void, void, xmean", seed=46, Mon Jul  6 00:54:32 2020, <python>{}</python> # scaling_of_variables: 1, typical_x: 0
1 14 0 0 0 33.38260518943436 41.394135499693775 38.486145212577355 18.291389082028537 11.969884852400298 -30.32125463981611 44.601227947008205 -15.396180022561925 0.32326793107700735 -5.562247877822196 -37.98749044908793 -0.23016933166156628 22.29265696291054 32.09903706945846 19.69108711865232 2.7468537486916897 43.03640348237691 20.095230599252286 -8.643008788525526 33.01509273159545 -10.748741883779658 4.705525097712202 -23.214676211420393 -12.704517337574044 5.474049610545992 -38.767681649950475 8.130184642171894 20.758676204851177 82.435124128399 25.954060547754157
2 28 0 0 0 35.04332207445212 46.73515237313046 42.49790673628419 16.632492811349582 13.984205131743858 -58.47548383814276 2.3201252365475895 -31.95786015687034 4.494050454025235 36.33747683586715 -60.41650400625534 -15.528414807065504 36.449462829441075 31.578595930739596 16.750602548276802 2.94478224606093 47.93674245498411 25.445769051560827 18.242338978002998 22.6849474897946 -23.250732703398267 9.231192057653075 -45.46348229456426 -2.7087821583049614 17.539320267251995 -92.81312931780282 -23.944902737881183 3.038826655564577 84.25508166532744 50.838023059799774
3 42 0 0 0 29.07028627962026 65.0032916665791 59.717138023644836 7.563652749089163 29.645301902707324 -115.10769660074536 -34.19284746842629 -3.495168019326254 9.780437009641203 101.04571119729559 -69.9117270142636 -57.43086644825634 83.3064068266849 31.697372473027578 20.099308619001217 11.865024498791474 23.795964733763416 22.309140831141686 43.2184833706472 24.634741463649142 -18.225629719873776 28.136682463054395 -67.64178445471273 42.37815169176065 40.80240973974773 -160.5512114320646 -73.381812992884 -13.696784628993285 55.75258226460772 87.56902025487013
101 1414 0 0 0 37.168382052171246 -69.22773840824215 -37.73249639303033 4.768244403548351 171.9499245062189 -148.27453082006866 -42.230227784115456 -13.694471711844061 -102.36381086244425 137.52206824037762 -155.98955463099648 -31.749149619863466 106.36157271436716 -27.88554567503264 54.55770948129193 63.379207130842495 -29.960871227342356 -121.71824275077293 19.813959647092503 41.813891178355206 -111.73891783507118 -15.998825343323936 -82.17363163579522 159.31947720172124 51.11477656449903 -143.7343397601926 77.15835226819065 -124.69845806567658 -1.2014075731043325 130.46152911571244
201 2814 0 0 0 36.789608970400145 -68.5966225278895 -38.70862703322459 4.716327390685167 173.70437755484406 -147.34841912888766 -41.33394561620935 -13.836937852423683 -100.79229914610276 135.05042431542606 -155.9948389708405 -31.436388665688373 104.34969618641104 -22.844917224972757 55.521449516378865 63.69043326165164 -30.016817494876822 -120.37339919259361 19.465920366399487 41.969143859171375 -112.93616919972007 -15.305343767553277 -82.61490538170422 159.0266980541086 51.70083578378527 -144.20154882390733 74.6240065665414 -128.00735953445943 -1.621332516235794 130.37041588211466
301 4214 0 0 0 36.92389323250001 -69.35278558811129 -44.77156557097597 4.853736328795936 176.38170873480865 -146.49806035565894 -38.042643186285076 -13.76193545250645 -98.78399681355808 133.5534500938361 -155.98910264008254 -31.690101401340232 102.74207880076817 -21.689017774502826 54.89985390215073 63.51851163445298 -29.018809822093345 -119.19575766991855 19.65658029009811 41.95449817267982 -112.45137234588945 -13.813432485099819 -82.34941248716434 159.1875738794713 53.58204728212948 -147.1410435744592 72.55459693830873 -132.1497353509635 -0.9243405312812943 130.42041505719644
401 5614 0 0 0 37.41103619387975 -71.69248855247746 -58.77984941885834 5.297034779218851 189.90475987106925 -145.99208614090898 -28.402134988964168 -13.527962106990607 -88.9774429573785 134.4565667815358 -155.90986615360626 -32.45663359651608 98.04453255384502 -21.611174198092506 53.07873229937624 62.88519771211471 -25.85181701276002 -115.10072671213383 20.289294961188133 41.96595743893559 -106.9655281102158 -4.921134451883035 -81.45005032753018 159.6814178305979 58.43660006394214 -143.17872972062517 61.96849023739491 -149.42253059448623 1.649130396013874 130.6654496223443
501 7014 0 0 0 37.48843769038838 -72.75523892671389 -63.973105013552754 5.396654376645906 196.08447910458284 -145.73350179753032 -24.98815058141095 -13.45128585623777 -84.56324047989052 134.80277149864776 -155.89860325697558 -32.64011178234427 95.9117529723908 -21.49334084092402 52.62187567156785 62.75706415152187 -24.752914745088496 -113.82553228501214 20.441835078391716 41.980034878066135 -104.92150189594801 -1.4595315502251414 -81.25797319981257 159.792717803148 60.200838512486314 -141.15956399367732 58.05181629364767 -157.13986006089215 2.976730662114369 130.73540196236874
601 8414 0 0 0 37.39988502716343 -72.76253125627233 -65.2379282587848 5.319931607568375 200.0091438432594 -145.50603751915085 -24.567905943607112 -13.478587513437589 -82.94367286685576 135.11138790986112 -155.89325585554698 -32.48941120591605 93.41974954806237 -22.149489075186953 52.940052658378384 62.857347515599514 -24.38603573401892 -113.30994963753088 20.335398706146357 41.97862376782889 -104.45929765984259 -0.5134277306371431 -81.42271673200538 159.72235510738577 60.20703482614654 -141.52791265363464 58.12716831820722 -159.97840603080692 3.982977157542294 130.69456936243313
701 9814 0 0 0 36.50443956327146 -73.22922012197 -75.18942546451275 4.483283492189543 237.1830220319625 -144.8750109016393 -21.0318464627129 -13.961501833882549 -70.27138405828728 138.50433394663048 -156.00841555725924 -31.055771914356473 70.64481536835714 -27.780485991550623 56.46447430182783 64.0151587893198 -21.577721916771196 -110.01922370190032 19.101068338822145 41.95281706350331 -100.48211793581964 8.472894791545619 -83.05349991907987 158.78251913062672 57.74453499414563 -146.68652226386862 59.60380873747409 -184.4180089239684 13.218795475907372 130.16885044166617
801 11214 0 0 0 36.06706775665214 -73.25733041372216 -79.644932991773 4.064461759982279 255.08289924043018 -144.62480930019748 -19.424296182767907 -14.197437601761097 -64.20919296759565 140.26038591025338 -156.0643720311664 -30.331996309886872 59.51748396130181 -30.463654771451345 58.191257197880596 64.59881790518861 -20.15751582423368 -108.23129482659073 18.497362403709445 41.93464410618369 -98.92815297534838 12.714121687578167 -83.86553121665294 158.3529427631986 56.413243438550175 -149.18725273031663 60.49564911096392 -196.33659715533307 18.112027475553802 129.91986880822887
901 12614 0 0 0 36.141020781754996 -73.0930141449437 -79.00028122396802 4.135377927592761 254.4041142866502 -144.68815322058592 -19.4985773794202 -14.15881303159411 -64.63926367461889 140.36246517564956 -156.05396309659332 -30.454385683210678 60.06197273816695 -30.366042357873415 57.89982656130671 64.50392455984597 -20.505211962409977 -108.15215641876023 18.60184411452065 41.93500322170214 -99.16606333874601 12.2966918994991 -83.7288963164259 158.42694812019232 56.34872845037663 -149.82123341290475 60.70183907298753 -195.84740018294744 18.223905975681888 129.96181534175835
1001 14014 0 0 0 36.46500080235273 -72.67694791130178 -77.23348744785888 4.438345789844976 252.76648887295585 -145.00306490974208 -19.59900684451092 -13.988567507465607 -65.89003743680146 140.70196206975177 -156.01766998824914 -30.981151950438893 61.544093211482256 -30.28017082367449 56.62732219372223 64.07975773079492 -21.6145568257248 -107.77722376775664 19.044848037502845 41.946518438803174 -99.82929343049184 10.986436137722977 -83.13262227251785 158.7567759392932 56.149682593161785 -151.87161596355395 61.14851457334136 -194.93810959740537 18.94468177626815 130.14853057511746
1101 15414 0 0 0 37.15581818535828 -72.02030229517266 -75.33727320745636 5.092128362952702 250.11011547162133 -145.90625203588095 -20.68095064522674 -13.625454092427603 -67.86791667433226 140.01455545690217 -155.93305984215306 -32.10620268622574 63.26407899685452 -32.13138954148249 53.91234848302568 63.18244718998257 -23.033391289558715 -107.22405990993056 19.992815140868913 41.97283425593566 -100.77011057283198 8.000856040367223 -81.86467699114718 159.4620223322542 56.176134129070306 -154.82694466006052 60.85740665442354 -194.26496921850278 20.483597068543165 130.54246890530166
1201 16814 0 0 0 41.18410713642341 -68.10938466089966 -66.44905620634547 8.867948554405478 240.45847979852348 -151.32574324077606 -27.477362283380206 -11.511569694806939 -77.52763000938937 135.3350450504898 -155.45793694765086 -38.65353301442042 68.84465151130252 -45.5438340151765 38.12594278469288 57.94644480416163 -30.49313887623865 -103.60589556098891 25.52272684575199 42.094637037207434 -105.6931472248372 -8.275448908521769 -74.47113773312827 163.5447895299747 55.397855033128565 -173.28533161578 58.966565497499346 -195.07069128162067 31.034447810444306 132.84899461681064
1301 18214 0 0 0 41.51417008679573 -68.09016865373808 -66.42287578678136 9.178672903251538 240.62697229007154 -151.77886285854666 -27.6902617613673 -11.335456899702535 -77.87529254357794 135.12369371233723 -155.41656477027263 -39.19022208101263 68.58230055756691 -46.285495326945025 36.83595423375449 57.51762370497328 -31.079268698911157 -103.29883986003809 25.97159773085999 42.10502837984651 -105.8139362626005 -9.186077953918582 -73.86501140262939 163.87608317195387 55.5380433277945 -174.11422419766882 58.96678961395954 -195.99791668660413 32.13612485503303 133.0353954330802
1401 19614 0 0 0 43.251068797847786 -70.45885913452102 -69.73665805571713 10.807814027804344 241.6369492283172 -154.69580322202478 -26.73001899334328 -10.423035364999588 -79.21029459146497 134.9180375519258 -155.21477970006268 -42.01991963460568 65.5136466699186 -44.23271938489373 30.01719810832782 55.25974247562607 -34.92312206442186 -101.89914343684416 28.353354890963388 42.152825041599954 -105.40464622328264 -12.269924346788766 -70.6736364713622 165.64282394604592 59.16517974152235 -171.6984312592354 61.52990017016215 -201.7762985295833 37.678476323415225 134.03325388940897
1501 21014 0 0 0 55.58198568479928 -76.90855577382463 -78.72558122282355 22.39058402733945 236.4620531723111 -175.22942734060257 -27.332998968452095 -3.9488241109651705 -93.79001227964572 130.15016916989543 -153.7458436309568 -62.08198966585181 56.123985040053476 -43.94281157913257 -18.34953093446974 39.231413250962 -61.19386606808307 -92.4413205028267 45.286298161110786 42.525179281714536 -107.03498636460505 -41.011651123027136 -48.02212056468695 178.14796429386703 77.12801602766476 -173.12525519795693 72.74974491616597 -229.19407198952692 74.7938900124732 141.0805761351865
1601 22414 0 0 0 55.90412007493203 -78.21028602260864 -81.18655915535321 22.68772937135884 239.11024475176603 -175.89698356211431 -26.144086607437632 -3.777751502207941 -92.8312718592808 130.7154967053053 -153.71279356725253 -62.589954453409966 53.64381103744269 -42.007758936808145 -19.58469434127324 38.81271204872579 -62.01785036696825 -91.91110602562564 45.71412579530809 42.54447579116226 -106.26717139984888 -40.24063434468266 -47.45312844947807 178.46508059276135 78.48273535320077 -170.5073292873724 73.92867488356282 -232.14454610294675 76.18481238636437 141.27347928489422
1701 23814 0 0 0 56.47409361896227 -79.09242809538729 -81.19512551838386 23.221449928781816 239.51965747972568 -176.53530660981627 -25.916027487974972 -3.477679340979554 -91.57447392210113 130.97883581962665 -153.64619219621602 -63.517031538731345 53.69923840327099 -41.65742731789531 -21.819141812415683 38.072469959030904 -62.89109792293099 -89.42716076887564 46.49695451396972 42.562672837265374 -106.77761824853755 -39.82463841390076 -46.40578279630531 179.0428177283707 78.27849597621055 -170.12029208052297 73.77380086109115 -231.60464884849392 73.9401320888809 141.60024139584345
1801 25214 0 0 0 60.988477156220654 -84.23737820080993 -81.04991005142271 27.466160180980793 240.20299400388348 -182.12746754602455 -25.46689283992255 -1.112825297401665 -85.08560935642043 131.59913174547407 -153.11062851975132 -70.85792459923101 54.09654217943507 -40.718516455270915 -39.519508695213624 32.20392351845437 -69.8817841149237 -74.27175483189428 52.687322042295 42.70615812399856 -110.69383696051199 -40.65409881373428 -38.12081612882251 183.62191421671662 78.40740767753246 -168.8219343231542 73.23561067829772 -229.60947546339696 65.62104170736647 144.18070371393458
1901 26614 0 0 0 62.76861442845722 -85.65127236565175 -80.27340779649928 29.133329429321897 239.54404946682908 -184.53669856436636 -25.96290342532883 -0.1715154732212083 -83.97990686017526 131.33986152968342 -152.9017948531874 -73.75094056511941 54.81792311136319 -41.6347962261203 -46.495268385459575 29.889722614761133 -73.21186605233619 -69.57112655504531 55.13145874082885 42.7559151345182 -112.33657100808733 -42.563457262153435 -34.854311044737194 185.42459827291663 78.17588569494302 -169.7216327109298 72.66215820864169 -228.59972430052534 62.66705050308864 145.20219791191488
2001 28014 0 0 0 63.00712608913144 -85.74929506426491 -80.94761171005854 29.354807120731447 240.67948114420273 -185.46767856208209 -25.454809874914012 -0.04708670881372369 -86.14738836813473 131.71971615641093 -152.87206091751483 -74.13785910104494 54.18046966861453 -40.80960082961917 -47.42709418297342 29.5802711879445 -76.09156452188837 -72.27719198541051 55.457909546019586 42.763455234655204 -111.48889704812244 -43.75525426848426 -34.41817780351813 185.66582214467783 78.01872648422192 -168.61296936353486 72.79716655030057 -228.80767690207017 58.82092130073223 145.33860956320493
2101 29414 0 0 0 63.039429060656225 -85.49129465643709 -81.1641430033179 29.38692954448594 241.22214470734616 -185.66847435350832 -25.414172056514374 -0.030409290870991656 -87.1198946786434 131.73319797732046 -152.86786782528714 -74.19304230693142 53.88035943716783 -40.884806317958706 -47.56026446631189 29.536410695261576 -76.85889407046764 -73.60112727888146 55.50474335247327 42.76398505744237 -110.83970477356125 -44.28746785475531 -34.354670273918686 185.70103244772238 78.04121638959248 -168.47400215993974 72.68720797108513 -228.97788981461022 57.865286121519524 145.3568765808787
2201 30814 0 0 0 63.42534121594168 -84.79097313097422 -80.91527853350352 29.74803519571233 241.58630501216038 -185.1697784629273 -25.33030355201861 0.17182521743106652 -87.13639803513645 131.96263291105427 -152.82214890366345 -74.82005935556072 54.1706863426729 -40.781380639789624 -49.06936966083084 29.03627805870516 -77.15381640116298 -73.2507026795783 56.03348781270074 42.776489419165365 -109.24148411268035 -43.76840309029185 -33.64799065785595 186.0916258168731 78.77120613875262 -168.20264310469406 72.22763548162155 -227.8401488288147 57.8789522814422 145.57902971672286
2301 32214 0 0 0 64.12341642867064 -83.58005361734205 -80.08998228469767 30.404091393454838 241.9713755676317 -184.03864713862478 -25.24591121646824 0.5390903887613926 -87.58582178875919 132.42639356426247 -152.73944938137694 -75.95550139577027 55.13240602528434 -40.70429090657137 -51.80900090369497 28.127998809926304 -77.53972415992648 -73.01189532633181 56.99150041863442 42.796594218540164 -106.04136298207628 -43.172363500746584 -32.365482876448496 186.79995327275088 80.02546715724898 -167.85808738167148 71.13733529214986 -225.0723858932726 57.55734737426476 145.97743474159162
2401 33614 0 0 0 64.65134760268913 -84.4715050068067 -79.53961977217485 30.899903838819885 242.58653176425767 -183.13339991561273 -25.04292230139967 0.8165142468674936 -87.5503758214467 132.9174316886197 -152.67696194014425 -76.81431068926301 55.84166169309345 -40.42604058997304 -53.87992233380428 27.44199602762926 -76.96100030875266 -73.36982588634861 57.71746311566827 42.81289258886472 -103.20524431904275 -44.03902969520436 -31.39613124107184 187.33573037646195 79.76425511183267 -167.28579934385348 70.186768136714 -222.65723529441178 57.54564902149328 146.2785290234498
2501 35014 0 0 0 65.12767623270187 -85.26989551445762 -79.1629685788341 31.346914187518728 243.17677194858345 -182.7210203884033 -24.804468744214816 1.0667813439100295 -87.36166469175924 133.3898789014611 -152.62060885383593 -77.58925672238941 56.398732624682445 -40.00891164628898 -55.746097020370456 26.8222009599536 -76.83538053280725 -73.41835992117255 58.36941934219715 42.82746778988614 -101.21031116228689 -44.669887625432885 -30.522347532384444 187.81714603264192 79.21899840718443 -166.50851480347046 69.39907304859683 -220.5124503877238 57.8045170426521 146.55244118314386
2601 36414 0 0 0 65.13488207733235 -84.60755526943241 -78.88591758634178 31.35427137751328 243.78659792882087 -183.3986676701349 -24.541172289673472 1.0704900025964659 -87.63230696478769 133.85492382118076 -152.61958022601632 -77.6008002349958 56.89559965385194 -39.5387061238366 -55.775747060087305 26.812729956599725 -76.96640096769077 -73.33439357165508 58.37974611022698 42.82787897154484 -101.00221450117304 -44.14285889309202 -30.508364720104954 187.8248290756255 78.08237850908934 -165.60282642163384 68.63781046359081 -218.45019296673885 58.28463365019438 146.5567681182726
2701 37814 0 0 0 65.11759986177334 -84.68062601291355 -78.58483918236564 31.337747427904777 243.9589197214062 -183.6808588992619 -24.51468326356058 1.0610656794306452 -87.79501646035969 134.0231901636022 -152.62158496892604 -77.57249489659617 57.23021203265923 -39.52180220291757 -55.70683069723442 26.835714204817727 -76.81686866289672 -73.3674331500187 58.35592532878062 42.827638549962295 -101.16488706556595 -44.04709508883677 -30.54053240446886 187.8068405208219 78.12506081411249 -165.4927810064675 68.23666028575552 -217.44052502080982 58.256138453793184 146.5463859160985
2801 39214 0 0 0 65.12517216739366 -85.1131869363465 -78.10896736219316 31.3450997302091 244.2573581943853 -183.81593106475302 -24.445018470925945 1.0651329053851453 -87.85501108967594 134.31577944653753 -152.62098249197288 -77.58479306367249 57.7940121611219 -39.45295850990577 -55.736665342148854 26.825496860846844 -76.86041257801062 -73.49191354191164 58.36608373472138 42.827738398376596 -101.43754678153833 -43.780318296080885 -30.52683760273067 187.81481464119096 78.37613030087974 -165.25628913735895 67.55889621895588 -215.74799829103821 58.28706493433678 146.5510048974747
2901 40614 0 0 0 65.08396933491177 -85.18442928875744 -78.06188327327938 31.306404232778853 244.3394783658516 -183.6288297092011 -24.420186024489777 1.0433872369446724 -87.81337828656255 134.37022958383963 -152.62586249034257 -77.51798218186282 57.85060518366376 -39.416762962171546 -55.57517827362599 26.879333071769736 -77.10674068159321 -73.5114514239712 58.30978288933079 42.82643905806626 -101.90385978645732 -43.804394338095186 -30.602395038725007 187.77314651709938 78.33737641506349 -165.18392882677057 67.4676190059393 -215.50999911532097 58.38769034994778 146.52731764567682
3001 42014 0 0 0 65.0376357553447 -85.0232462555425 -77.99192235642424 31.262734628858574 244.52905447686334 -183.57529481443277 -24.350362106797103 1.0191155565786325 -87.76857946056838 134.49234452657356 -152.6314330186575 -77.44240960128467 57.96538374137686 -39.307254905345395 -55.39330111801325 26.939406646029436 -76.992754566512 -73.47174787511271 58.24619123934452 42.82497203751364 -102.60876319943928 -44.02151372409544 -30.687280272693798 187.72608867445655 78.44771531136436 -164.96969578896335 67.26629948759758 -214.99502266287183 58.37501062897456 146.50084715731367
3101 43414 0 0 0 65.05182210030979 -84.94607517087277 -77.9673590283502 31.27628565225752 244.61449587900466 -183.48291225401346 -24.308204695890446 1.026667799326903 -87.7446133958466 134.55605413132542 -152.62947602654768 -77.46566780450544 58.01772179368421 -39.23132422157043 -55.44929535555614 26.920990478566683 -77.00865160961152 -73.44200314156069 58.2657467822307 42.82558610526257 -103.08025617626257 -44.093813910555845 -30.661194362481297 187.74053388984254 78.47668231857236 -164.84784481932283 67.18338359805068 -214.7540251446584 58.357430687562754 146.50903666104477
3201 44814 0 0 0 65.21509559780883 -84.96026560262248 -78.00822135397861 31.429353583513173 244.59925887365327 -183.40617485614123 -24.315819168181854 1.1123429133301894 -87.84846575339971 134.53008786294112 -152.6103047355525 -77.73102011786476 57.97097365885049 -39.24413204436141 -56.089028479200465 26.708796082851528 -76.93183941441349 -73.4804518731067 58.48943489359787 42.83044389824524 -104.27873208530534 -44.02303838335482 -30.361807878524335 187.9059922121598 78.41007763855794 -164.86306270674604 67.22725073379 -214.88240182402166 58.34342065620266 146.60226922103584
3301 46214 0 0 0 65.24931486430218 -84.96623519452646 -78.05122088519269 31.461611749530444 244.57793177219705 -183.43980805218862 -24.320220611296655 1.1302939510860355 -87.86934082949341 134.50639270810933 -152.6061541051242 -77.78673400956225 57.916841408104716 -39.24896907645847 -56.22336461281009 26.664283305052763 -76.9172969754789 -73.49555542693463 58.536514583090714 42.83155380322708 -105.01909890871039 -43.9975350630327 -30.298778726905496 187.9407580531831 78.39395115434911 -164.88647955391394 67.2914139363277 -215.04075048491626 58.343951333216616 146.62200295399916
3401 47614 0 0 0 65.25696714094508 -84.96133895300063 -78.04247584464672 31.468805927926084 244.5712349965025 -183.4486854839411 -24.32319453782732 1.1343110432439163 -87.8287734637166 134.50593262949369 -152.60525656910065 -77.79920804907532 57.92540433914427 -39.25381234431303 -56.253383622641934 26.654336580430204 -76.91908685245942 -73.52318143448302 58.54702745590586 42.831787311085556 -105.07210957961225 -44.00181639303827 -30.28472027139204 187.9485359197742 78.39316951580173 -164.89435625907424 67.28696648079568 -215.0289278505059 58.344295344247634 146.62635756100863
3501 49014 0 0 0 65.25883660726993 -84.96054961996133 -78.04179747847031 31.470553247540163 244.57153651722078 -183.45302419771951 -24.32312851253112 1.1352997361835298 -87.82669781567758 134.50635321632026 -152.6050389799986 -77.80223587049646 57.92591217786739 -39.25365571179467 -56.26070082898273 26.651911387059364 -76.91857105920744 -73.52381798971766 58.54958764689022 42.831845549086594 -105.05000498411194 -43.99921471741062 -30.281295478162185 187.95042786840824 78.39401812431606 -164.89425989283595 67.2865347974711 -215.02727497725084 58.344191513919945 146.62742850540485
3601 50414 0 0 0 65.25883280076107 -84.96054027268325 -78.04179987329782 31.470549689746505 244.57152751747853 -183.45302745288467 -24.32313109815526 1.1352977589496014 -87.8266903226872 134.50634824895428 -152.60503943296035 -77.80222968842106 57.92590856202159 -39.25365979172841 -56.2606859500151 26.65191631646694 -76.91857799592209 -73.52382453896827 58.549582440713834 42.83184541554839 -105.05000020000578 -43.999218967857786 -30.281302439328996 187.95042401408077 78.39401871206599 -164.8942693949299 67.28654298487784 -215.02729588064182 58.34417822359418 146.62742633082962
3628 50792 0 0 0 65.25883277159815 -84.96054029580995 -78.04179987376534 31.47054966229172 244.57152755101288 -183.45302736715803 -24.323131082888167 1.1352977435356295 -87.8266902411465 134.50634826777375 -152.60503943644096 -77.8022296408275 57.92590857470737 -39.25365976687103 -56.26068583528841 26.6519163544763 -76.9185779784353 -73.52382455648389 58.54958240071775 42.831845414714586 -105.05000013792487 -43.99921902003827 -30.28130249307494 187.95042398455212 78.39401872572432 -164.89426934876172 67.28654295575811 -215.02729580895925 58.34417819125577 146.62742631421605
