% # columns="iter, evals, sigma, 0, fitness, xbest" seed=38, Mon Jul  6 12:18:42 2020, <python>{}</python>
1 14 47.78434195950221 0 477598.894043327 22.425711889447864 9.161743554602436 38.58527716769867 68.96516319285612 48.63700830154114 46.893598631729525 85.5650939945877 75.3358218104866 -84.8016284767484 -36.88759385059963 -28.146666393428216 22.136124024789485 12.395516231051921 49.10975324849623 58.55831467049516 -0.6665569904857378 15.669547516586574 19.37937162431599 30.244545680403984 38.29975847973818 -21.661730055995136 10.373908643749969 9.145924915702956 -3.9282011670578947 -30.046982913907 -12.781067588102848 4.991295909517771 75.56206156827824 -32.24048941119843 -77.07240262317231
2 28 46.67177855804724 0 283526.2809758789 15.45782168382108 -99.73345102134827 0.20599641245081557 62.384580192054585 31.322919554968184 72.59541508494631 94.88856175747998 -19.4668784330662 -96.74120975451932 -20.918327868027344 -25.87535667100514 39.19184345581968 -4.924158935307067 85.59507315903303 81.94663924046218 20.059889392061343 -62.685657170840955 -5.1623722759450725 87.47406004904258 -19.98694715525184 17.87797964819175 -78.59766598589164 -15.708677304025715 -26.81378242245949 30.133566729017687 -10.941301921606206 -51.196128305026704 9.620063360151587 86.07401223285541 98.66078349119104
3 42 45.28500975089182 0 49893.642083285034 81.00010782241333 -96.22208971154535 24.85494939566957 98.84890518674507 86.80408985123218 39.04045474527172 40.28297664628495 22.63406773561087 -41.911037811070194 -94.64025249506143 -72.49569118069832 -63.762784265549044 -52.179020301255946 -2.288299079347432 82.29923398967298 -7.039826678293004 -7.251048233519761 14.452406062617861 -1.166303891590026 -9.034958525121809 -38.160286829154956 -25.810069078246407 10.427724683545355 -92.06605450888756 -2.9289985349516208 73.15278530290325 92.14951047474025 -34.3742013420864 -35.82699500783253 -0.9246446137442987
101 1414 24.37850289427607 0 13488.375988416916 30.24818452722327 -18.525038858606514 8.852512753602468 85.28884366052142 -16.804119213627256 1.8815534545364727 -81.05371627454858 -81.08158965424056 21.312974457233423 -66.31771971753437 -89.03689813509146 38.87932273550058 -7.900422938254422 94.14822740846611 -74.6651081406199 48.21353239761881 -97.36324039336576 -98.52408770692973 18.14855359886031 31.934876267981252 -68.64271074030829 -25.86530240396461 -38.90610695823753 92.55790978604861 -0.8143337040169527 49.34193778525281 -45.580923013049386 -99.98845578226366 -58.94226574817944 77.59498375650455
201 2814 10.879957594376176 0 4160.616114877254 5.245706273515194 -93.34060187941196 73.94161698961317 25.112123610637866 -38.1341491191479 71.57160503049103 -64.35753293287095 -8.12874528588846 8.284117621620737 -85.23313416335651 -1.6473353506136177 9.603567728080407 2.7931682405503295 53.4511008573741 -69.91157968555956 39.59248325638589 -51.89714184629839 -82.31468558555098 -9.622013714935559 -15.944532973215672 -27.67522289470381 8.834148602560372 -1.7494384692440974 59.37568656221552 -47.11056547608355 51.15582547819699 -89.92708753568529 -2.6771341385006657 -7.980960804580292 99.97790437752245
301 4214 3.422854994041603 0 1515.049461640948 -12.313872423602131 -43.93151859293178 48.24474075067062 24.20914452040148 13.13182706463565 26.303435922087257 -76.26794036713628 -28.98806008933871 21.785908776315722 -82.79559470231891 11.436558621390361 -2.8660201116622943 10.672786049504111 63.53080207269655 -98.43919426620297 71.97493985617629 -45.315483745764205 -49.96390968810124 -27.39967596988768 0.7575120415573338 -40.52966712000571 4.985368239229876 -81.36526017688081 35.288092167856064 -39.60172221945654 46.03994576081874 -82.08323710169105 -28.4859899762396 11.787456207625297 81.25952187054222
401 5614 0.44640074141275493 0 1408.5193177897524 -6.658307935886919 -38.02877932109581 57.556610295979624 22.993772050020368 13.140668717512408 32.6836614748636 -78.71380500049318 -23.816842172997013 22.134502898971704 -88.26898030192758 8.892651975319312 -4.236174186209155 6.106181426233576 61.85521039967759 -98.0975188602976 68.9968611065658 -48.97859132846469 -49.154429946208296 -34.61263437113377 2.0947632251620973 -40.60218906004792 5.784239331156317 -98.7611624937591 25.99942794586488 -40.56234875930115 44.53753512299383 -83.00957766633313 -27.719257861060246 13.85365669804085 84.84124776099614
501 7014 0.10717691531075765 0 1405.843203027893 -3.6827663108590176 -40.52750047357347 57.568762366329764 22.592074074372675 15.55810509368962 33.20105362837595 -78.7284178021666 -23.654872363214757 22.28547022856668 -88.16075135814133 9.227726564893402 -4.2921106077402555 2.635988726795489 62.02293476713621 -97.90489584994157 68.86819872530819 -49.03429101816527 -49.542672987354365 -35.15856956311906 1.7128843269113645 -40.782301806663604 6.03775490735393 -99.99914387255296 29.439394483712647 -40.66659449095836 44.881465526429025 -83.56016424040612 -27.804412659548145 13.48218275011078 84.88314702921676
601 8414 0.12523014425654638 0 1405.4451191283197 -2.9626879306123834 -43.1835516595971 57.70094663156889 19.765987053967194 17.943302861047 34.397390249995 -78.60538839788185 -23.62160808238596 22.2761679086901 -88.0442520602417 9.33755585466447 -2.866294780918196 4.831777412593937 61.890765153650854 -99.9595683003112 68.8548217091766 -48.972076299613384 -49.33960111363774 -37.317494140969664 0.8569616240262974 -40.760431861482324 6.060262798247344 -99.98280365730548 29.578512170269562 -40.68504996026219 44.847980693326576 -83.59938011039925 -27.72236431707795 13.560597861442687 84.96093083177684
701 9814 0.08216942552544937 0 1405.1944944691202 -1.321650052038998 -44.99842081509104 57.7219420417601 15.707339305669933 21.913784342827807 34.877259067618134 -78.74110004832286 -23.623112637709546 22.265667367416683 -87.95015091841942 9.334071748396902 -1.6845317539132054 5.369317571673889 62.007653426911844 -99.26638445516983 68.93751814446202 -49.064089881961415 -49.50881313185431 -38.71656976082906 -3.0778303690048574 -40.7553184629095 6.072979497470132 -99.99859408779602 29.10447400038396 -40.72620433599539 44.775388164678816 -83.61872801452954 -27.762080544872834 13.571111852287117 84.93129465422575
801 11214 0.21746100945796834 0 1403.9126397206774 0.8413720270476219 -50.036750449161815 57.68411423544605 -0.6919638448778755 34.12420946116671 37.04446533533611 -78.84479431027998 -23.68531814475544 22.27384004191333 -88.02487684345981 9.33247115184918 -3.9716848211720617 6.769607975348578 61.94462074106954 -99.99283876530518 68.98759429120204 -49.070900389684056 -49.41149107257638 -48.966995068537734 -6.493759399165924 -40.880317040184885 6.143917293327083 -99.99935066737817 31.961304748778815 -40.572614483228996 44.66240069911893 -83.66905397957936 -27.599743408952797 13.516638276125406 84.80939020437876
901 12614 0.013681694998582605 0 1403.7387047512175 0.37263292747663024 -50.19836646218141 57.6801489445586 -2.2362002132096848 35.08851386645402 36.80539993681543 -78.73721764398832 -23.680688412659237 22.335467701563744 -88.0524582273694 9.28644119208154 -3.9838662309886956 6.94148198932254 61.986988945226045 -99.95663317976538 68.90889020505247 -48.99438977459403 -49.511865152030595 -50.02411964089051 -5.82669061178342 -40.79170230156567 6.081745800414683 -99.9999966135504 32.41102654919547 -40.68606990016708 44.7957273002246 -83.60246445401727 -27.756878638500954 13.550010138816361 84.89265097638312
1001 14014 0.0025776755903045576 0 1403.7382021087733 0.37131666485294973 -50.180859982377626 57.67804018572709 -2.1554877365037157 35.03241772362426 36.8229423977508 -78.74672593192955 -23.67572798105809 22.3281170822178 -88.06088017280483 9.287579811712897 -3.9651077164990056 6.956511139277808 61.9932503470778 -99.93906106179806 68.90711609375788 -48.99729380471782 -49.50998798158372 -49.96320058837819 -5.862446022035044 -40.79305934002924 6.079163946300128 -99.99999938082031 32.363927120740556 -40.684752831385396 44.80045879716329 -83.60017298755113 -27.764129530601977 13.54964345770307 84.89346925935757
1101 15414 0.0022981502076799003 0 1403.7376517947596 0.40171254144736857 -50.08572406777162 57.677937676130824 -2.172397466668599 35.01665687150654 36.82044889456868 -78.7471685580579 -23.676758762532753 22.327344453080315 -88.05893994128162 9.290200621826244 -3.9581466573868056 6.845375121552792 61.99297390587491 -99.66398243216102 68.9069594113891 -48.99676108091889 -49.51083698263929 -49.85717903855514 -5.946999563874442 -40.79214523955538 6.077934665700664 -99.99999994469756 32.340389760497175 -40.684609980437706 44.80169957755237 -83.6000152820713 -27.763718381417583 13.54712622728755 84.89240093362488
1201 16814 4.837175228170591e-05 0 1403.7376441313188 0.40218665841289514 -50.08685570813327 57.67803796978088 -2.1712763063923433 35.01654219259928 36.82336929149517 -78.74605011172557 -23.677402242075726 22.32743657382619 -88.05914241241088 9.289389282380897 -3.960842794812322 6.8428347938838385 61.99267308840321 -99.66445026172941 68.90775283593933 -48.997090666522475 -49.51080836814927 -49.858038854340904 -5.946628037124583 -40.792168143943044 6.078950442934728 -99.99999999992819 32.34102214195846 -40.68513468999595 44.8015064824165 -83.59867824790501 -27.763307792703817 13.547718272090435 84.8925463516816
1301 18214 6.656026820992186e-07 0 1403.7376441284998 0.4021640971334099 -50.08684145842679 57.67800627576948 -2.171228401063928 35.01653735229671 36.82333947563299 -78.74604028843086 -23.677394728256356 22.32743244472522 -88.05915027777986 9.289398133280848 -3.960854824014376 6.842837882190082 61.99268063820084 -99.66441333463524 68.90774784013576 -48.99706586945706 -49.51083668608953 -49.857975515113466 -5.946561189418958 -40.792165112704765 6.0789569879708445 -99.99999999999994 32.34103683548486 -40.68514302595251 44.801508035848826 -83.59869268038136 -27.76331358332412 13.547722038601478 84.89254514927674
1337 18718 3.239341557163886e-07 0 1403.7376441284996 0.402165438185222 -50.08684069912991 57.67800625626098 -2.171229265240214 35.01653681799567 36.8233399489048 -78.74604068312149 -23.677394346297376 22.327432206651764 -88.05915041440109 9.289398101742938 -3.9608545559870834 6.8428377679626635 61.99268048582328 -99.66441134007067 68.90774762111536 -48.997066221813895 -49.51083665592287 -49.857974463689274 -5.946562083444036 -40.792165237999484 6.078957041192116 -99.99999999999999 32.34103649937575 -40.68514296824726 44.80150783482358 -83.59869257987252 -27.76331355659569 13.547722124650335 84.89254527411802
