% # columns="iteration, evaluation, void, void, void, xmean", seed=44, Mon Jul  6 00:53:03 2020, <python>{}</python> # scaling_of_variables: 1, typical_x: 0
1 14 0 0 0 22.25298233228231 -15.960843018082764 -36.98809156167608 25.03263108759474 50.505621263377975 -39.939854281063795 20.89394595544357 -11.062833431033189 8.737059843248527 48.35145545778853 24.563681064473897 -11.77554507280828 3.252880235486371 -4.607266455907076 9.14828289505846 53.71032977845542 15.90946983134014 -6.033110923087313 -39.41152930988437 -0.32886018974656644 9.02059365305549 -8.412665552113763 -13.713847682729194 -1.2457680698623235 -25.80502694606686 -16.928211774522783 1.0973997571475875 21.37998957753992 -28.648800728465577 -2.43220011063958
2 28 0 0 0 -3.8608778490063926 -31.317220030064654 -19.326020933119974 -33.30022815967811 44.29448137438601 -85.22766067430847 30.00236061785729 -33.88080938217666 43.47300874159515 69.81556973956617 1.9479459777503045 10.072560811488705 14.75918476989407 24.691246548061663 30.341017593349804 45.36231407843445 -13.896393028014828 25.120895909902387 -17.128294030358038 22.677723496966003 -14.27212445092333 7.687254354074957 3.569728318438285 10.129792396044314 -39.72477248319075 -34.05743582260059 -29.221670748874132 4.1157378861445295 -55.00975412288588 15.71169017566547
3 42 0 0 0 5.860020727664946 -41.677328967893686 -31.19424721048072 29.69683714890496 81.87535600662562 -89.33019229658159 26.371059502632416 -9.468115646158203 23.469371766236513 94.67526524476514 38.063406915886915 -6.62391262065753 28.348994641699395 20.287385853470933 10.045889744747456 43.368563504203394 -5.863003715492681 15.197721155045729 -44.58212142963143 18.17813488403129 -29.929057676510194 32.98668006067443 -44.612476644508874 2.428444499528167 -4.177526682303778 -48.048274024088265 -22.33559740912802 -19.457017637625615 -27.116993785965303 5.098607199612337
101 1414 0 0 0 10.345662978187098 14.499230685074975 -43.97024043338351 85.73310975552586 17.10704785916339 -97.38758139214741 -28.165089181524305 -37.36466307158986 77.65540015976198 83.86933029835559 -2.3798895974473986 -23.78520903060402 134.32053413688828 -61.42490698460305 -1.6205940376917052 66.71055177069749 8.812887784231416 40.04027246029924 10.01346416919993 -66.28390578128315 -11.084885713334304 39.307554547867376 -54.899616368051376 11.770379194168394 -6.087794362525855 -20.796994911691453 -26.730917814048173 21.28680220596857 -1.3696337446114035 3.010037542133025
201 2814 0 0 0 10.495978506800476 14.150872384123362 -43.987248778142664 85.67139607003395 17.310226193112577 -97.33977359456802 -28.2079988227827 -37.32241899968297 77.83204372978598 83.86212599979117 -2.3671907993180046 -23.723120387839057 134.36290929443464 -61.29686648175431 -1.5096442287665395 66.76532416649576 8.593422701874305 40.01364061231272 10.092433064922451 -66.22522089828486 -11.01777528726783 39.18051425637841 -54.905966871489404 11.65297637563495 -6.1991078330811815 -20.83049996635942 -26.736509859167985 21.380624750758756 -1.3460015420785616 3.1847339735419884
301 4214 0 0 0 10.498316639121997 14.150856145884935 -43.984491528925815 85.67335039792583 17.312286879541606 -97.33749128073374 -28.208314318108165 -37.32260135778536 77.83044398937628 83.86374201673244 -2.371894372007261 -23.719934148790244 134.36242467914926 -61.29097511092238 -1.508811718627639 66.76418137103438 8.586627261851865 40.01358742913266 10.09707846474265 -66.22474882974022 -11.015521921928123 39.18159845698489 -54.910042532266466 11.651154868996437 -6.2000742023104705 -20.831030334479866 -26.729691576355236 21.385759493614447 -1.3527774941564337 3.1808841834625157
401 5614 0 0 0 10.498282743387861 14.151031764697214 -43.98442661318398 85.67342484778473 17.312141029626055 -97.33752698949438 -28.20830909095822 -37.32261369326278 77.83051666487027 83.8637935400772 -2.371817227907532 -23.719952779226386 134.3623978612747 -61.29112961297911 -1.508784454376008 66.76415429364638 8.586422801970768 40.01346350341181 10.097090357878967 -66.22464764244579 -11.015503176007487 39.18153673520959 -54.909953715852154 11.65124863340384 -6.200006493504437 -20.831152254436784 -26.72982975599324 21.385598171299673 -1.3527877879885004 3.1808271844098495
501 7014 0 0 0 10.498281837011804 14.15102775931408 -43.98442873350976 85.67342272172043 17.31214031575819 -97.33753101409916 -28.208307865721917 -37.32261338841467 77.83051798000984 83.86379381583433 -2.3718163169750692 -23.7199580962311 134.36239712380674 -61.291127771090785 -1.508787828217258 66.76415042729556 8.586421159953584 40.013463089813456 10.097089223886094 -66.22464846293731 -11.015499824624435 39.18154249506434 -54.90995394055349 11.651253064931211 -6.200004758716352 -20.831147493479335 -26.729832807499463 21.38559875530833 -1.3527893148632426 3.1808298363308802
540 7560 0 0 0 10.498281846733216 14.151027757741137 -43.9844287396874 85.67342271583483 17.312140309593264 -97.33753100579193 -28.208307868476844 -37.32261338971303 77.83051797915648 83.86379381674324 -2.371816323477968 -23.719958096234954 134.36239712727888 -61.29112776949642 -1.5087878374750165 66.76415042515653 8.58642116638671 40.0134630843187 10.097089228917431 -66.2246484652457 -11.015499823928714 39.181542494838695 -54.9099539380373 11.65125306554155 -6.200004745403405 -20.83114749228737 -26.729832806289693 21.385598759177043 -1.3527893138733427 3.1808298291125015
