% # columns="iteration, evaluation, void, void, void, xmean", seed=47, Mon Jul  6 00:54:35 2020, <python>{}</python> # scaling_of_variables: 1, typical_x: 0
1 14 0 0 0 6.982159346146583 -9.481584239557067 -41.10480646028747 -15.114370060188202 -14.008771046285924 -50.86737436113396 15.98087212463065 -4.379471696530188 0.015599708933695888 47.93005951473649 -10.59566575938079 -20.514446161374508 24.71765336704603 -2.4668130942421573 -7.71453180232367 7.4554660642290855 2.1581192349095475 27.549688469213464 -15.466551600229481 46.3549629155309 41.171403299484815 3.5455525148908285 -23.787312423376505 -0.632594741588872 31.20526237755546 7.051814127493577 -2.052955823789098 -8.770107361054855 -20.293473905551892 1.9514881145954015
2 28 0 0 0 29.957833288938716 -36.68393820667723 -33.38192844582346 -8.545733556217561 -28.057569876205584 -73.35991204338224 0.08887591535298611 -17.81067906294871 -22.29491474799549 40.04277929181598 1.7741275693528955 -33.42415220910646 20.336007757780514 -39.14035217116982 -29.736502136781933 -11.934431107800158 10.43666886683603 19.745214348532834 -1.3991276424780796 54.03668458917743 61.866673100784126 -2.106326234195481 -30.444844731691642 -8.804811319222905 26.7141428025696 -23.928432859171778 -13.036206919645343 28.014840216956728 -38.725624580729566 25.695089887753607
3 42 0 0 0 63.33405283256376 -8.127942253524424 -3.5121393006990473 -6.391217704430085 -32.660252123214825 -51.41847181864983 7.292370079993607 -15.221943224142898 -5.497228260030617 10.323538842713447 -15.235544285232624 -67.51203224775557 50.66466465192568 -54.94757582873339 -40.46381434168541 13.942399736483338 -5.506174142143491 9.880261002180363 -4.312559634933022 70.99529802677294 61.239653304873656 1.291073241083092 -15.26842812537792 7.203136331628082 57.61129291520467 -36.47624816192128 12.280211356367571 49.850632736186355 -59.8341787312377 53.49364206428602
101 1414 0 0 0 57.67859898800521 115.06681198131442 20.388455821865346 25.2637606312664 -13.301321448513702 156.82505224463077 2.8423871285378333 -2.0726905043620194 81.43276565923586 -196.65793304941127 -56.5451961368803 -144.86375582843482 106.51533244941243 -154.9019341826116 -29.295608398554062 37.44266629149261 80.69529781794884 -99.64391484747334 161.43955619154522 43.16379094851039 101.29341144832365 144.5513580272043 -43.196904107073706 29.203681985812892 162.50826120024695 -164.12778271531042 83.08018921875747 104.96272859743003 -52.59714205860759 68.0372608807173
201 2814 0 0 0 55.535696229091094 159.5215605060903 -52.7654249052459 22.4598459723809 -22.777973505084972 163.1616084802234 -13.701647976625091 -3.9584613911215807 84.4619146997594 -270.7547457451179 -56.03342637068849 -148.53800983122068 63.807508502197294 -187.25962363326727 -18.53420859510169 39.231686318490354 41.432362306680666 -106.8787549160038 164.8887166332463 41.67887405722586 113.61755294864382 144.25855906843148 -48.33775832493794 32.33360506082912 171.19889504656277 -212.00402873820985 99.87116509930628 146.63880774717555 -38.24962188397521 68.739013570817
301 4214 0 0 0 55.36109699721787 164.63835308720707 -64.91471300329555 22.215534427115298 -25.380349853911948 163.36932714960136 -13.057979786248726 -4.067358233743564 84.1751364345107 -275.77965424018225 -56.327885318949726 -148.3536065366323 59.76583506053891 -185.05267625761851 -17.603642316908992 39.447721397083484 34.16518657143585 -108.65059467279211 165.06882982406586 42.53675102098295 115.22058045756434 145.11696908172706 -48.37023056628985 32.12671194971066 170.2818017432941 -216.66033601733605 105.57753492554761 156.3743002633363 -38.58180585406557 69.11611186888749
401 5614 0 0 0 55.334732122419425 162.71655297404453 -64.80062444666271 22.14165276322019 -24.95826575217389 159.40102053808133 -20.709572020477598 -3.9888340722298112 85.90435440001548 -279.5496362342242 -56.32429776948061 -148.340159043674 53.97894696416058 -177.77990992422065 -17.497868451466708 39.48193820346286 33.06174205789633 -110.00194399890947 165.1315081564301 42.54065318430905 114.7858454676584 140.8902742684059 -48.419453857195066 32.18756924626044 167.2515133369085 -208.17797243461627 106.33736343776569 161.02199681903798 -39.454792701680255 69.13444142748484
501 7014 0 0 0 55.3699803864915 161.19025649596875 -66.412563475066 22.184121271863376 -24.956999362863943 157.34425025260256 -27.414803591617076 -4.053849660810369 87.76408670525743 -284.0545861487108 -56.32324076912406 -148.38047304186912 48.546040035121365 -171.50842886941527 -17.499095878300913 39.512885716403765 30.761756226760035 -111.42005628894715 165.11355055725375 42.53042766787669 115.38607089914919 137.37066020566235 -48.42539229792973 32.17415034154579 165.0213701262338 -201.68436591136725 107.86212231197842 166.0205501980447 -41.12957407830044 69.13285843129287
601 8414 0 0 0 55.42114782729077 161.35801061500644 -69.59379445245426 22.245132101790475 -21.657773656998327 156.35170161275667 -28.84584516508262 -4.0088670620430715 88.1600445566895 -287.18383386948074 -56.330718277234205 -148.3082020631035 48.06403379307296 -169.4592598074206 -17.696463790777635 39.43859117940855 29.268999395726087 -110.82517297417657 165.03386690418805 42.52029329383818 114.89937982089369 137.3547152218287 -48.35072975415003 32.111806995846436 164.07627970403664 -199.0102074624859 110.80526896637079 163.5980634639805 -42.09663919906628 69.0930766648349
701 9814 0 0 0 55.75538817631741 162.870519864036 -82.20568340038822 22.548910886645533 -8.058598731947399 153.80720083045867 -32.469157207952385 -3.844468492217984 90.22449144267172 -298.6563955150054 -56.36553658315697 -147.75127350741127 49.463721813091276 -160.306700209767 -19.008418512893304 39.00610450093892 23.647877449361737 -108.36523419904823 164.59043264132808 42.527252126355016 111.48385547430556 135.44022165550555 -47.72171532895232 31.78732945074414 161.19053155574622 -189.57169153729365 119.9924060049061 153.50348178614166 -46.43089410002449 68.90972147049548
801 11214 0 0 0 55.7754126946161 163.00097627843073 -82.96145634899248 22.56482288326962 -7.448427684851304 153.67812106638618 -32.6469700792191 -3.8447767515493205 90.41910607210762 -299.30409504274627 -56.3722139945259 -147.7187934913989 49.5223003706188 -159.7069193270785 -19.081507317487596 38.977675070223874 23.245005617347196 -108.2366713283059 164.5607527215455 42.5391481815235 111.33580585672628 135.34925118795888 -47.68826900365811 31.764787002265184 160.99336273541678 -188.9865227027764 120.62481172807912 153.08999942531034 -46.75012461032041 68.89942977586853
901 12614 0 0 0 55.76450792975063 163.3038828365181 -82.7610471049792 22.557306661885548 -9.000469316907452 153.73601000459018 -32.55365790371909 -3.8494058756069336 90.78932343339345 -298.9826608204933 -56.37058391890884 -147.73805176067341 49.429392366267045 -159.32082480159784 -19.032454427374738 38.98948553610854 22.98530091869939 -108.16505101377945 164.57975671743037 42.539293951099665 111.36756702492356 135.56172885800004 -47.71053720244229 31.7792535215482 160.9772025584644 -189.02678860606815 121.51655439562252 154.22202582549147 -47.10090104456337 68.90539623351818
1001 14014 0 0 0 55.71762067297288 164.9869054250744 -81.67180153492569 22.512993805785865 -17.851219907432913 153.82595308787663 -31.998235162841326 -3.8755008546778686 92.66331040221996 -297.12146314564905 -56.36431079335066 -147.8132129415869 48.89899424609372 -157.14587643358303 -18.851881969391663 39.05450802813965 21.677606268964492 -107.76009800861091 164.6403924374496 42.538484742209356 111.5039932586551 136.84382155280426 -47.795359380677574 31.824217278355125 160.69647484871638 -188.82207253477415 126.73981526240959 160.51260479890297 -48.87881334783924 68.93368856262781
1101 15414 0 0 0 55.74575301136183 164.96490253400603 -81.71137639782866 22.539944313625554 -18.13070809780015 154.03370827650562 -31.79008696007389 -3.859201830481702 92.71084330465852 -296.91397462436856 -56.36743317302976 -147.76357160953486 48.95737468096801 -157.5179466360101 -18.969395743416793 39.01634529106127 21.880036472244807 -107.79983558863248 164.59948964472113 42.538962762265726 111.80714957783815 136.91938789712663 -47.74118753926873 31.79248758329185 160.88721403251074 -188.44860622583394 126.8392496573225 160.9226870727033 -48.913329283412644 68.91707774887509
1201 16814 0 0 0 56.10306542573005 165.21652964588654 -82.71411824883498 22.87136248954405 -23.622677555116606 156.76992994527848 -29.3873497480395 -3.6696187599745693 93.68986437548922 -294.1210899908887 -56.406447678883296 -147.18547353496197 49.216901459524834 -161.89603144804767 -20.37203286743624 38.54690671155047 24.61109804980466 -108.52909776762145 164.10927315476894 42.55071276649003 116.6111325905968 137.4357737847317 -47.080573961608394 31.43544977568017 163.32896162118075 -180.84907277915354 129.75802678535962 169.33338157928628 -50.32253002085565 68.71153018671828
1301 18214 0 0 0 56.657254646230186 165.6468090487786 -84.44303054271268 23.39531861598091 -31.37608773774277 161.10996821372808 -25.419003310367824 -3.382356420386629 95.22828540937803 -289.77305176679783 -56.47541595364143 -146.28440892509303 49.9787745123489 -168.9922652254568 -22.538660746609942 37.83270224324746 28.846523600788124 -109.67145584785068 163.3509760240388 42.56734599854436 124.05219879166694 138.24149946073467 -46.068865677615925 30.87057462396289 167.08356163742525 -169.00827630909325 134.10837040425665 181.81467373880645 -52.648523813505655 68.39485514194739
1401 19614 0 0 0 56.749945817151655 165.80163582690835 -84.58020891644115 23.482461050310224 -31.426781390766177 161.6623834978598 -25.398365738722372 -3.334420466162971 95.06551353090218 -289.78829773922473 -56.48685203417577 -146.1331603701308 49.89403443744675 -169.06066665971173 -22.90373669390063 37.71304064071131 28.18563374517286 -109.61218707682829 163.22474750605377 42.57041439824389 123.63050981518272 137.6644197669511 -45.89895150977619 30.775780496115384 166.72125185045522 -168.76985600112027 134.11087221841143 181.80147435991546 -51.58757170607166 68.34184628975602
1501 21014 0 0 0 57.34966433935579 166.80569917782353 -85.12432056321299 24.04585950137953 -33.319293162796804 166.3019050897092 -24.49560559843674 -3.0181074892541537 93.98189415249885 -288.8561467647315 -56.55785196958688 -145.15929147341785 49.73250318373818 -170.64338607536172 -25.253410836061295 36.93256869721595 25.13938904600548 -109.7003710502199 162.40178948393384 42.589588328776216 122.32845244439466 134.60875816310994 -44.798604167978716 30.16773853100083 165.44136048906088 -166.34097171336688 134.77859025578994 183.85526109770473 -45.276813269033326 67.99953776089124
1601 22414 0 0 0 57.490019631888046 167.1883926054455 -85.14937819667988 24.17768245712636 -33.75651374466913 166.90419262911388 -24.290416599090086 -2.94507930978605 93.92026542923826 -288.58982275398637 -56.57456335180833 -144.93056065842455 49.827860323925826 -171.01479916208564 -25.804126749863126 36.75146773397777 25.019069565459958 -109.89079500475424 162.20847132938408 42.59296576471761 122.60225755699251 134.425599897924 -44.5406535328808 30.026337141817795 165.52201699758137 -165.67017108691726 135.07517478028512 184.70121400998403 -44.759373693983925 67.91796776362175
1701 23814 0 0 0 58.05619813382873 170.4167829860335 -84.0926423727716 24.709815139329898 -32.274614003268326 166.2254105423123 -24.928674087730766 -2.648809171738421 93.17228173894304 -288.9826630009722 -56.64203631628912 -144.00650834806922 50.74407160423588 -169.97015684361895 -28.02895411922317 36.01108826974111 24.555884353985785 -111.44284190399279 161.43003808531452 42.61051016037001 122.8056570654036 134.94069483687375 -43.49775587321722 29.451417127266282 165.69708201960458 -167.25884509702934 135.21243441186837 185.0756881842815 -43.77940414303813 67.59341767188468
1801 25214 0 0 0 58.67444786099022 173.8236597001254 -82.92550942555181 25.2883841262931 -31.8076601961298 165.1937292340236 -25.301676593564434 -2.3230214338193553 92.81293134443754 -288.9923675856431 -56.71481338265477 -143.00461244895135 51.8230507731005 -169.18633312885558 -30.444982321759678 35.211277800216486 24.52565534028144 -113.30530321243005 160.583645554485 42.629613900774224 123.80874904529067 135.93592807045047 -42.36722637542713 28.825863544059807 166.3535184680157 -168.38679652691977 136.02585222845525 186.8800499189675 -43.842917320607604 67.24115035808525
1901 26614 0 0 0 59.228760824258984 173.50757842180013 -82.42052950461813 25.81330368342759 -32.10665170287187 162.89310186991463 -25.26325213946374 -2.0298878486176783 94.06286807929169 -288.7173652483225 -56.7800757183425 -142.09901690724058 52.38810462078936 -169.20764444506216 -32.6312009388398 34.48835230084814 22.340255868819234 -114.83664291951062 159.81934811421323 42.6478778014586 124.45788450083644 134.52196229069898 -41.34471028148874 28.262441763939016 165.49981797061793 -168.1976218307938 136.720070560736 188.58641689418016 -45.226709464023465 66.9212938742403
2001 28014 0 0 0 60.20745741855095 173.35552616632435 -82.00286905691402 26.72815405148687 -32.89737195137345 160.8174514883773 -24.651862588408243 -1.5170683880031135 95.50822629373317 -287.80690040111017 -56.89626913944986 -140.51195769099445 53.261677918386944 -170.4773982023261 -36.4556661853726 33.21748952904982 19.567901868578275 -116.88093396738341 158.48142144103107 42.676817481557336 125.4124359263256 132.23508643457748 -39.55322668804774 27.270930946216268 164.9340879850495 -166.45011944622198 137.67454613841747 191.95562726017843 -46.06676252278245 66.36350950781319
2101 29414 0 0 0 61.030831204419286 173.66896467585585 -81.64280443584875 27.50234129350528 -33.60382930305524 159.88232128580563 -24.460020097210638 -1.0846777032481292 96.07209979600898 -287.37343242038617 -56.99195150834018 -139.17630128522987 53.8693545273202 -170.76254455167194 -39.678189943425956 32.15119690978236 19.48891955950917 -117.34268381516708 157.3539009364506 42.70354343176688 124.72143791418654 132.6023014905482 -38.04502694931253 26.43679496286479 166.85573921524156 -165.54545111567074 138.7158399117874 194.45206716116164 -46.52783371909854 65.89322208387036
2201 30814 0 0 0 64.38010281733901 173.22430638190502 -79.88999908536663 30.646309310227682 -35.045844302597445 159.4208773234214 -23.83817975883892 0.6742107978570773 97.63522350495897 -285.8536614358553 -57.39085827575671 -133.72540959922463 56.17937308282335 -171.8469330275422 -52.816022736881415 27.79388462684784 19.190604740721124 -118.42302976047482 152.75551453931908 42.80516071687648 118.57001136505312 132.51793999692612 -31.894321384529142 23.039732967142726 174.236416795808 -163.61363101709702 141.42570382816587 201.90836226552966 -44.55233673851009 63.97482545921332
2301 32214 0 0 0 64.16550544365207 171.7779348946328 -79.34447292802955 30.443635911135583 -34.73824080383359 160.05844863565963 -24.108360206599865 0.5598546152727466 98.35071757590235 -285.9408169024602 -57.36537163238683 -134.07739619058466 56.60161136202612 -171.31942622687066 -51.969864632830415 28.07337466547108 19.88668909042026 -118.98265991834987 153.0505124442244 42.79729764672804 118.72438776285703 130.41183732250423 -32.28964104428303 23.259814458172006 173.4247814016174 -164.2478838568693 141.7331393487651 202.4892121097832 -46.36101831723154 64.09950979995358
2401 33614 0 0 0 64.25532369949046 171.95241048032693 -78.13858454523154 30.528062020488957 -33.83803608435121 162.04339641041383 -24.579196280474278 0.6078060748740272 98.16519738335973 -286.0710418333227 -57.37609772291654 -133.9302721882241 57.68965174742791 -170.43728337050976 -52.32482135422282 27.95646793008807 21.66207747461299 -119.8889727311308 152.92749626842556 42.801369246799204 118.49587278316383 128.4555433093434 -32.123612652978395 23.16709317943244 173.52096899560613 -165.6351562529338 142.29099533118656 203.80786826864585 -47.27530207839425 64.04692863484752
2501 35014 0 0 0 64.2345648320554 172.88446627659755 -78.29536412976508 30.508794482937457 -33.93447668470531 161.30805865444697 -24.47786146146379 0.5972602891226204 97.46197078656498 -286.0168406701349 -57.37374478568451 -133.96336412087044 57.6053383466113 -170.64255512478834 -52.24394141174499 27.983666073238926 22.405399914721723 -118.665516997802 152.95593671781816 42.800272900037854 118.00548334847556 127.4254784822682 -32.16160292375055 23.188078503814253 173.14143209920678 -165.33853356094204 142.2469422709279 203.77123496028605 -47.59986967442516 64.05901877240072
2601 36414 0 0 0 64.43948541378687 172.9508107600713 -78.14345145144556 30.701390941303302 -34.084764503138715 161.61278908114923 -24.393193146833074 0.7047723795479253 96.60000613220183 -285.8614142869001 -57.39795799942842 -133.63037826895186 57.85003913370152 -170.7679082620759 -53.04836503494908 27.717059029457896 22.058536762041665 -118.35045568535952 152.6739289182429 42.80690163728245 117.8751806578079 127.16148856620345 -31.785478131887775 22.980194167734393 173.03300325721008 -165.12284425899034 142.54108179046835 204.51866329995136 -47.50800730140604 63.94113156302697
2701 37814 0 0 0 64.84381396086084 172.59623107156753 -77.56552165191444 31.081143521114164 -34.209338910035285 161.77290106191114 -24.404768746715632 0.917185801125314 94.80462063030042 -285.6132717763657 -57.445646503566614 -132.97263856415861 58.44753895640955 -170.75832126803803 -54.63431181189644 27.191071273564365 21.66387234188039 -117.9829470559645 152.1198065726976 42.81915447210991 118.0793731684342 127.70605167125602 -31.042754103868972 22.570103349810104 173.10354456471808 -165.05564638872792 143.13049839428572 206.1547043600843 -48.161676824364655 63.71006942658318
2801 39214 0 0 0 65.04449367832594 172.1438204564381 -77.51159430790952 31.26966115958666 -34.42070364564717 161.64125833726789 -24.37115193462526 1.0224258422896757 94.43980197902285 -285.5345410019793 -57.46960270436835 -132.64619641480746 58.499502837950146 -170.76538487770952 -55.42185018067493 26.930062365113066 22.033931471571236 -118.25136152028645 151.84424986451236 42.82575427939218 117.97395312663251 127.75557649334863 -30.674061979649263 22.3664200182803 172.90354050624657 -164.9649574967563 143.30618578371377 206.49968612638412 -48.04119023842748 63.595367004044654
2901 40614 0 0 0 65.1393430476178 172.0678553178589 -77.67270574276624 31.3583268599515 -34.56988662169155 161.32303458311532 -24.307549713259135 1.0725826074053386 94.3957069800517 -285.51767197938153 -57.48079548542395 -132.49218280360395 58.35139910480834 -170.86187717818746 -55.792093604892486 26.807291002000518 22.39812077654785 -118.64032944554053 151.71439297047917 42.82810045274152 117.93749528414509 127.74611816953391 -30.500703053155252 22.270719147314512 172.56503550699364 -164.79760631837775 143.25438453829577 206.3241529640372 -47.677591574405184 63.54101063543766
3001 42014 0 0 0 65.14204279370624 172.13708704354627 -77.75186392655135 31.360871353669904 -34.57457126574659 161.38209639815656 -24.29188941574077 1.0739066696750943 94.36932896209902 -285.5320645552584 -57.4811027844798 -132.48763357990478 58.27644782466442 -170.89989558806516 -55.802751753057024 26.803734306953043 22.378337138043822 -118.72806427223924 151.7107544618924 42.82821526634522 117.80877451773519 127.81529941062541 -30.49575239181354 22.268060471077696 172.5030380714693 -164.7560747383528 143.18340113402536 206.1623731233122 -47.800937205454524 63.53950195001625
3101 43414 0 0 0 65.14897436105194 172.15190646886694 -77.8105363480156 31.367394830228445 -34.57338795207329 161.42580179206132 -24.284651472009795 1.0776142093833168 94.36417159532434 -285.5483560567893 -57.4819579176774 -132.47654466218015 58.216154854440376 -170.91517845394412 -55.82970624963934 26.794863213549306 22.344582352100687 -118.75695802436029 151.70122528180323 42.82849813250089 117.77666308478705 127.83109545117603 -30.483052004486133 22.261053804159413 172.49234487478907 -164.74308680916943 143.12609711732233 206.01813967524222 -47.82822001193287 63.53554791598836
3201 44814 0 0 0 65.21856512964133 172.1470690523377 -77.99893275745306 31.43278577957925 -34.49813083084522 161.40671602765744 -24.314631772437938 1.1141809840041037 94.33861429139623 -285.66455755742686 -57.49025001626623 -132.3631532962033 57.97971316595581 -170.8585397477238 -56.103020406580356 26.70423089934185 22.353237597208146 -118.72179598418214 151.60552672068712 42.83068152758361 117.84758788986757 127.76652003419508 -30.355085461766443 22.190347233404882 172.5642369331502 -164.86251016951414 142.87704097919587 205.33584146402856 -47.88233453330988 63.49554849561014
3301 46214 0 0 0 65.24372004206928 172.1460382198928 -78.04722027561884 31.456347524885633 -34.47539691858702 161.42383068883157 -24.32156877794157 1.1273603406399282 94.32404348403071 -285.69377580905575 -57.493163631316925 -132.3223551923274 57.92053234998012 -170.84873124579767 -56.20143033421322 26.671558293417874 22.34529760428697 -118.73995288286315 151.57114979723735 42.83138265841028 117.87154776241866 127.76854048102416 -30.30904198180606 22.16490615015535 172.57305964208172 -164.8901627322916 142.8107284481715 205.16446404843833 -47.85613811648091 63.4812269164499
3401 47614 0 0 0 65.25802952361933 172.14776511408618 -78.0420422828056 31.469795298019935 -34.47179320134178 161.4293509990541 -24.323081318003087 1.134874981953472 94.3371144573514 -285.6936527324434 -57.49486687250241 -132.29907479984712 57.925432449520656 -170.8464159246147 -56.25753746801847 26.652960009045252 22.347474493631545 -118.72662742871162 151.5515201242976 42.83182149494569 117.8746380561315 127.77667860826912 -30.2827791893626 22.150392446491285 172.55931294181283 -164.8943825007273 142.81303189687776 205.17180551745238 -47.85674012698676 63.47303630268825
3501 49014 0 0 0 65.25883286833445 172.14867204133276 -78.04179888738058 31.470549756198817 -34.47152814161929 161.42903983530405 -24.323131132958885 1.1352977971993783 94.33813155856313 -285.6936513167603 -57.49496057831723 -132.29777019529197 57.92590932082265 -170.84633983991833 -56.26068623380915 26.6519162352501 22.347803049165645 -118.72642359274839 151.55041746419138 42.831845413691504 117.87455934834729 127.7769450152905 -30.28130230706197 22.14957591078174 172.55766172897665 -164.89426980261084 142.81345798189676 205.17270633238505 -47.85614745095443 63.472573628710016
3601 50414 0 0 0 65.25883278476387 172.14867235098404 -78.04179977869184 31.470549674608755 -34.471527478830055 161.42904020903842 -24.323131115485474 1.135297750270077 94.3381313554882 -285.69365173494094 -57.494960565203236 -132.2977703378702 57.925908668728866 -170.8463401812107 -56.26068588695552 26.65191633745793 22.347801819958153 -118.72642480722251 151.55041758117707 42.83184541501066 117.87455712079176 127.77694693821326 -30.281302469479463 22.14957600222346 172.5576616293947 -164.89426942496397 142.81345709528088 205.1727043350749 -47.85614701386777 63.47257367837549
3612 50568 0 0 0 65.25883278400612 172.14867234152672 -78.04179978829328 31.470549673822656 -34.4715274717799 161.4290402100071 -24.323131115351938 1.1352977498636847 94.3381313281951 -285.6936517393497 -57.494960565078244 -132.29777033914607 57.925908660641895 -170.84634018455367 -56.26068588382691 26.65191633849957 22.347801828962584 -118.72642479682773 151.5504175822502 42.83184541502289 117.87455712963275 127.77694694216653 -30.281302470956735 22.149576003043595 172.55766163831765 -164.89426942219296 142.81345708415785 205.1727043108557 -47.85614701579133 63.47257367886054
