% # columns="iteration, evaluation, sigma, axis ratio, bestever, best, median, worst objective function value, further objective values of best", seed=41, Mon Jul  6 00:50:06 2020, <python>{}</python>
1 10 50 1.0000450010125153 4128.532344727549 4.1285323447275487e+03 255180.53040255434 37915171.98081854   
2 20 50.0 1.1467263337581668 4128.532344727549 4.2348465417718899e+03 44245.97732328635 21461177.529024217   
3 30 51.69475567567871 1.2451326413886876 4107.645450684956 4.1076454506849559e+03 6521.895374092296 168948.00288985134   
101 1010 0.044524128061277125 19.038369612081144 3548.51071550163 3.5487813986475294e+03 3549.205773397459 3549.2782247899186   
201 2010 0.050143321623478204 231.1579477159487 3546.4274754812586 3.5464274754812586e+03 3546.518679273663 3546.575108562952   
301 3010 0.005653124365744054 3593.5531102406358 3546.073414370556 3.5460737209628551e+03 3546.074128750094 3546.0746111301323   
401 4010 0.00010164462163587067 107454.11507619823 3546.072046803462 3.5460720468034619e+03 3546.072047191466 3546.0720475251646   
501 5010 6.261290335797029e-07 2.3992025176507585 3546.0720460893467 3.5460720461176907e+03 3546.0720461510036 3546.072046189087   
533 5330 8.10601390611995e-09 4.072290132589497 3546.0720460893467 3.5460720460986504e+03 3546.072046136604 3546.072046168876   
