% # columns="iteration, evaluation, sigma, void, void,  stds==sigma*sqrt(diag(C))", seed=865032, Thu Jul  2 14:38:28 2020, <python>{}</python>
1 6 50 0 0 47.26847599960378 47.42204198941506
2 12 49.00993366533776 0 0 43.698614716820956 42.21631581601429
3 18 45.51413811203834 0 0 36.975571337538184 33.89180934433501
101 606 0.46374420426520063 0 0 0.00010730595417464718 0.00010017578208499447
101 606 2.6917307704443387 0 0 0.00027345025526768574 0.00031742438981106
147 882 0.0945822259210356 0 0 3.7621775421730087e-07 3.8275692637597547e-07
101 606 0.28207202935699566 0 0 4.08914401187004e-05 3.753027888396189e-05
140 840 0.07775662606627988 0 0 2.6661696126486585e-07 1.374314794749118e-07
153 918 0.6674887804662748 0 0 4.1713684163082426e-07 3.0223530009211217e-07
