% # columns="iteration, evaluation, void, void, void, xmean", seed=38, Mon Jul  6 12:18:59 2020, <python>{}</python> # scaling_of_variables: 1, typical_x: 0
1 14 0 0 0 -2.2937128623173226 -10.364216466079426 -46.167423401778805 2.0307599939984975 -28.082662016669396 15.395726963033468 5.103243392149232 -17.830043075503244 -21.28136272625801 -14.72356935189261 -6.889765586671936 27.73401272247638 8.778194280712267 0.27346088522627643 17.79064606439928 14.246798787962781 -0.20877829467769038 1.6720419096179018 -5.784685359264445 -0.7469776052115243 32.87148313755492 -0.3741598034138228 2.3551904629363705 21.27654083798603 18.11868116187429 6.547851050342051 -32.090744565726204 -34.93854114516656 -29.58958995847264 -30.551556068425135
2 28 0 0 0 6.845757248609312 -11.144300363877829 0.1956572331764832 -8.340992392032895 -7.618732602405849 -9.14650214676221 17.706891217025717 3.6576588397970227 -31.47954062166688 17.925684309965288 -12.454216486631255 13.028912218384146 13.16555063329929 11.780556018089925 -2.119700188904371 24.845077687681822 -13.624678532111796 -3.6469445343155353 5.226106296334651 -24.664571485586727 14.350002009003777 16.134106543711486 2.1559797180956606 21.103671256101876 24.923884031006413 14.032597946246211 -15.684755271775153 -45.539415480708 -9.214995309667675 -24.477033194149417
3 42 0 0 0 5.82715325146247 7.45279915114342 -39.32375838836397 10.518811448110949 -42.75884151736404 7.41987081110609 7.957778956007358 14.52156580445361 -35.436660226324754 -32.57351829306131 -38.12605625718287 30.548142719732184 -18.304153404781914 16.068001284324318 33.27265292328859 -24.428707651685862 3.0330995314880607 3.5712921324241726 21.622872090826846 14.081725551451306 29.868687977533636 26.750971302611962 5.885797855505502 28.838301371031733 -1.8809928524710742 17.59493207684863 -20.888503546449652 -11.619497296654089 -33.92794745598781 -30.736541230277275
101 1414 0 0 0 -37.20067955402108 -5.851689425697059 10.409328544894164 26.759277187395277 33.03400489651404 4.616614142933872 -28.21351937869752 11.202321834205797 -80.06210929990743 7.517093090159293 -39.04304023921663 32.204726658065674 10.826261911117458 10.956086850965189 3.1494383688397574 -36.34130409135897 -30.966332248493604 1.5420613471936895 6.920093698685698 -46.04635642457625 80.45327803858605 50.93265588638736 53.02016097274236 73.62213151408577 23.005098472682857 -20.3332817541448 -25.3391258329938 -9.81684443100075 -62.811205374958085 -40.83430917346982
201 2814 0 0 0 -37.17404838588257 -5.821153181582483 10.356253623657844 26.601780112603826 33.034504433535425 4.6010830314129745 -28.24836252981723 11.194822708807349 -79.97929559069512 7.515939181861933 -39.04145292590583 32.21737739331637 10.807386072439327 10.905904468308762 3.144397827763295 -36.32001588569693 -30.961601909748588 1.4305164614739554 6.7874745397430285 -45.97858972286778 80.19596708319926 50.92617704944509 52.820257338829784 73.59909469706271 23.017650384969453 -20.298026092887667 -25.281423359309795 -9.820990283885786 -62.76519875579917 -40.67808932539506
301 4214 0 0 0 -37.030731442928825 -5.2268770921036865 9.978624823236744 24.336342941774863 33.32770862891746 4.865435832885065 -28.590897189285943 10.735072750797073 -79.30337591642191 7.225076011422758 -39.026110888221424 32.29502433067315 10.685808158914094 10.704751341137724 3.1381500473894195 -36.071030988245816 -30.749550381877953 0.5992412082839761 5.476439922449089 -45.18003423606625 77.61359531275428 50.96740585805441 50.76701523313406 73.48330113406394 23.325437820986302 -20.134018048049427 -24.715549598470744 -9.848233032783627 -62.72600712250082 -38.958053443156764
401 5614 0 0 0 -35.260604037641436 -1.074226859937842 6.36818725954913 3.4441099958935055 35.32923830366544 6.613069215729964 -33.87534230866175 6.769384826583279 -71.14263281422416 7.043909886763826 -38.049273308665754 34.880562341597084 9.333797626948362 8.194134202679992 2.9382402793344564 -31.612952031167147 -31.432404554403607 -8.287485362350257 -6.41846694273842 -37.04797387171508 52.204998300726565 50.923210360169776 31.384365035734714 71.96452900925658 26.486920797860844 -18.083035841615352 -19.320800791469235 -10.136831708886257 -62.489716825308804 -22.646720937450084
501 7014 0 0 0 -33.04525194844439 8.050078563924684 0.7569302742006485 -33.33081982370557 39.286709873508094 11.731956085093348 -39.22661402167183 0.007136829869403876 -55.765334050532296 5.590746008702131 -36.10744478227265 38.9116408848314 7.629835103336859 4.558052908709204 2.671698233436195 -24.27493958403912 -30.433537617251055 -23.214076984894124 -26.941494509207484 -23.076032750232052 9.098375330012535 53.39451877081436 -1.6272064903413928 70.10345489554746 33.09622407640428 -15.533200331208553 -7.9175253531890135 -10.52923929846088 -60.24949206287107 5.106348836253491
601 8414 0 0 0 -31.1499281471774 18.889645512137132 -5.939008690487571 -80.340835461894 44.116156673520386 16.82532816778455 -46.66498160111247 -8.933936338592355 -36.458017645090116 2.840580043357467 -33.122005353975624 44.746925785180935 6.161575793378531 0.16453095762215217 2.4625442256425174 -14.426804757128544 -29.754100089948693 -42.11962921164276 -53.9588269630702 -5.912021239136736 -47.05657843959367 57.178011252322875 -45.031763198569635 68.49072176959345 41.52046301280966 -13.332121611411873 7.265054710761342 -10.853592797878774 -57.714456113512625 41.259028979633044
701 9814 0 0 0 -30.2263382797148 21.438175011896423 -7.513205802485501 -91.40090229616628 45.07371607999917 18.24299992190746 -48.39027074862883 -10.989699541427388 -31.545263205668153 2.2560237616821746 -31.961717058079824 46.559448950627555 5.449400943108123 -0.8909384238441482 2.359396124812115 -12.285297048505036 -29.733231479737746 -46.76082742424528 -60.36323196226451 -1.4980086702232034 -60.62393512666424 57.87381268390091 -55.350711752810035 67.70976030216445 43.406540334257755 -12.26615024787651 10.874844800574076 -11.011941263134567 -56.900691415044804 49.56838707669565
801 11214 0 0 0 -25.311620504793737 19.23282541054377 -6.5735790878531555 -85.45775936107097 43.01749245988585 20.432692762274108 -45.785661337095476 -7.2704795948015075 -29.97818610725396 0.8964172008173815 -29.238295222929615 49.653773672010196 1.6638421173784994 -0.15995079836922457 1.802293111819245 -14.868939165784884 -32.7815266021906 -45.17518115055496 -58.0239322016888 -0.8127078682154931 -55.62696966510624 56.97456880365743 -51.11320368864274 63.53596757687777 41.54443019131408 -6.582384548623851 9.879190903516905 -11.853126775581032 -53.79631135404296 43.11289181535528
901 12614 0 0 0 3.0652059587202003 11.118806519241337 -4.470227101641678 -73.00045373148365 35.309955626713496 38.09265551280264 -32.23763261297021 9.815241721618147 -13.41592476757076 -6.670368805146592 -11.07964280710226 74.01884534049715 -20.201964825425723 0.4338752004037981 -1.4102160071381287 -25.164025550301922 -48.26839199485401 -44.86998285328696 -56.981031125917326 13.262818114383078 -53.04564389424177 50.87483154008427 -48.22293756109382 39.483603418770294 36.86343229985822 26.235851566861285 13.662869843274727 -16.704892129658838 -34.52866909227199 23.487688843699218
1001 14014 0 0 0 4.897498062894424 10.471553250916354 -4.137529615612948 -72.62011077622877 34.75696310601742 39.80459939963551 -30.69818734315604 10.966490599476934 -12.709468901337312 -6.838839385646901 -8.80530472581575 75.6296801528195 -21.611550267447466 0.9583483413706885 -1.6139919198990205 -25.221240129409512 -49.448683960657135 -45.20382733473319 -57.052887878223245 14.355216043981898 -53.01862138096264 50.49716707015503 -46.78226529187244 37.92911737114392 37.085516214130884 28.35252214612884 14.42395089004652 -17.018715847326412 -33.01244998105941 22.73750423014689
1101 15414 0 0 0 4.290586038403786 12.503800004050273 -2.1988961428044704 -81.38260422456125 35.602890869262204 46.43491304024599 -25.277822356254173 10.890537905631785 -16.923614703442254 -6.31603956404411 3.1538660017508104 76.27365214791162 -21.144130667292664 5.3060783315332865 -1.5458319946187447 -21.49439971221461 -47.31861823871273 -53.395155274613245 -60.3171512573993 17.525773911783492 -57.38616110670608 50.78943608779933 -39.15946524616963 38.44228971816482 44.274543663224094 27.650418745981472 20.75961099224773 -16.914576446870775 -30.559605099587017 28.698030656801066
1201 16814 0 0 0 4.221743027686962 14.900756379905543 -0.2162074686654617 -93.89545186907029 36.829198308100565 55.10875858585661 -17.34881840552943 11.443949797786221 -21.760398282892822 -6.167073401672094 19.674868765908723 77.31374158213426 -21.090771225144127 10.837876918433354 -1.5382003286658685 -15.129070902348039 -45.15064537175699 -64.96953386953165 -65.21243107677263 23.226369219865127 -63.92096375390127 51.66518876457592 -29.149789609306332 38.50268391880424 52.53405990279018 27.569569265329434 29.355954984828802 -16.902685844966662 -28.20350539158465 37.59077054514272
1301 18214 0 0 0 3.8683410098500897 17.272388710855527 -0.2804221738078105 -96.13411693981985 37.46374025463797 52.69945593693047 -14.765240405596224 9.005075517729933 -23.28460697684422 -1.7167938878643365 15.975428440571783 73.52184157806671 -20.81818667747053 9.030072673490029 -1.4984616126102315 -10.755187325761915 -43.61528170391738 -66.30877023978297 -66.6621092845298 23.714490720423623 -65.83801678963458 54.432554935038844 -30.0961742521789 38.80264803163256 50.587462914260776 27.160810263185333 29.26845655735474 -16.842615236582027 -34.134005932689604 39.46249711276425
1401 19614 0 0 0 5.427131088618328 17.730200036241428 -0.1686567060393102 -93.74832589965075 37.14443768573727 49.2792785578876 -9.638570622834527 7.703053514995531 -24.441653291131956 3.5426531036494247 7.877330689377434 68.53081141807934 -22.020065021947534 7.5080164661988915 -1.6743993474224184 -7.006604759567609 -43.48444038568092 -65.15409142563274 -67.21618436279333 23.724755518933087 -64.85222156687836 58.52038882346791 -30.360233596216098 37.48021446923715 44.95796257706362 28.963975436682084 27.795420240519032 -17.108951151038685 -41.428817767330806 38.2750122071641
1501 21014 0 0 0 4.962511489031585 12.714200417128355 1.1663916877788796 -91.38210334245302 37.307210078532584 52.11202935623623 -4.800416675223383 8.793179703910651 -20.692844535445275 1.3222930968948137 3.9692335438893753 67.39955562930236 -21.661843117032205 13.200121780221503 -1.6215858222073583 -7.187679183305788 -43.24044793619627 -61.71810704190992 -70.31204440321791 20.685004471954546 -65.98642549571107 63.179381746938255 -29.951647040288442 37.87442894769295 40.857390018513854 28.42636226611944 31.241045996290875 -17.029959583807422 -38.543640453253 41.14379075234546
1601 22414 0 0 0 4.861241266153694 4.173466866489506 7.874636674038009 -91.37134847185152 40.004540369073396 66.97450329227193 23.363748800338893 13.61700830578643 -18.72732243409496 -3.0725002031677255 -2.3519329267841766 61.095343277207135 -21.583360075124638 35.9200701628168 -1.6108931584641943 -2.530253730996059 -41.75311788224432 -62.18901666670108 -80.77983950233231 17.16888958551431 -67.278742041215 82.20969742328971 -17.322115148711408 37.96001475961236 32.712472546458606 28.309322086637895 48.38013013537894 -17.01232556619802 -33.72062962098973 52.29407550230847
1701 23814 0 0 0 5.217757899270495 -1.1624035422128407 6.279875426316872 -86.4510156189772 40.97626932401397 63.72366875261887 32.27990526622687 16.326231982808853 -16.022513281702665 -2.2027971694696182 -12.238177075530713 53.49159888808506 -21.858241934019045 39.92186505870738 -1.650591185506724 -2.483069561137807 -43.32971392187536 -57.59416302664627 -81.72623958915368 17.380164058159295 -64.50356925141139 88.7749500692886 -20.04569130896232 37.65710099435423 24.465127516226968 28.722403080499586 47.786343402046626 -17.072539165187653 -37.629951004846674 52.35769086449554
1801 25214 0 0 0 5.15268746408516 -1.8629011176109715 2.4849516257144644 -86.92015680214274 44.23994704674637 60.98157122262601 36.98670552006879 18.664399550682365 -11.611826011036257 -0.1040399521734276 -9.930288049897772 51.68702694657813 -21.808230674857427 39.61640613844295 -1.6434054102229878 -3.7468572894032266 -46.38813508396831 -51.252423543185316 -82.1005093417198 18.936286748899924 -65.62849292385356 88.5481359912264 -25.669188706709743 37.71321603309957 27.335226055515754 28.64614879629989 41.298612521409765 -17.06219614502704 -38.67365738966684 51.55301135657689
1901 26614 0 0 0 4.865120761705228 -1.0498565551905754 3.092368629950128 -81.84450599851253 44.88865141801636 60.39595588481923 43.85673571779875 18.91328222481807 -3.316747381226737 3.9285605965170483 -16.063778877745044 51.9195464096379 -21.586749560007004 43.03736383679832 -1.610889251211122 -3.1212176535536926 -47.09029604056979 -41.33193759232767 -83.23981935912909 12.109346998919177 -67.52639788929986 91.90696326213993 -33.08135630915487 37.9571101783961 27.244628071060664 28.314162748748572 37.944850547641394 -17.012643912567114 -38.10287108928219 47.77969920588764
2001 28014 0 0 0 5.119589333146719 -1.4583717067008195 5.374035766226102 -78.02062437078143 44.0959674291664 61.168639970924474 50.652359276060466 18.171719276742344 -0.07146452317406932 9.058426194684666 -17.597559429246115 52.510192127315534 -21.782933874487185 43.293603107281015 -1.6397454011484767 -3.238106528947955 -45.68370053645425 -30.231809990878908 -83.0323624850984 5.754017171430814 -69.65444832539544 94.54054019643392 -37.47282292830149 37.74088633318981 28.019150709257207 28.608380601136474 32.732074139227656 -17.056067295450855 -41.766885929281244 47.92684730688032
2101 29414 0 0 0 4.950209437791314 -1.699008716771687 8.10237026915612 -71.05933737330172 43.399477175079625 62.094245279078855 61.085049023359794 17.306167813853946 3.07674995289149 15.817002080922654 -14.54357204698248 53.492003077424265 -21.652265531145883 43.391102377838244 -1.6204840125810658 -2.7704342890995286 -45.90858334327326 -9.09192160958333 -80.61013959130611 -2.0082035997602263 -74.24199794487755 96.31076769642071 -44.41863666529891 37.884636507599545 28.098225594945365 28.412195930649432 20.879494109462566 -17.027017504033438 -42.944175630906834 50.38286076299561
2201 30814 0 0 0 5.048545179596799 -1.6198817451769865 11.339828691885442 -53.61904603925706 43.17064438470985 61.891460562884085 59.36953017145146 17.354253811151345 -9.056061296011304 12.586314783065745 -14.654926454013161 53.71335380877355 -21.72799361585571 44.00065311598848 -1.6318933860698692 -2.701261253939052 -46.11669979503844 11.975068342460144 -80.72910532400806 -9.96346973472354 -66.37611042187089 87.0590516394902 -37.61609802233439 37.80142842550004 28.01377140760271 28.526344488778197 9.048971210495697 -17.044587001390784 -34.19101956334375 49.72199169962471
2301 32214 0 0 0 5.088362442987359 -1.0177340911218307 11.626739004474636 -47.01194251670324 43.729120895247036 61.43223093915812 58.40637525781412 17.306576838014333 -10.316524618404497 13.058271037705333 -12.09489780726012 52.38955995357964 -21.75881237579583 39.16359376159068 -1.6364782080628206 -2.989413386654689 -46.25426276835748 22.479115216394394 -81.82649509904569 -11.947050840039944 -65.83520759796522 82.28586975760048 -36.3813677673897 37.767456686752844 27.476428737995082 28.572201293905145 3.6339929193246934 -17.051045920347942 -32.16770338704291 48.763397918552116
2401 33614 0 0 0 5.015280103071238 -0.7685049628015699 10.498648512154576 -47.254273871198116 43.48786232438335 61.564117591560105 57.625346067525044 17.143492613250526 -10.607321704420894 8.062656540226953 -11.079890470219993 52.04977353175103 -21.702502453795717 39.5789847151966 -1.6279255119636034 -3.009919993071513 -46.6314169758994 23.178949588565295 -81.67859146259953 -9.351232364874663 -67.1231501022387 78.13525311555792 -37.30529648755234 37.82941154589939 27.08211923834208 28.487747444894563 4.740988361707053 -17.038484689008516 -33.66473401607133 48.733402035809895
2501 35014 0 0 0 5.02609389665518 -0.9431176087753232 6.77861549996573 -49.11927919355322 43.86220377868591 61.34323036547444 56.140803868220935 17.3051105684486 -13.076735787587884 -7.790933641580741 -9.51585932450367 52.386285881892874 -21.71080012074272 41.03833392370077 -1.6292189829672705 -2.911812988595256 -46.31398479505771 24.715624660672184 -81.62662859574978 -1.4860278313437896 -69.7690095174492 65.51929861625008 -40.086234704208955 37.820345491705254 27.301025087311082 28.500286203649296 7.721391706698892 -17.040216936394774 -37.29427466313337 47.58799438562016
2601 36414 0 0 0 4.930305094075403 -1.0297924391363968 6.652713753022174 -51.011083874164456 43.680962276574455 61.52130631805091 56.45425059251661 17.39827132251801 -15.427860171387108 -17.892726038829927 -9.508233014115337 52.66919030563697 -21.63706972731947 41.582821707423086 -1.6185673906115219 -2.8952304789856997 -46.26969401302123 27.74007239142282 -81.76736859362137 2.166101210572906 -69.16312761655105 56.05544576054779 -41.67765275453194 37.90153862669636 27.362828060988637 28.389495301921848 10.080457600102179 -17.02400646700395 -39.171367737012794 45.57648058740769
2701 37814 0 0 0 4.98616685310603 -0.6333830244277564 20.002485446979406 -53.80302478452269 43.23587343983827 61.69195576318189 56.39403539698194 16.884055186738905 -13.843643493129889 -20.936624441598873 -10.013901312773605 52.03167730620793 -21.680110084429238 42.60303467692049 -1.624679067166914 -2.6968163885045966 -46.15760826849598 39.71333320501187 -81.85888613024919 -2.8328387774301103 -68.62807346416304 46.97939767749249 -41.92706120796442 37.85417514491594 27.143964353662852 28.45407149177816 14.422959187565636 -17.033444378320674 -39.58755165593763 46.624857466530976
2801 39214 0 0 0 5.059590469500065 -0.6987399336197139 22.647853843869775 -54.507083430598044 43.253634026105225 61.83789938981195 55.941173315868305 17.052637547320405 -13.51752140220394 -21.405380086143065 -10.46584096607732 52.08791306788337 -21.7367233641509 42.79327225598291 -1.6330760180090298 -2.7632432648135534 -46.28734566912207 41.13709720923718 -81.71025810539498 -3.5508753989972184 -68.72757644015307 45.34043313414372 -41.70289168932326 37.791885389423726 27.255321659534765 28.539030565658873 15.916935505050699 -17.046042203949803 -39.4443351200191 46.528328432229316
2901 40614 0 0 0 5.053686100975587 -0.7098681517731353 22.544456224783506 -54.52204961945521 43.25625661706092 61.830699105625214 55.92568075006969 17.054008390802586 -13.519842435217846 -21.372115788950275 -10.438291592289703 52.10157555944535 -21.732171580945632 42.75985224090287 -1.6324115369280081 -2.7705697023582836 -46.290726458940796 40.997157492792596 -81.70705618062816 -3.488250756011216 -68.76488781775667 45.432245092437014 -41.69839522846567 37.79689374485484 27.25819795514071 28.532207042374743 15.90568607362623 -17.04503747644915 -39.44654855918737 46.52280111732378
3001 42014 0 0 0 5.053491796233451 -0.709822262982 22.547055322478975 -54.52228901765759 43.256261502868234 61.83091244441167 55.92617939763066 17.053666479519094 -13.519803960100381 -21.370502113117826 -10.438463953736141 52.10116825246173 -21.732021662661296 42.761109961910655 -1.6323889512235676 -2.770288949093418 -46.29052510445882 40.999501951362426 -81.70630524899889 -3.4905469311947863 -68.76515431685428 45.43203787816892 -41.698497613234224 37.79705723671675 27.258128305278333 28.531982780656136 15.904931098410614 -17.0450035961558 -39.44652994617084 46.52422756320304
3101 43414 0 0 0 5.053494101623464 -0.7098150170854225 22.547064910694974 -54.52229278417897 43.25626463487327 61.83091830348106 55.926209682949334 17.053658611955182 -13.519787539176768 -21.37046541325083 -10.438446694101389 52.10117656863509 -21.732023450608082 42.76110220146243 -1.6323892247046035 -2.770285035569629 -46.290528264473 40.99950913924309 -81.70631821786951 -3.490554703297156 -68.76517339489178 45.4320662771644 -41.698499625757336 37.79705528583037 27.25812954241389 28.531985448310337 15.904925651066307 -17.045004003489677 -39.446522240150266 46.524233182789665
3201 44814 0 0 0 5.053494081043697 -0.7098148947292046 22.54706475572666 -54.52229296726314 43.25626473975408 61.83091826291497 55.92621032147276 17.053658701062243 -13.519787269221059 -21.370465276124442 -10.438446925793567 52.10117655323045 -21.73202343463955 42.76110230754918 -1.6323892224366068 -2.770285126049317 -46.290528180957374 40.99950893415192 -81.70631807387228 -3.490554679136845 -68.76517331865496 45.43206667374515 -41.69849981736394 37.79705530338068 27.258129456005754 28.5319854243832 15.904925624093746 -17.045003999956 -39.44652258191052 46.524232836504716
3301 46214 0 0 0 5.053494080748185 -0.7098148955924527 22.547064754931217 -54.522292967586864 43.25626473989051 61.83091826404778 55.92621032281513 17.053658701957495 -13.51978726967271 -21.37046527783207 -10.438446925088696 52.10117655256769 -21.73202343441062 42.76110230793619 -1.6323892224017895 -2.770285124900034 -46.29052818090009 40.99950893371524 -81.70631807493534 -3.4905546785715327 -68.76517331990208 45.432066672281024 -41.698499817247566 37.79705530363046 27.258129456589685 28.531985424040812 15.904925624711465 -17.045003999903805 -39.44652258222394 46.52423283709375
3302 46228 0 0 0 5.053494080747275 -0.7098148955918591 22.547064754921003 -54.522292967593124 43.25626473989135 61.83091826404955 55.926210322819664 17.053658701956238 -13.519787269673156 -21.37046527784379 -10.438446925086561 52.10117655256795 -21.732023434409914 42.76110230793694 -1.6323892224016834 -2.7702851249004175 -46.290528180898285 40.999508933706394 -81.70631807493359 -3.4905546785633277 -68.76517331990127 45.43206667227565 -41.69849981724781 37.79705530363122 27.258129456589028 28.531985424039753 15.904925624715284 -17.045003999903646 -39.446522582231026 46.52423283708968
