% # columns="iter, evals, sigma, 0, fitness, xbest" seed=36, Mon Jul  6 15:07:52 2020, <python>{}</python>
1 10 51.693272133674824 0 8056242956.550965 47.179813294098714 58.06274894382094 19.192533926296594 -15.230281396127813 47.39594546951887 61.338738223147246 -36.5313229991001 -8.618413819846369 -34.69150805603719 -31.248703438291543
2 20 51.17935611162362 0 5721203472.457082 0.0 7.105427357601002e-15 0.0 0.0 0.0 1.7763568394002505e-15 0.0 0.0 0.0 0.0
3 30 53.84058743857769 0 715122167.7457808 53.20623656310042 37.8360184179559 -86.47621565549444 55.82724521446416 -29.791186210068652 30.583350426340772 -37.02712993949885 11.097988287276241 -10.51193720097179 8.312470084299182
101 1010 0.038803464866787624 0 34979.750217871166 28.54818446564927 29.963538881361046 -36.97449075751521 -15.851206270842741 -68.1268698660239 62.65932973064726 -10.337664028509284 52.52329609689032 -66.66782310445446 -28.658189611051625
201 2010 2.0070259346039068 0 17402.444692143024 14.861521253244916 58.494559905942054 -84.55726059898241 32.280397780166226 -80.01305724043068 24.723068388789592 -3.917961280063945 22.78991007648346 -4.396913007090571 31.62516025282425
301 3010 1.0585932522252046 0 2753.36370956298 45.37147415463821 74.44345378314387 -92.7706773659126 55.92725097174297 -52.68742785515975 -0.5168903776473203 -16.73626985091443 3.046984777504561 36.93356464343278 71.72539498204918
401 4010 0.19680084911517978 0 1434.2559417345556 65.32059199627547 74.94967548856701 -90.39488765174946 58.49706432825775 -34.402791977006906 -3.2379490304454017 -24.323249059339997 0.9203681447271441 41.40234693494966 76.03236004241566
501 5010 1.053655210951351e-05 0 1431.2360597369052 65.25884460908216 74.88145909480147 -90.37371627107945 58.462118212150024 -34.471516827831955 -2.96211758512605 -24.323135926066218 1.1352983681044324 40.9493408573287 75.5936504946388
563 5630 2.655005657314753e-08 0 1431.2360597334296 65.25883287592754 74.88145077418548 -90.37371512923649 58.462110076923494 -34.471527389435 -2.9621184078811087 -24.323131154080578 1.1352977091569658 40.949342251085405 75.59365184453733
