% # columns="iter, evals, sigma, 0, fitness, xbest" seed=44, Mon Jul  6 00:52:03 2020, <python>{}</python>
1 14 46.50835125324238 0 1303.9655375202124 -77.78619037853083 60.93203916658104 -96.96295696836754 11.050947034822387 -2.7586008495639094 14.059342049563197 29.932583373890466 51.35931727952203 0.3471031958872559 -87.66680147585744 77.462809860764 -32.26943254668102 43.96778742220812 -15.919438404403904 36.36874392958728 -3.2791658170754294 -22.55321613158412 42.67772459987928 -83.31208344628702 -19.374788820677463 -1.0537843206722 15.811659633609002 -31.491932381865716 -98.18072153201868 13.834789351075793 -61.82476130951986 28.667974149784868 15.925002545999748 -3.9361680821156533 73.86322839560519
2 28 43.60427791606544 0 1147.8348803116721 -0.4926709802018756 19.178999807595794 -42.61922753900065 20.428839939382215 45.24930763116203 99.8042565826704 61.757274520781294 3.660103213458015 39.99370709428027 -31.59264970916914 44.67367463249257 -59.31690516023453 14.531299949039806 -64.94940217780521 -26.49695753065814 35.27426718119639 -1.3473753453950117 -24.652565507338085 4.439896555566104 -59.18229937819744 43.16322962237649 -75.51836616017813 -34.31406717749943 -15.192542466498576 35.0017746755737 -99.2946620718393 32.13667093671552 57.615642115481485 -17.77523809308708 21.860071828441964
3 42 41.02241334928506 0 1051.4201703087256 -50.40912597803726 47.07303025874427 -16.45494251219307 35.787555534934185 64.71913787131264 34.49731589999094 -14.754276601329046 9.15474540068292 29.191525239663548 -55.20029204586592 -20.383968632336977 23.55726203613466 -57.68868116663531 -9.013188128686423 -24.537445679325177 -22.35884751830775 18.587710960430822 -25.321393515441198 -16.463079227228 12.873945097042919 25.19898371393768 5.4141419031784395 12.02668116633331 -18.39238042129158 -33.23704849331202 -28.830059408576947 86.13154062607902 11.874290443073237 -16.294777748291757 -26.27401670878171
101 1414 11.050859305476727 0 740.2102743882024 -48.28736120012585 24.830334311477785 -22.734794572657368 -83.55536917842893 0.4771243043369964 77.67627431246356 -98.37307862675848 32.82996308846367 66.17385141224659 6.948484973846405 -12.515701001243048 83.85654679049603 7.911004434100697 -40.60110876951132 -78.01088477585063 -23.615685909900236 -22.197395780751492 -33.03307005799489 46.43695608802176 -28.978523569810587 25.78246022569897 51.82862471144628 -36.338617312773025 43.289886139156565 17.565539292130868 -75.32005336604358 28.526058045121374 17.064960654481602 -61.632998587663934 84.76399968501606
201 2814 3.5283150663460185 0 731.5902359175959 -34.12840478000956 39.829003992447426 -35.15157230129066 -50.91020693511555 12.595808219405058 40.6182421085349 -69.89827338476957 32.85625625807745 73.15141508762713 -22.308907696828925 10.944998778082557 56.25204994798247 -20.521204747096796 -15.982633842142185 -71.46369584391277 -62.687239656022456 -48.09260091957011 -21.398001499559268 56.60058333776413 11.239510974080142 46.87882351615664 19.686468759195407 -21.710171433406522 8.895572355483534 32.13437002402083 -59.61372081058241 55.98209626716982 -44.27435625813494 -65.96528100829966 53.99813291670593
301 4214 0.1383529155607186 0 529.2908135665209 -38.28440659863236 37.402021154036895 -35.38579288532831 -52.50033078592375 23.525451995324147 40.81697170637079 -68.62618991448372 35.22516146915876 70.61670959335271 -20.083008897332064 13.691267274370814 56.53589845793482 -15.608589191780716 -17.174760124064527 -73.64967697498409 -65.78629938908358 -52.79653206362535 -18.294310357387584 62.25823562762048 5.3080049824127435 45.22940825437831 19.17381942543841 -14.480990170933929 8.912867462592232 27.960685683966886 -57.54170887890754 59.59538279521567 -43.34039556552086 -70.11366531803301 41.64911257945284
401 5614 0.003852136148447269 0 528.853970506836 -38.367680295440834 37.454662741597275 -35.3717328408907 -52.28362127842843 23.5784737958663 40.615186969099256 -68.48154220996832 35.29599349485002 70.64041863627628 -20.107551798353256 14.042871299802396 56.587885541778775 -15.801058859968641 -17.190843917157327 -73.59661263300112 -65.86112510368443 -52.95279011554168 -18.50272739409331 62.16418777919256 5.263893391327256 45.062038320103824 19.159769143988797 -14.345205119837317 9.043330174204488 28.06688665360506 -57.74548180813887 59.62686118556573 -43.154489789935 -70.173335013268 41.56395968062249
501 7014 7.459707877093702e-05 0 528.8537925857116 -38.364019083756865 37.45200551135944 -35.37037019186187 -52.28148095253627 23.58247471937773 40.60986585269856 -68.48150716684285 35.2947265763778 70.64456768879488 -20.104783123250286 14.039258052937896 56.588584694203945 -15.804787594993133 -17.19061046563999 -73.59972403195118 -65.86265670049005 -52.95432833109845 -18.50056003272074 62.16680592593693 5.262417832503303 45.06008137085368 19.158972778459315 -14.349309103345602 9.040583810158775 28.064882193274954 -57.74256861889934 59.626895879399456 -43.14880920740268 -70.16978891358269 41.56191611801149
601 8414 1.3616132431184867e-06 0 528.8537925044511 -38.36399615385308 37.45199849390717 -35.370374980325174 -52.28157087229761 23.582523845178883 40.60982238843687 -68.48141864544067 35.29476036575875 70.64456405287999 -20.104818577090214 14.039328424489513 56.58855659173494 -15.804807166128393 -17.190487943217146 -73.59971861525801 -65.86266720324497 -52.9542963995773 -18.50051915759702 62.16687961758195 5.262368224974744 45.05998720646235 19.15911154335069 -14.349307386320161 9.040596065762745 28.064913697314218 -57.74266366287492 59.626890757342835 -43.1488720781926 -70.16986247552069 41.561816537724766
681 9534 1.0514570167337554e-07 0 528.8537925044292 -38.36399701933478 37.451997471656306 -35.37037486696302 -52.281571223402324 23.582524255313047 40.60982371594713 -68.48141903529094 35.29475956473905 70.64456413214018 -20.104818143930373 14.03933087237024 56.58855610101668 -15.804807255856254 -17.190489930754097 -73.59971909643158 -65.86266461779937 -52.95429707267558 -18.500517711015952 62.16687976307499 5.262367342913208 45.059986945917075 19.15911020508358 -14.349307347775985 9.04059633321094 28.064913847335 -57.742662635730824 59.62689139022055 -43.148873500574226 -70.1698618239597 41.56181404331063
