% # columns="iter, evals, sigma, 0, fitness, xbest" seed=37, Mon Jul  6 15:09:02 2020, <python>{}</python>
1 14 46.698897448851575 0 1353136.3253691683 -74.50562441565019 -39.79720370925495 81.27224743609493 -38.49550277629185 -2.004202465471408 23.32613643604051 -12.817331607483439 11.203765881232957 -5.744085471940783 -42.95627307028088 -77.57535662495101 -45.52131259749617 -16.730762910963428 90.9258296279767 29.630455209360818 56.084495012011914 31.457181635207533 -23.570737433836985 -54.343670563707924 -5.098907072753157 -4.256321798469414 29.970836873524075 34.76380479740812 4.938313419309274 -95.44694417220902 15.354337316223338 -57.7518514206962 -95.25924649942357 37.228693400291064 70.10694427654138
2 28 44.88182584041338 0 297561031.0388321 -3.36072070165579 -40.578329589206746 36.10843334082235 -62.156934280043046 -73.73059968670904 0.5544791826107733 -1.0589879388965313 -63.082092855437956 -51.81040212449754 -62.99076934777846 -25.531367795987926 -12.856967725054002 -19.56282986531748 0.766427513454083 66.87414778806915 18.387686290265393 23.773604375462607 -6.241803393323706 -16.334891298941987 77.31982466268009 0.19758716596921744 -4.857078252861278 -20.343884955299217 58.33476387470126 -28.264786711363122 -69.84057739892673 -0.34496680974356586 -43.566687721660976 47.130156224486356 76.98927720381865
3 42 43.842782088867025 0 4897701569.68582 63.446943991552374 14.184157126081605 83.46891388638068 -28.1994322864403 -61.822058328536706 20.165128597495052 -38.292560160412904 -17.42316642862996 4.348217948527399 -92.96333180918515 -87.21495153851717 35.02909814433913 52.21873653409486 -5.618837433666151 97.48066236112979 -57.99971014718597 8.263752026976256 25.588180699172803 4.183156973192624 96.87715772365269 28.488594838164985 -46.99038182513326 -22.156632865644596 1.8393107707903624 31.861120071287694 -13.50406200752864 -39.585714609697824 -81.99559098808851 99.99948033792934 42.344085150091665
101 1414 24.70767136079882 0 15532601.52837379 -85.36206014015279 31.546971014292765 39.71717736693387 57.10947601085158 92.10213286674198 8.195209524967257 -12.537025722147543 -43.00153507824677 -81.94351316149269 -93.44305764097805 -10.712159729595072 11.952494468377267 -97.63600759479267 1.467839933945271 -82.6456583159732 -0.5088881734101847 -16.16408587180673 -99.99950782271566 98.63626739162297 90.26932415418888 98.81222519789495 3.050108385704968 -97.82024183342517 -14.781896580794939 -42.492037341854854 99.29933258452026 77.84289263665741 -97.68726657677348 -70.79975336305779 -56.22488452270421
201 2814 16.11002896533319 0 458295.1201544616 -79.0109571141221 51.88188830101113 -26.984785426873515 -71.11599858196388 90.40941901861362 10.720034726698742 69.87136723109568 -91.3039589848006 -7.129537678988015 -73.33449964071144 98.25827801400396 20.41624289227704 89.12689989352234 66.31950410001028 -65.92376011143077 69.5824525565323 81.9736871641555 -5.117210685281378 89.47584425939905 78.05274626694774 -4.721072728347593 28.79917401810558 -77.03544961630703 -49.02264014131456 32.5878870595749 99.93628456556445 -85.77333439153523 -8.799974448803827 68.13140959438076 29.008114960616467
301 4214 13.219560813638415 0 1987112.51910402 -37.13373091222164 -7.915223339951208 12.534643947298093 -74.29623693420828 27.14842071762706 1.8381772660852391 61.08245450566732 -86.37225543596495 -39.16074393497118 -21.345632062912955 15.864102429108016 93.55366228717548 27.75368425713532 90.3692748840705 -74.90215412036119 3.9159370363441326 -59.91754454331628 -58.28585547121119 61.779376476100964 -20.44012610538403 -59.72016412892518 21.918193792141597 -45.385495308257475 15.355546546889942 58.023471290051816 10.374560044129481 -59.73687756310932 30.158733265296632 71.82897705822802 61.610227921215895
401 5614 7.863216196118362 0 471872.92703597015 -38.55109681843987 3.2660740326063564 6.00094252873771 -89.6164576709302 49.19868701785384 16.89374070763543 61.00502618818482 -68.35746996623777 -16.70751472973876 -57.3960308817544 46.672921397485 89.9644522734477 8.719847653734575 27.76726773399571 -74.56954576474988 16.206767220121833 -29.916809157781845 -72.03860981411091 99.48025519115578 -2.7950661541909563 -96.6753508106026 10.452531495602695 -53.49011240897528 -18.918551811923532 52.57845612205567 -17.20091031480115 -59.67301486049587 48.71941753162301 94.81038606274365 44.83596071303798
501 7014 7.491419063682525 0 305709.31591873296 -46.88281194114262 64.26042943006661 14.380144211354377 -90.26420744530546 15.082239740923399 33.054261858853806 51.19727070847375 -55.90932478181497 -66.59139020179711 -98.43093850554504 9.883520848541991 65.82465116675306 72.5863930387095 34.26473350068778 -53.85820796515887 14.069263241858778 -48.96869066620414 -44.916649968745304 64.14784542335536 43.91425082548519 -44.792406607444065 5.955270886315934 -95.75649409535256 -83.0314165257598 24.921904401525982 39.87696805964546 -57.13030120171862 74.00132063927549 67.00567354281338 73.73015191890525
601 8414 8.623049601547775 0 215139.8208883432 -80.4037756615916 17.14461764404209 37.65921405935924 -75.66897536531096 -7.534129915659548 44.489624364853 2.1400362030616975 -75.68150907588921 -37.8153133179832 -70.61395041336075 53.09000977631982 54.32389683167148 37.99859755295495 78.42709263449447 -22.60763672473516 -16.54052595506795 -23.0432789060702 4.640668204848026 89.92496276623903 24.1032258567186 -49.61457200765042 -27.622104409983166 -77.06642473226941 -37.2939097825998 56.331138935868665 66.37377980061359 -36.45648304420911 63.914771461469726 82.29914114087848 59.81527748344127
701 9814 7.311936622813777 0 115585.23588341614 -55.43296477428436 48.527734947913615 41.08169911450099 -36.654108235757775 -48.364739114268076 29.056553050064025 -46.37584781953987 -64.37818429365582 -66.76692988081632 24.200159393525155 32.239666690139615 38.31270886581087 -22.155509822185138 74.6306964854279 26.522801023411063 55.331804262169044 1.9207538158362523 47.648729761256135 56.162881001286436 -21.778496195067262 -58.85844369611661 -25.271380659268083 -86.13763487352605 -29.188314974092243 6.408847146326826 -21.599512283296207 -79.72396706961752 52.48908015156322 82.18351666210629 36.7309798814841
801 11214 11.989251315540804 0 44569.7594412402 -53.76024940069385 44.09449551322592 41.54820050107432 -31.978395964258056 -31.048162679154586 36.22301522619372 -12.628683961499178 -30.67953810158595 -63.354208311942614 -36.927184327258175 70.75565176811395 27.633227016307835 -22.410164114835425 95.17648216672426 73.99869449406694 19.225215061106383 28.723959007207625 54.517155058692964 51.84305352582863 -99.66398510208062 -11.210735199750644 -2.3972987516639965 -56.13604437885871 12.415460486386603 -4.303981558378894 -2.2155735172853213 -86.83055728256886 -15.907808885701161 69.85208642027976 -43.609861788034394
901 12614 5.271270249541762 0 4237.419633964604 -70.24948924267957 -9.285881365840424 38.23958104142602 1.0764999414039664 -49.95324859139177 7.0745828364236445 -6.903852761862282 -1.1471880668101928 -66.39212722240447 -57.66393890181831 -2.607808455739189 10.02640525557296 2.6750353091592842 49.39825557227613 79.9238591921737 37.93607969698121 43.483807037392246 67.71554983363265 18.45906924624093 -71.62419726256236 -16.51736475381162 34.566609942852885 13.782441005994684 15.590022726483621 -31.469471576560377 -27.507325300849885 -59.247146821895 -56.49868126433311 49.18799993459754 -65.57180721605354
1001 14014 1.409543858939285 0 365.93226070209516 -55.62682221996036 4.002364646590992 36.80746297474931 7.486048609340713 -46.69458395690518 7.989671545550777 6.787639360987555 -3.7788609513374127 -61.748757337191165 -48.024029615152216 -24.095120321342733 12.909702867656112 -11.572755967879004 46.33121951284693 62.01922194973341 33.06547459594526 33.671459994942346 77.67521537952754 22.039017676878657 -74.94722867119096 -7.755226757676297 31.240458345775572 36.05886125207567 12.795354631731241 -37.00352953959151 -34.241949471284244 -60.28190095116179 -54.93911075899774 63.17223947020392 -64.61749735393917
1101 15414 0.1069622836252847 0 300.46851231807364 -55.95632325225722 4.381801946348433 35.37295883084255 8.2521767554816 -47.44793008027003 7.296209132459438 6.3899189879156495 -2.520314201685729 -61.01991690855394 -47.20803893162366 -21.096136535553057 12.62412299393708 -13.15259825276405 46.13066071453051 61.19090253158001 34.761919857174576 32.65823297108406 77.79497904314226 22.160628606815727 -74.17946703404954 -6.168760548764254 33.19982224695161 36.4738416722621 11.52078470143375 -37.005715413123475 -33.02835483121308 -60.16039492164356 -53.89955718224776 63.78688519290756 -66.1668310721185
1201 16814 0.006477017555682561 0 300.0008389361803 -55.93545244050574 4.544026806060257 35.30500796313956 8.278704317300793 -47.432988777925715 7.2988011874027166 6.382649133730183 -2.499837115089895 -61.04905024354022 -47.13411778861726 -21.06772277709493 12.477840311015687 -13.236453301239294 46.110014035803204 61.015591648102685 34.82151173431396 32.645120462930706 77.82340082327934 22.19631296815026 -74.07649151411151 -6.18429458474273 33.089586826630125 36.783493080005655 11.42274587554198 -37.03495962690789 -32.99306644757283 -60.28628030018166 -53.8867206992554 63.53947670946991 -66.10590921533542
1301 18214 0.00019509480334672577 0 300.0000006800697 -55.938351952906686 4.542922567301585 35.30011308640354 8.279806660747198 -47.4369878277665 7.302210313600142 6.387640927546897 -2.497819854171715 -61.05364485517828 -47.134207468092995 -21.076289980710726 12.479859326508965 -13.239375564310592 46.10818698702258 61.01472227409161 34.82536203631565 32.64816052976305 77.81652236350627 22.195740245164835 -74.08362265139986 -6.176120182073191 33.08347635295036 36.78527623126507 11.412099514924058 -37.03419587037072 -32.99001988678859 -60.2828780629855 -53.88807454007505 63.54093603333956 -66.10812991431683
1401 19614 6.018332908162699e-06 0 300.00000000051443 -55.9383339198325 4.543065908154689 35.30007379258751 8.2794401357705 -47.43694433739793 7.302099180358084 6.387662277947726 -2.497829312825287 -61.053556926484845 -47.13399711279274 -21.07619251760019 12.47972291439598 -13.239363972879175 46.1082339904811 61.01474755469761 34.82553272453231 32.64817014570874 77.81651649880436 22.19586390089964 -74.08378554123246 -6.1764091859567145 33.083646032498415 36.78535056853556 11.412082457080137 -37.03415146602634 -32.98984558648638 -60.28284381418166 -53.88805072788381 63.541013871976475 -66.10819494082438
1501 21014 1.3629223423292261e-07 0 300.0000000000002 -55.938326622025585 4.543065296189137 35.30007020158877 8.279440843182414 -47.43694287256997 7.302099518919448 6.38766594208883 -2.4978314681077505 -61.053557103146034 -47.13399634696458 -21.07618963953942 12.479726330143079 -13.23935815581541 46.10822953728746 61.01474522516142 34.82552791347456 32.64817137776272 77.81651660806986 22.19586581733428 -74.0837850764607 -6.176409603405688 33.083642925277196 36.78535204396786 11.412088144251415 -37.03415187349913 -32.989842513909736 -60.282851645857306 -53.8880500884216 63.54101832478074 -66.10819436029081
1525 21350 7.149127707549844e-08 0 300.00000000000006 -55.93832669686981 4.543065336712173 35.30007013275275 8.27944094237884 -47.436942791293944 7.302099545114146 6.387665964837254 -2.497831536394489 -61.053557134215396 -47.13399628854768 -21.076189772391928 12.479726366699197 -13.239358095332705 46.10822959917152 61.014745331238856 34.82552797690664 32.64817137071279 77.81651671972887 22.19586576105313 -74.08378510285539 -6.176409646976083 33.08364283062621 36.785351989281224 11.412088194470838 -37.034151835142794 -32.98984254933072 -60.28285166870165 -53.888050087599034 63.541018241704876 -66.10819443250026
