% # columns="iter, evals, sigma, 0, fitness, xbest" seed=46, Mon Jul  6 00:51:03 2020, <python>{}</python>
1 14 46.31082550690848 0 121519331845.27016 -11.755624223466311 1.3150485922005148 46.481032679213065 -11.432157002367552 -17.58893644341132 -11.743879379322209 63.34312415021005 -22.93815800129453 37.21733043677966 40.32114010878782 -7.486099361815625 -12.765730170719133 -63.4020082999648 48.23032389316257 57.67774716990361 28.868957134275647 39.021413934924404 71.1719845226915 21.95304998464501 62.67477125628269 50.475181630890155 -28.208476504794838 -2.5748240492779413 -15.434720158296821 -8.931875347935492 -73.30378345476952 -19.627647341252004 15.779523312899308 97.63122012480157 -7.545036297705769
2 28 43.848302003364154 0 70008760293.01996 41.795078098192846 -17.143286946503665 51.23699637963485 -79.1906189564628 13.203387113328109 -1.522189289337538 22.91223152710026 32.713818353457434 15.796019646423444 -0.8104551549506986 24.390184236235566 46.83752397626638 -33.74767928415797 81.96721097125945 -26.76411015002873 -34.134271061948 -30.82563305556159 2.9901309566191046 -35.36593852978661 41.24957939516868 6.106550520304022 18.626454756887917 -87.6864594503954 -35.650967937888645 8.854790062366817 -25.487308142475776 -15.487709889160124 19.31157087961544 36.47825587196687 10.587796188214318
3 42 42.21733319894979 0 85349718886.72922 -90.9331871631551 -66.68178905895724 -24.099245619878012 -98.80429728368794 -31.073569137697177 13.525844599243365 37.75997779881974 31.553094317176168 87.69945447572888 57.19794890190175 -13.309174838405227 57.97043358993869 -47.261707338067836 61.887794599717154 26.272750973277283 -35.82569862215986 54.05050685501319 -86.50723940504784 21.809592480251183 38.213960298580496 64.36332506986963 -2.2274864524086615 -4.703571551439666 -23.31888360474995 3.2102008975369394 24.648056479032896 -37.385049907155874 5.713193414490409 18.864332958720432 48.715203417813875
101 1414 2.1376912759488196 0 171427316.47516915 -41.90487637864704 -69.96532799093586 -25.565321478465687 -58.58952531090043 23.115404305413705 60.762801855606824 29.799458743798887 23.160446410482553 75.5689200407015 -3.014886819281685 39.26471719501371 69.0835373174984 -28.587268187752095 23.333012655723646 -60.92614746023543 -36.104874677004126 26.020085690481718 61.487115267014865 -37.74751455334223 5.52010402690389 17.36880501803515 -2.179370290233367 -46.84938085817379 -32.15696550617281 32.281000072906686 -2.4093035200429336 -63.24835504535292 -36.394494418768524 -10.688353947180337 -22.0425450559129
201 2814 0.051638332467824545 0 103689.0873164144 -40.77946987456059 -70.45725446280724 -29.603246070055143 -58.32158542960482 22.14261251911157 59.95315640902511 30.58888757513632 18.56631668765136 76.6513750146365 3.022399982009034 38.72085727179688 65.62098940053008 -28.60924468370662 26.25515264727962 -60.33206718498283 -40.16258577548711 23.554838718602138 64.15605204211758 -40.12901683198476 5.2269922152029125 17.66156721579296 -3.881604386477441 -48.02042243884824 -30.29067995575141 31.402939208920372 -1.4662960357649852 -61.54601275355014 -40.96467971022327 -9.834240661880829 -20.369422537127623
301 4214 0.0013940190722944164 0 1635.909463941171 -40.826442561347925 -70.43166131366397 -29.610474126622506 -58.32737490463136 22.08989873873528 59.939957631028385 30.56796058941959 18.560067888756144 76.68064790359426 2.9609165655302263 38.71869844827194 65.59096513638372 -28.67258267039828 26.301325257731516 -60.33445888889574 -40.19330228723138 23.469900949135305 64.29406577826822 -40.07105809145528 5.151870237353571 17.60992664516779 -3.9439090354054858 -48.04803377216669 -30.300157881595013 31.4926086453285 -1.4715122249515644 -61.52092939937127 -40.974682670548106 -9.928263395527589 -20.328657899410764
401 5614 3.842171620035934e-05 0 1572.0159470587007 -40.82607811393074 -70.4296079106396 -29.610154531227145 -58.32673240125624 22.089605082659165 59.938703668311796 30.569334447728554 18.55871568746787 76.68044853186083 2.958393244225846 38.7172973240091 65.59000478226066 -28.672160845549527 26.300061802094113 -60.332644088037796 -40.19139885755081 23.470220658245562 64.29461706995237 -40.0686863907339 5.151283229488386 17.61147518756743 -3.9440749155380033 -48.048443915456374 -30.299796703406443 31.49154776405282 -1.469724794757788 -61.51967963394028 -40.973972345000156 -9.930385021556354 -20.331694289609484
501 7014 0.00014651251971810922 0 1570.9137664693599 -40.83303877433483 -70.42944516405053 -29.6103277232426 -58.32675793215632 22.089559319493812 59.93877829351578 30.569270082398198 18.558813012721156 76.68040618098266 2.941570261090675 38.716247533923806 65.59001298805995 -28.67233117751755 26.30016568767933 -60.33020113186967 -40.191299283652604 23.470079426726308 64.29468833844342 -40.06873770145316 5.15113061728676 17.61137377674548 -3.9441440293382226 -48.0484588996936 -30.299897025990866 31.491585779129046 -1.46983061779467 -61.51966345211701 -40.97390249555139 -9.9302745281745 -20.33177867206408
601 8414 0.00203379550992688 0 1455.0963379440504 -41.7165854461902 -70.42848159124799 -29.609978154520757 -58.32774740613049 22.092133592946738 59.936632953676025 30.568942183604573 18.556984601495145 76.67919702618497 0.7926931856691226 38.587989882024615 65.58923972761379 -28.674516696445167 26.29834530146569 -60.023138800027596 -40.1902388978778 23.46990611631524 64.29497561468575 -40.06737228508667 5.151888367072335 17.61341037562777 -3.945322856588943 -48.04831902349807 -30.299376786722153 31.491316683146643 -1.4697982249666126 -61.521295394598205 -40.97458025160544 -9.931586109725703 -20.329466828110224
701 9814 0.001728007423292886 0 126.7469115071416 -54.87858032655779 -70.42928462851363 -29.61040750180359 -58.32669615463162 22.089941000102698 59.93865700494922 30.570120255576402 18.556777690012407 76.68047219856959 -31.1956145557445 36.70265504455752 65.58952586575535 -28.67308765015103 26.299938918809396 -55.450582629522216 -40.19218750233083 23.47023211504919 64.29552992927256 -40.0687434123526 5.1519696101495045 17.613101410838038 -3.944318990396782 -48.049389110088384 -30.300187955447242 31.492097392434466 -1.4720434123493313 -61.51986291470093 -40.973912168229035 -9.929541135696788 -20.3295112546703
801 11214 3.832504554167563e-05 0 100.00982274720893 -55.277126614428255 -70.4295756833431 -29.610193037152477 -58.32675742410437 22.089613271640072 59.93877070828162 30.569327991540828 18.558738093024502 76.68041158634048 -32.167052961951896 36.64564743857886 65.58999286056377 -28.67222286836433 26.300050432786716 -55.3124384368943 -40.19138533341161 23.470262598932287 64.29461634036292 -40.06874179424788 5.151275998342261 17.611458875589513 -3.944097153442955 -48.048449671692 -30.299797041246237 31.49152899375877 -1.4697070998760868 -61.51968085154714 -40.97400531892347 -9.930403521441873 -20.331664042581316
901 12614 7.177374104590524e-07 0 100.0000035354771 -55.27633894144865 -70.42955968707487 -29.61018137022095 -58.32676336808467 22.089601899033532 59.93875023552081 30.56931949504024 18.558736866204665 76.68042082426413 -32.1652233996501 36.64578621522657 65.59001204395695 -28.67220213516892 26.300034615881188 -55.31269977611856 -40.19138041203474 23.47023781941792 64.29463561050787 -40.06871194299707 5.151283061755935 17.611474462200814 -3.9440739404628706 -48.04845002001392 -30.299785805449954 31.491552826618726 -1.469715970288455 -61.519663126796544 -40.97399457981113 -9.9304063524438 -20.331661536219155
1001 14014 1.9426598140804057e-08 0 100.00000000171283 -55.27640036505285 -70.42955971192471 -29.61018187161853 -58.32676327768585 22.089601882022205 59.9387498772987 30.569319847784502 18.558736270059203 76.6804209377926 -32.16537340867163 36.64577767249313 65.59001177694051 -28.672202071102763 26.30003493208267 -55.312678073096066 -40.19138036128733 23.470238275958476 64.29463505557642 -40.06871236802498 5.1512828914885995 17.61147474452332 -3.944073799995962 -48.04845004637454 -30.29978630828274 31.49155295017076 -1.4697161727086807 -61.51966287240266 -40.97399478572192 -9.930405885933952 -20.33166136424228
1101 15414 3.6666387179726797e-10 0 100.0000000000008 -55.276398445751624 -70.42955971811033 -29.61018187427488 -58.32676327696731 22.089601877284128 59.938749884840185 30.569319851153395 18.558736265823992 76.68042093343811 -32.165368720274785 36.645777957882345 65.59001176878955 -28.672202056750855 26.300034944894165 -55.312678745947665 -40.19138036314433 23.470238271704996 64.29463505015251 -40.06871236491493 5.151282886613308 17.611474738431287 -3.9440738056619837 -48.04845003765493 -30.29978630602146 31.491552941159075 -1.4697161699210652 -61.51966287823721 -40.97399478838975 -9.93040588223218 -20.3316613752654
1143 16002 7.427940350577776e-11 0 100.00000000000003 -55.276398485894575 -70.42955971807196 -29.610181874424736 -58.32676327709524 22.08960187718932 59.93874988514115 30.569319851076312 18.55873626586958 76.68042093360808 -32.16536881751293 36.64577795214796 65.59001176878928 -28.672202056590788 26.300034945026027 -55.3126787322461 -40.191380362977235 23.47023827181438 64.29463505012416 -40.06871236490914 5.1512828866029015 17.611474738298995 -3.944073805590667 -48.04845003783319 -30.299786306117607 31.491552941257506 -1.4697161696432484 -61.519662878232616 -40.97399478821458 -9.93040588222343 -20.331661375387398
