% # columns="iter, evals, sigma, 0, fitness, xbest" seed=47, Mon Jul  6 01:11:30 2020, <python>{}</python>
1 14 51.45535551172738 0 5560.788602763942 26.34027849243879 -5.945673303281981 -25.30226474865579 -8.632838524652321 -14.661265909575102 -99.82975096746839 49.40015190057641 41.024809236663245 29.056581283570786 88.87387440014103 -49.23058371167038 20.160393034809545 46.64374348550798 1.728037445970806 18.12199565671896 -21.274327255875395 36.76499239578075 -27.4776041833728 -5.571246655290915 96.64190333684282 72.3155367866308 -2.0047217843134937 -41.62516604715411 -26.61294199498576 87.99708561043822 10.698420148138725 40.53871577814815 -26.862167348946308 -23.603007559495357 18.683568420874984
2 28 56.3216083541959 0 4935.1551173832995 -1.15957966867528 4.511206245716111 -55.0801741741016 -6.007032590168729 -89.33975165495835 -79.12380563592882 37.098449560971886 6.422186866583176 54.975664514128226 71.15234597125881 2.486782454369192 -3.0412970345762185 -4.834906186334425 3.6434108110946175 40.84340453632567 38.77218720952828 3.6773605720081077 2.987839155968911 -37.46997478760394 94.2513683801938 59.284780414547846 45.06673065634 -10.300275294223582 -29.774312567778612 99.76206718018928 41.69739859183884 -8.182444952768751 -14.047520797970943 -27.117828112715003 28.40988805596246
3 42 64.55271920815872 0 3933.2544404080327 -97.0140296414242 62.764387839537946 -91.32379819600914 41.284130643910146 -95.69196066719913 -80.66875234447483 53.763675288746825 99.99581362944456 55.08983855615402 11.77459469014913 -37.62761637125199 -43.77588762539439 -68.10166794122065 -79.76722272808654 57.33135845297858 14.463305323928676 78.98593333265225 -2.1316599327458294 -49.91970425655326 48.34938317494736 -3.7736406546861474 59.6405567901061 -80.66781075038466 -71.1534957500642 69.51877792572844 91.89742938691347 -23.077206536596385 90.57025979329455 48.76206867111658 33.328467711807946
101 1414 0.33199798616888637 0 3250.4828127540322 -4.049096410310354 -50.618817353700905 -99.90964983785994 18.453553627662437 -16.172108528438525 -94.0180332714015 85.441995191701 93.26531348245919 -82.80770686131676 99.33605467878992 -29.616205924883843 94.63014019321226 94.20907793074004 -98.88985784712487 -59.73567381592906 3.2036012555791338 99.33505605238129 -51.82276992128539 -35.08011803870074 -29.4837451116163 99.8954043742061 37.55119855994605 -25.843303305491204 4.029047836170373 56.28308758497687 76.1220456877563 -58.20411784780336 97.80186756799361 -29.079943964443732 69.6917565978506
201 2814 0.06448586191780453 0 3244.7674400267083 -6.378162693698518 -50.890318993426945 -99.90025978327375 19.32671518426515 -15.419568084424066 -94.91607608605774 85.34505116609121 91.97244492405002 -81.18007891832855 98.51386569243066 -30.635462338628315 94.47045690941064 93.7181818178517 -96.92905268910802 -59.631160718619384 2.497335690976916 90.21241631446676 -54.118181149178895 -34.66321862001038 -31.109820330233642 99.99996300709013 37.55888081432357 -25.91051581418099 4.22504349849289 56.569594591817804 76.78966905933012 -58.38210571452055 98.2779539962562 -28.882702498033865 70.07075304166572
301 4214 0.03593859314417997 0 3242.0502727587286 -7.441635179831151 -51.04585129132906 -99.96478066675748 20.482605582573104 -14.698566826920128 -97.10546285076157 85.62559825326969 92.4176300895794 -80.86148852103996 98.20297827182799 -35.02923145299545 94.59555718959291 93.31843022019609 -96.39076580834707 -59.29103079935027 1.9748879706783342 90.30066994663713 -54.24614524237369 -34.207042854679486 -34.43049700344926 99.95705950016347 37.64875899229689 -25.509788545246014 4.390356921793296 56.3686109715577 78.22380190809331 -58.64707866301612 97.77646282014153 -28.861484352097186 73.99661047367174
401 5614 0.015397516289139171 0 3241.999278921344 -8.287058093828714 -51.02170060416793 -99.99720815012168 20.492559985860122 -14.705132918146996 -97.14540873347606 85.56961270788956 92.50084822853657 -81.00562679357613 98.19824873403284 -35.0658036481789 94.58529941493994 93.38957867064195 -96.55007721518696 -59.35693171398208 1.9679550074296615 90.31273270465442 -54.25365152187717 -34.19154918310132 -34.513463398743276 99.99226700902528 37.88835352137101 -25.51572779601667 4.334788499124768 56.32854757089518 78.3780802443563 -58.65517849261445 97.73483126064149 -28.781589874469926 73.92546369139174
501 7014 0.004469181683883504 0 3241.9914316847808 -8.463617709440744 -51.01898561135965 -99.99990818137536 20.506557441202776 -14.705785949753349 -97.15898636388386 85.60815953637619 92.43868144619006 -81.02815366698968 98.21572912334929 -35.04475192624548 94.60822370427613 93.44630094204909 -96.51040667209078 -59.35723127292661 1.9829994033006608 90.31851789215207 -54.222602347175 -34.203332484065626 -34.44998783163031 99.99942194147535 37.86493691149966 -25.51550737794883 4.316248565414242 56.27519004736715 78.32847169958377 -58.626425655049474 97.70895368052622 -28.83473968257453 73.95484601446995
601 8414 0.002636910155243169 0 3241.9908036347256 -8.525243247483127 -51.02162602031416 -99.99969417592955 20.529648660912873 -14.711012941976504 -97.1528904647116 85.60343763369471 92.42094320284889 -81.02653292587058 98.2196879122826 -35.05510210540754 94.60132945512564 93.43817941921003 -96.50191140331594 -59.347938504667866 1.9746319756393935 90.32526319498226 -54.227960309092424 -34.207943874228555 -34.44654839450032 99.99990007640598 37.855445908852325 -25.514388151096817 4.31878971307755 56.27959655950522 78.31281539980118 -58.62479543307549 97.70790635311448 -28.832424427863277 73.95549015707712
701 9814 0.0010539727234405818 0 3241.990570999262 -8.543274134301326 -51.02452870016637 -99.99989467814986 20.542000480616124 -14.710687525565438 -97.14073003443042 85.61188832159546 92.41741349092996 -81.02470042603863 98.21803840733617 -35.065187569897404 94.6042788868807 93.43620412829041 -96.49474779777633 -59.34408046449013 1.9845339788671967 90.32842524958605 -54.21770224390398 -34.20656522367315 -34.44450764116233 99.9999726460737 37.858276539572074 -25.511427261349944 4.3215699110803145 56.28301202000199 78.3024424517754 -58.62896764904835 97.69982282105589 -28.837457834289996 73.95474940292642
801 11214 0.0006099861511956637 0 3241.990521540354 -8.562778165499298 -51.021206176809784 -99.99999097141847 20.543773494901426 -14.708691703514702 -97.14409267746264 85.61168094590695 92.41413311579876 -81.0229805151352 98.22113497933476 -35.06990324319227 94.60555596510257 93.43505864772516 -96.49816641542903 -59.34209133385582 1.988260479443419 90.32455717689703 -54.21537955346304 -34.20551943926924 -34.443116029923836 99.99999827860562 37.86162301081789 -25.509777260252573 4.322401782620078 56.276980424443906 78.30173141590925 -58.628699918481175 97.69656039604398 -28.83752318656642 73.9559864562688
901 12614 0.00024662494355533876 0 3241.9905075614834 -8.569819881853348 -51.022513866328495 -99.99999971220014 20.54647975930733 -14.708937785134552 -97.14414069035266 85.61107768075554 92.41433307236406 -81.02588254719645 98.2200097301534 -35.06910165998082 94.60539934165577 93.43381446509115 -96.4967169336548 -59.34236555837285 1.9865311211767211 90.32957495575795 -54.21368736268741 -34.20630673600712 -34.44402013811515 99.99999997733102 37.85794928922091 -25.50994247961121 4.32217157573099 56.27897839163282 78.30270056423578 -58.628596857862505 97.6965850635256 -28.838590852051016 73.95550654540767
1001 14014 0.00019298793083524668 0 3241.9905053778048 -8.57361521441071 -51.02252223825698 -99.99999998956142 20.54551255167049 -14.7097270468723 -97.14508811986938 85.61101710269119 92.41509161891256 -81.02672257172877 98.21974438755986 -35.06886438112218 94.60591692655814 93.43470587996119 -96.4960083060049 -59.34271019094635 1.9853267080032782 90.32951336775506 -54.21564027764501 -34.2058579777876 -34.444277866395666 99.9999999736874 37.85816074828717 -25.51055071959594 4.322174086330902 56.27973245261245 78.30234662970844 -58.62853947876434 97.69734609476266 -28.838552129361183 73.95592090956396
1101 15414 0.00010686401508298984 0 3241.9905043128792 -8.575572278596047 -51.02252070422935 -99.99999999980348 20.544801615618518 -14.709826096734343 -97.14584251466249 85.6109095991429 92.41492364987928 -81.02652242072938 98.2196534575869 -35.068394768092986 94.60563171419828 93.43414732733955 -96.49582802933111 -59.34275170507493 1.9857355283577407 90.32997101972205 -54.21583307750416 -34.20611061123437 -34.44402693469872 99.9999998651171 37.85770251256966 -25.51105487103481 4.321999868605467 56.28040318097129 78.30246985615807 -58.62824288635014 97.69831416570466 -28.83805683739251 73.95571977818886
1201 16814 8.394240552775945e-05 0 3241.9905038307966 -8.575877696564959 -51.022716100595574 -99.99999998659953 20.545356442648252 -14.70974435550036 -97.14609536169395 85.61060961223133 92.41470826242002 -81.02601147539663 98.2196975710965 -35.06848855567665 94.60569113782282 93.4340935572455 -96.49524669209092 -59.34247261752947 1.9861659675994192 90.33018742326183 -54.21615520661611 -34.205892726561906 -34.443524827786106 99.99999998240668 37.85772853617704 -25.511672900318967 4.321915451866798 56.28085077865748 78.30184778623723 -58.628082970770265 97.6993721005166 -28.83810020475636 73.95549204093722
1301 18214 2.294717646964553e-05 0 3241.9905037561102 -8.576443707159703 -51.022785325153166 -99.9999999975219 20.54535746115121 -14.709620262330036 -97.14626289294476 85.6106571193976 92.41470544132008 -81.02602639705923 98.21947727679452 -35.06843858463836 94.60576865614692 93.43417538755142 -96.49530143325467 -59.34245645625231 1.986320406373817 90.3302432496479 -54.216230108776436 -34.20594732532476 -34.44347416186376 99.99999999406118 37.8575288291806 -25.511853054117868 4.322053156219942 56.28101618017274 78.3019495299581 -58.62813787995921 97.69965518643751 -28.838164957188397 73.95541241529868
1401 19614 1.489115010292024e-05 0 3241.9905037350045 -8.576467412314376 -51.02279539740334 -99.99999999960289 20.545293932925492 -14.709656645773098 -97.14638151055968 85.61072571479731 92.41453883888647 -81.02600628036305 98.21949839513933 -35.06847098050804 94.60567741110552 93.43418699180015 -96.4953633676571 -59.34252319882978 1.98627744015572 90.33028204798464 -54.21620352377913 -34.206003602223184 -34.443434640045936 99.99999999793533 37.857495492957376 -25.512004299343122 4.322048793394822 56.28112819254093 78.3019020103018 -58.62819833871103 97.69977115816603 -28.838120385417994 73.95543368583978
1501 21014 5.4274211818803844e-06 0 3241.990503730174 -8.57634406564918 -51.02279360131794 -99.99999999995886 20.54527640438105 -14.709679461189854 -97.14634192281622 85.6107026737545 92.41450921165551 -81.02600222270321 98.21947317678887 -35.0684970806233 94.60568750288941 93.43416939465475 -96.49546472533464 -59.34252605684972 1.986257416509806 90.33029141497951 -54.21616987263465 -34.20600554235443 -34.44343304757108 99.99999999954206 37.85750831376601 -25.512049995700885 4.322055230250562 56.281120279942655 78.30190399920235 -58.62820535538418 97.69975890223361 -28.838143871909317 73.95542935081842
1601 22414 2.0580114691347037e-06 0 3241.99050372897 -8.576385907771986 -51.022797735459534 -99.99999999995386 20.545270781223273 -14.709684264337513 -97.14634352719371 85.61068671042426 92.41451258258826 -81.02604003537645 98.21945432842003 -35.06851540376536 94.60570518440545 93.43416151329225 -96.49547480529324 -59.34250872001601 1.986235124648716 90.33029149677196 -54.216161282111074 -34.20600863374028 -34.44344085211974 99.99999999986892 37.857538809655445 -25.5120639431015 4.322066172711154 56.28110196495234 78.30188859843497 -58.628213773864104 97.69975426228987 -28.838137368793657 73.9554272882433
1701 23814 2.621205452158277e-06 0 3241.9905037285107 -8.576363953485892 -51.02280702797347 -99.9999999998638 20.54527857962786 -14.709689713165389 -97.14635181412292 85.61068506484635 92.41449861357805 -81.02603809297898 98.21942615087515 -35.06852643471612 94.60570767065535 93.43415665491581 -96.49546307212259 -59.34249191462922 1.9862289545677931 90.33028289088202 -54.21616329399759 -34.206006889091626 -34.44344169526875 99.99999999999952 37.85753971875396 -25.512063993161615 4.322061034768374 56.28109988775827 78.30187474791617 -58.6282108736267 97.69975356257875 -28.838136188802228 73.95542802605223
1801 25214 2.395381642030602e-06 0 3241.990503728246 -8.576369006385653 -51.02281354673252 -99.99999999999085 20.54529075398619 -14.709694001716407 -97.14636263538966 85.61070516033952 92.41450185155091 -81.02603583116563 98.21941548082907 -35.068525730028796 94.60571134945498 93.43414940131107 -96.49546373817935 -59.3424907997462 1.9862226843939925 90.3302846524582 -54.21616297976221 -34.20600100242914 -34.44343978944364 99.9999999999946 37.85754989901707 -25.512057826122774 4.322061882158247 56.28108929049969 78.301877590441 -58.62821238811625 97.69973149683214 -28.838137259876337 73.9554287026832
1901 26614 1.0746174898756138e-06 0 3241.9905037281665 -8.576361572694397 -51.022812435966046 -99.99999999999956 20.54529545544399 -14.70969263507718 -97.14637029896846 85.61070265238371 92.41450566478156 -81.02603681669076 98.21940670718035 -35.06852521391488 94.6057112088512 93.43414384184068 -96.49546564230687 -59.34249070833806 1.9862289608932313 90.33027903862859 -54.21616656401829 -34.20600248871641 -34.44343331194575 99.99999999998602 37.85755313050139 -25.51205433948582 4.322062703296857 56.28109118078919 78.30187701141843 -58.62821428056583 97.69973452510483 -28.83813375370786 73.9554261788155
2001 28014 3.85067096640793e-07 0 3241.990503728145 -8.576360012153689 -51.022812334814006 -99.99999999999936 20.545296337634266 -14.70969292076288 -97.14637567336796 85.61070014790988 92.4145070548391 -81.02603692999966 98.21940257868772 -35.068523635392296 94.60571274564447 93.43414527585924 -96.49546639319047 -59.34249191416092 1.9862275135994762 90.33027623797375 -54.2161626824665 -34.20600272465739 -34.44343014298439 99.99999999999552 37.857555436536174 -25.512053066868052 4.322063482272801 56.28108859274079 78.3018765989832 -58.628214645770385 97.69973221763848 -28.838131540992663 73.95542732625589
2023 28322 3.507536585745414e-07 0 3241.990503728144 -8.576359301047344 -51.022812023913275 -99.99999999999935 20.5452959909042 -14.709692822891856 -97.14637610056069 85.61070018725057 92.41450749246195 -81.02603714377823 98.21940270635763 -35.06852304343704 94.60571256372955 93.43414576529453 -96.49546523625322 -59.34249191710515 1.9862271077810318 90.33027572501558 -54.21616326471961 -34.20600279269171 -34.44343012857372 99.9999999999967 37.857555033246285 -25.512052969342765 4.322063724968335 56.281088847947274 78.30187648393729 -58.628213918648214 97.69973269124301 -28.838131100341432 73.95542777448827
