% # columns="iteration, evaluation, void, void, void, xmean", seed=43, Mon Jul  6 00:57:05 2020, <python>{}</python> # scaling_of_variables: 1, typical_x: 0
1 14 0 0 0 -24.932881392232073 -3.6716898218762215 -1.816713458282845 1.7971367023085327 -17.069308219516493 23.848457663397845 -4.025030735353974 -40.694173342082216 -20.87520361880855 5.218392160712723 40.12011337936754 26.79760247439682 41.43656617817294 -12.91764735403386 -14.564969520424507 -2.7480384913164624 6.665089747430647 -17.852967556062694 12.226352678199136 -4.049884403425318 17.980931070329152 14.553520570378636 -5.185126711986143 -42.42366864172862 -27.170646376267083 -7.209037237849696 -17.586602167712332 22.10002385804056 -18.29842038526504 -7.821425688865662
2 28 0 0 0 12.976446023604812 8.174440067229161 -19.896565661028927 -27.096305678152365 -16.527836679988 -0.68885738129622 4.260753681966042 -69.85972801844707 -45.592384411285835 3.2490395786995383 32.671980603079234 23.210206416722613 52.97362208066419 -0.5032879141429998 4.787516795043894 18.142463046255955 12.541111253769968 6.116923831539861 26.65936910781886 23.730357984712175 6.8379467953341795 23.31689639253361 -0.10242833622782399 -6.5666086386479705 -44.81015417336089 -43.727798897501515 2.8806711140903367 -1.841687521233414 -7.591982492896843 -40.34577305627236
3 42 0 0 0 0.19515494306811476 34.88327266383326 -0.4554719475846092 -57.47837173384842 2.1200733732455923 -28.08769399393468 2.337085543219694 -57.44145887561419 -94.6866146259363 9.218176760440988 22.21259221142309 4.504947046451836 54.89969503571288 8.328872150737775 5.322411073221847 45.63402054374493 -0.7497213503543687 6.900976454444944 35.29163644651528 20.255000478930906 7.178712748545814 5.094348856735827 -10.810730097770128 11.032336678337455 -83.27277249104365 -44.54882693428015 15.738987130040975 -11.726928162961618 13.934673583980203 -23.945029500006232
101 1414 0 0 0 -79.73088291796506 49.26563100497425 -25.827733001698494 106.41811221716232 4.397337891560031 -111.70497541444517 -116.53477044001721 20.236825859575514 -45.75842047237357 27.945456241440336 -13.219685526848357 -136.55858916091472 -1.3951258057761486 5.008343466601456 46.46217271688647 8.049328853546786 -6.760875666628902 96.11947377239159 64.0180586598159 -72.89722758559361 -63.721891173526586 81.04663404953924 56.301957752074756 -123.3626290000491 -17.366396358603517 -2.881680215557915 -51.77693929215513 -117.16266681314288 -81.57699421019315 -46.275782322643394
201 2814 0 0 0 -84.71643429625894 49.60506691082766 -35.2933617791542 111.41957818737455 29.375075530612797 -81.01389636395524 -115.96737883554948 0.5134876036908944 -30.72337274932753 35.47217360095369 -19.82234771853018 -149.32605809707846 9.323458973692434 8.021400751323258 45.75524267125625 -3.7278933026014904 -13.396493852920509 95.44346544574921 58.0286004895351 -66.74899994606484 -83.32920997119419 98.00237688529653 41.972710383476866 -123.09328879802926 1.8287974559218727 -6.668370555923314 -83.84076765546428 -118.62757660311418 -69.25381234597774 -42.640324984930956
301 4214 0 0 0 -85.25460638952832 49.91601662052708 -36.09725752624074 111.99965168204145 33.31233446673281 -78.23254657408648 -114.46636266456957 -2.3367140944657914 -30.15646333874518 35.22873224143926 -19.836286253664973 -149.12543650193126 10.642375379422177 7.490410179567882 44.828626360625826 -4.388092504484388 -15.475790837736477 94.9643693484684 55.22888694777313 -66.70596577203632 -82.86675403754617 97.81225137799055 43.82600930993157 -125.03136663043803 1.7308213592165986 -7.707909128952862 -84.98686375839748 -117.70548574563125 -69.5618076979684 -43.62187139330131
401 5614 0 0 0 -84.16618859247497 50.34219713341572 -35.45579961967927 113.22670978074912 38.61842352165102 -80.26238180522506 -116.5486637748148 -2.3911752217459794 -33.81878292260491 30.488594965164932 -20.114383925542924 -148.92396228163597 12.636742695912371 10.042684316488424 46.26136487475336 -4.264236553609708 -15.0252006269341 93.98427869628946 54.80781652345688 -66.63220905899557 -80.87561604541405 93.49693008184364 46.78986690936849 -122.79821495673971 1.9780154839986865 -8.922073927851333 -82.71098707633544 -117.19932851938589 -69.48068358607877 -42.987814395511236
501 7014 0 0 0 -82.00070515341673 50.930612494887946 -34.792297352818885 112.86058175597637 42.86617674401618 -80.7213017057001 -117.92657685762161 -3.947538222900842 -34.81072301786287 29.1209861651714 -20.10856010823826 -150.05233246951414 14.236722728533765 11.660579435082711 46.63184503426293 -5.607968442543594 -12.721317933407672 93.81173399932095 53.94381328966415 -66.96391842213379 -75.32553049167424 90.01114403835032 52.1789690137556 -122.77882627757988 2.6744683495863146 -9.038665827149831 -79.5838174577399 -114.4575062543946 -70.30338661365559 -44.40128723545654
601 8414 0 0 0 -72.41360454182478 52.57436056970396 -36.81060643839579 110.21485025291653 53.02407457458362 -78.57815565815194 -123.53694299757804 -11.902917679442657 -32.04517951406485 32.233606235289244 -24.15289672398662 -155.47601002748303 22.481646730316317 14.103800706910803 43.17855942550333 -9.142986234693382 -3.6619004783648763 97.71136144642804 53.823963774042795 -67.82630957300766 -50.859531067871416 84.76991647303527 71.29540160314158 -123.38857493365127 6.820097930764074 -11.836410825129192 -68.15973311960774 -108.96830539579318 -75.99811331517489 -48.40624529506136
701 9814 0 0 0 -61.380338188173596 56.79060442576458 -36.861222827627536 105.47101051391316 62.0344618993278 -75.52227888970816 -131.82750505521258 -19.205581132261713 -29.352413372458077 35.348643331346054 -29.47421056415212 -163.44286492850944 24.094115232671687 15.81604964564716 36.009764254534815 -11.804822383172784 5.013277295488144 99.35246950168445 51.90041018659321 -66.20094631572387 -27.97095226912927 82.12168413830611 89.96773349975831 -126.81614981008467 12.5370466974836 -14.71721912208532 -57.3995108822952 -105.10468033810496 -78.04103085373755 -51.26969201671515
801 11214 0 0 0 -60.10440626762967 57.46294507616974 -35.94259524404774 105.82738835586358 62.069896851731656 -76.51542382025954 -131.586777938657 -19.289965559396837 -29.292370740133073 35.428972504877684 -29.240069580805088 -163.32277558015045 24.571473207166807 15.342258427806868 35.810969085076756 -12.337047907472051 7.2266043878038655 99.32218383889125 51.899785763481 -65.90714240738934 -27.757322664360515 80.96157348038469 91.54220725409161 -126.40614429850655 14.877477789718316 -13.781689326502661 -57.306030830932556 -104.8050347255268 -77.40575020929312 -52.80929354951559
901 12614 0 0 0 -57.04966809318694 57.50717064157121 -32.77215500231825 106.33820779505523 61.701510108859466 -77.87090662583783 -132.008061030621 -18.938722117461566 -29.45043073647581 35.23600516138345 -30.03745383965168 -161.7132590620214 26.030993517224406 13.861507396234417 33.77867914104952 -12.66958448694761 11.254310712693817 99.34844216143149 50.86699267067297 -65.64360889961667 -28.808691474973894 79.122100111177 95.76463494123942 -125.54689542960693 18.68398620614407 -11.618360087874466 -57.792881463269744 -103.11298678573664 -76.0092570025235 -56.53555747047036
1001 14014 0 0 0 -55.75552645612142 53.35918662871055 -32.432277912091784 107.45546240197021 61.8349085547307 -76.70974924295024 -135.5776609143741 -19.069026035771195 -29.392122239918827 35.310848740525515 -37.776484049508625 -161.17088813289925 26.107429455673223 14.138336026746517 30.660986450154006 -11.291893467701431 7.849119992286567 97.21136602182557 44.07351269715883 -65.59120501077294 -28.376850757416253 80.50691155232188 100.62975747853807 -125.61698391750738 16.9268051585738 -11.225007051303336 -57.583164446171665 -101.63093522100739 -76.96100635761093 -54.165329406007324
1101 15414 0 0 0 -53.918922538562356 51.594190924883925 -32.90070694318347 107.65517007881127 61.754085062786096 -76.76334894003362 -133.51613455413303 -18.970896909645504 -29.446802120989112 35.23885163581592 -38.32058803484923 -159.62294742146682 25.593482385185975 14.101117334279285 28.168530559904653 -11.47645872080095 7.2840938485897375 97.9252148606762 42.611241767569304 -65.44198449150382 -28.697123944539833 81.15500290429885 104.08763934929652 -127.67435463350454 15.682621190410119 -10.841129900601604 -57.73609121541851 -100.12540516672237 -76.62425703199794 -55.386455766973704
1201 16814 0 0 0 -52.937222547963756 48.79262422505659 -32.55851177458826 107.56602894221791 61.77562550896793 -76.83509872774644 -133.46239304896125 -19.001073865544026 -29.427455011179266 35.266202766840316 -37.51860613035838 -158.8320242377086 25.223566577565485 14.183959205324264 26.888816794173508 -11.509379323295512 8.395199548343427 101.71074044793832 41.2250098699756 -66.24936316538316 -28.58638546370672 82.81413844284366 105.74366362105762 -128.5881681759256 15.166014437137878 -11.883538813304218 -57.68162869065349 -100.10353638531403 -76.7724355354831 -54.566296695530696
1301 18214 0 0 0 -46.78069773087925 42.05155759951459 -31.83412163704987 107.26358532693685 61.71852929714651 -77.0299606729569 -137.48184958948846 -18.982269451606015 -29.41124713970594 35.288612046358914 -36.80386648380591 -155.00874847171926 26.20767059286065 13.393934378405323 21.90883439010104 -10.89852138408434 9.96607692357735 106.40126261525383 39.085930731033294 -67.4734090269933 -28.653540970178202 84.52308716483904 114.44034043984611 -129.8974282945381 12.79262895071165 -11.638537808052938 -57.72084119678647 -95.57804798091993 -77.32305626350855 -55.892609153840084
1401 19614 0 0 0 -46.359969973009136 41.99195393953702 -31.867438504568238 106.85151916276136 61.67298034251678 -77.01726640912206 -137.96815771990154 -18.9408722519822 -29.43170410627767 35.26203993922147 -36.96806984221038 -154.78750631093 26.413669114985282 13.40375521477112 22.366961253673452 -10.901565461120915 10.335958866324422 105.95262066111297 39.776762114446235 -67.59173384166141 -28.805886541141675 85.25666315079746 114.93473533532934 -129.9412380115561 12.782386980608822 -11.93909059280852 -57.7947186576066 -95.39652992334295 -77.31513007347264 -55.771759349948326
1501 21014 0 0 0 -46.40827918511553 42.11438780392985 -31.854984092077274 106.63786593421835 61.66942892449314 -77.01650433406272 -137.91209168306096 -18.937640035202477 -29.433009899624665 35.260580088372194 -36.97418586297538 -155.03160862245727 26.306616486102403 13.404929393996959 22.44854514206085 -10.913991998769946 10.447646660718684 105.50336648724726 39.67059966424713 -67.55331249285874 -28.8143839252579 85.65770813564524 114.98366722957236 -130.1133878784572 12.714002153111036 -11.77445004776229 -57.7984845815425 -95.3840923896192 -77.32137015101554 -55.57385774826245
1601 22414 0 0 0 -46.385320798231476 42.090343344695476 -31.854887159203948 106.59659591431272 61.667456686532326 -77.02361116563196 -137.89276531849953 -18.93644450171417 -29.433011001443376 35.26063945121974 -36.9676208612814 -155.0560634591286 26.31665680055569 13.405611041297394 22.37617235663568 -10.911005088668446 10.466538112076105 105.36148078320147 39.71905526682914 -67.55350197394712 -28.81794010958902 85.69762243723498 114.97973140109437 -130.09038206794398 12.680324349476827 -11.750795333989316 -57.80029113368146 -95.32242151746001 -77.31949771712664 -55.53451179844594
1701 23814 0 0 0 -46.38549192991243 42.08534826737648 -31.853336407539665 106.59925528551233 61.668089401208654 -77.01978173402745 -137.90113337314963 -18.936766514194016 -29.433088183406362 35.260510991824376 -36.97911742243014 -155.070268785071 26.338233399150287 13.404582899895257 22.351670963787875 -10.911243546754559 10.50399479941644 105.24673854031508 39.72096788620504 -67.57980978747649 -28.817060668683762 85.6674879277991 114.96594817133071 -130.0614145770068 12.675233409146344 -11.771297388973649 -57.799839388904 -95.27842216555861 -77.31822146003145 -55.54405773041053
1801 25214 0 0 0 -46.4133837200005 42.07386401641634 -31.855734123951915 106.61798849636352 61.668258639035116 -77.02010599203378 -137.9056580320116 -18.936728373408336 -29.43325995211761 35.260280501960814 -36.977207763818015 -155.082424897734 26.36421312919622 13.404975042536822 22.35539300940764 -10.91127726698002 10.504591729031922 105.12133532325481 39.719149954480955 -67.61618600363441 -28.81727591058087 85.60936851729095 114.9609954384417 -130.0540025956364 12.666847447747188 -11.782471791522472 -57.79989975139778 -95.23548645881915 -77.32050100347452 -55.55500454435848
1901 26614 0 0 0 -46.43764434827919 42.06381498714911 -31.855194460407354 106.62956840983254 61.6682536824392 -77.02056151586861 -137.90774546448046 -18.936702719129727 -29.433264977690108 35.26028378017101 -36.966114703202535 -155.09391395463888 26.373376542498004 13.40625534993531 22.357330943231357 -10.912085859754159 10.492481687691566 105.06141561906607 39.711648410780136 -67.62387370368549 -28.81721979803446 85.56928315652603 114.94940150014082 -130.06445521040064 12.675881771375192 -11.778793117362971 -57.79987101883694 -95.21688942648915 -77.31977542654805 -55.55778893072145
2001 28014 0 0 0 -46.43814732190502 42.06353946328556 -31.854945721687503 106.62904666053932 61.66827446105165 -77.02028573229809 -137.90915034642558 -18.936718952719357 -29.433257082258194 35.26028791211337 -36.96523692198052 -155.09453206865498 26.373904699828508 13.406367350521657 22.358130140215327 -10.912387824152454 10.49146072298331 105.05837565036934 39.71117049056574 -67.62425484299018 -28.817213457857502 85.56827450891694 114.95136308100211 -130.0653138564032 12.676973054483424 -11.778811479303679 -57.79987712237537 -95.21473075607567 -77.3195968128715 -55.55834754522452
2101 29414 0 0 0 -46.439980828971926 42.06327236898677 -31.854757940409677 106.62850775556873 61.668275628231136 -77.0199817690325 -137.90961248013198 -18.93671896498676 -29.433256985451575 35.26028699827355 -36.96210219940101 -155.09635548829064 26.374896172039765 13.406338786691164 22.359143882719334 -10.912335122111337 10.489661125782401 105.05319329422521 39.71181983221775 -67.62418097007132 -28.81721091227494 85.566076838142 114.95182051891322 -130.06848205955768 12.678557741575226 -11.778612938188553 -57.79987631556387 -95.21240383683394 -77.31956011686273 -55.55862826820997
2201 30814 0 0 0 -46.44131739935188 42.06376335756766 -31.855107020505415 106.62948412001535 61.66827324135281 -77.01977198686473 -137.9079067422528 -18.93671860484792 -29.433255891501762 35.26028723703598 -36.9607220863633 -155.09823919149838 26.375757029663 13.40612609614845 22.35891783701318 -10.912312572539786 10.488966886162128 105.05333381727235 39.71102604016944 -67.6242952386802 -28.81721350176767 85.56712951834785 114.95412121540899 -130.0693608382416 12.680094446802622 -11.78060187764031 -57.79987818776821 -95.21139844563386 -77.31939673320365 -55.558111935228
2301 32214 0 0 0 -46.44426827214244 42.066663128496394 -31.854770637812784 106.62998948467718 61.66827477142357 -77.01965731325974 -137.90677908893704 -18.936719201663088 -29.433255853745777 35.260287837692054 -36.96007154241152 -155.10302113576117 26.376693154948885 13.40613899915389 22.35720784533709 -10.912340695605257 10.489410119995863 105.0486033636463 39.71041750728264 -67.6244596148768 -28.81721267916841 85.56771011311784 114.95612770554878 -130.06721312111912 12.680960880806055 -11.783675030321696 -57.79987770696489 -95.20873711138661 -77.31936916245704 -55.55560460758304
2401 33614 0 0 0 -46.444839532276305 42.06713166085398 -31.854834857361425 106.62891933070888 61.668274441631965 -77.01975909403096 -137.90821714605502 -18.936718512068694 -29.433256295175106 35.260287520201224 -36.95899260990126 -155.1046356043917 26.376663734416873 13.406044206235563 22.355311456527176 -10.912471986006556 10.48922645665766 105.05074669742959 39.71088600460383 -67.62320820966931 -28.81721347126276 85.56721565069377 114.95604137446753 -130.06741065535627 12.68185478795462 -11.784643942521132 -57.79987814781575 -95.20763451978137 -77.31971615345094 -55.55494714938596
2501 35014 0 0 0 -46.44498409414007 42.067390276326535 -31.854902607088388 106.62859440134926 61.66827387234615 -77.01973627241799 -137.90852428962717 -18.936718822489386 -29.433256364014053 35.260287502041045 -36.959189542507126 -155.10486337514783 26.376763575697098 13.406035968822138 22.354983710113384 -10.91239177163975 10.489131661730571 105.05061635956297 39.71094772176143 -67.62316635806414 -28.81721367669507 85.5672081595506 114.95579684187442 -130.06715573308082 12.681897536603593 -11.784823062168938 -57.79987788638394 -95.20748618296868 -77.31971423970963 -55.55486769360743
2601 36414 0 0 0 -46.44498390337867 42.06739036909588 -31.85490255840986 106.62859419083455 61.66827387269914 -77.01973628563384 -137.90852432374967 -18.93671882280681 -29.43325636375122 35.26028750238174 -36.95918959107033 -155.1048632171834 26.376763531793394 13.406035958844402 22.354983799456395 -10.912391742980189 10.489131686726731 105.05061678241862 39.71094781461086 -67.62316627244006 -28.817213675663503 85.56720848407191 114.95579709847505 -130.0671557991948 12.681897633902397 -11.784822896653148 -57.7998778861421 -95.20748633130785 -77.3197142055053 -55.554867825736856
2638 36932 0 0 0 -46.44498390294069 42.0673903694375 -31.854902558411226 106.62859419049934 61.66827387269923 -77.01973628565378 -137.90852432351554 -18.93671882280688 -29.433256363750946 35.26028750238171 -36.959189591286304 -155.10486321704656 26.376763531543858 13.406035958826758 22.354983799324533 -10.912391742969254 10.489131686787783 105.05061678405792 39.71094781466693 -67.62316627202763 -28.817213675663435 85.56720848516154 114.9557970989074 -130.0671557990517 12.681897633803207 -11.784822896650486 -57.79987788614215 -95.20748633173322 -77.31971420546823 -55.554867825629
