% # columns="iteration, evaluation, void, void, void, xmean", seed=37, Mon Jul  6 15:07:51 2020, <python>{}</python> # scaling_of_variables: 1, typical_x: 0
1 10 0 0 0 12.6746823477294 -4.515569254275605 -17.956778999605824 -54.54467935526014 62.15006416848004 22.7233874157864 22.238799931313 14.171854066405738 44.596240161359255 -52.17523111100281
2 20 0 0 0 52.471501967679345 -30.742554741529577 -66.78086200984399 -48.16102624127192 72.07985781617758 -14.88573469360431 60.48912676768572 45.70117399000557 6.67068154121111 11.241823467395477
3 30 0 0 0 67.03906379876943 -37.175932862781934 -71.35291358538252 -71.01055025764343 101.24784688161148 -3.988576779348616 86.02726727817887 70.41503672917968 -20.411979697225583 44.805832223376306
101 1010 0 0 0 158.7699334295904 -61.03675815747919 -5.538151058449672 35.005546540973334 190.58379871927474 -36.88029629767592 270.6809774916093 -118.90751891083353 1.0080342598060323 226.98449468906992
201 2010 0 0 0 158.72946219038644 -54.19219517407734 -5.524936359392264 35.049238001661635 190.57208295632645 -37.01199407764823 270.5997120614456 -152.36664660795554 -9.631325111800727 206.83662854819252
301 3010 0 0 0 158.7933165161757 -49.84376995543204 -5.6260909133742585 35.00147131984054 190.59843596611125 -36.92846973699991 270.7382735396096 -198.20483080841728 -19.379970928636723 176.92393002782725
401 4010 0 0 0 158.76275909452943 -51.978549447216096 -5.541502157676449 34.99935414991273 190.58155172745805 -36.894931330223606 270.68905572102943 -214.41427433398505 -17.96299663227937 164.9908872499405
501 5010 0 0 0 158.7643832170925 -52.270822129033746 -5.542113589934775 35.00134689315749 190.5822591362689 -36.88920311912711 270.68764125449457 -215.44585299358747 -17.583487490895877 164.22110452170762
533 5330 0 0 0 158.76438237901678 -52.27081654157095 -5.5421127072455185 35.00134466503672 190.58225868485556 -36.8892026902283 270.6876396767833 -215.44582833559056 -17.58349887496549 164.22112863735725
