% # columns="iteration, evaluation, sigma, max axis length,  min axis length, all principle axes lengths  (sorted square roots of eigenvalues of C)", seed=801576, Thu Jul  2 17:29:53 2020
1 14 50 1.0000483345014077 1.0 1.0 1.0000016666680556 1.000003333338889 1.0000050000125 1.000006666688889 1.0000083333680556 1.00001000005 1.0000116667347225 1.0000133334222225 1.0000150001125006 1.0000166668055563 1.00001833350139 1.0000200002000015 1.0000216669013906 1.0000233336055577 1.0000250003125026 1.0000266670222253 1.000028333734726 1.0000300004500045 1.000031667168061 1.0000333338888951 1.0000350006125072 1.0000366673388972 1.000038334068065 1.0000400008000108 1.0000416675347343 1.000043334272236 1.0000450010125153 1.0000466677555726 1.0000483345014077
2 28 48.044205143676436 1.033628307034841 0.959105691246974 0.959105691246974 0.9729811615855309 0.984440745863114 0.9915383639774 0.9934913720642603 0.9954686176744877 0.9991609285219386 1.000006098817782 1.0000071767153154 1.0000122144877055 1.0000136533075699 1.0000150622861912 1.000018382434428 1.000019516702058 1.0000207150422953 1.000023866309697 1.0000271753147871 1.000030498244403 1.0000315634499815 1.000033280699761 1.0000358306589086 1.000037463153786 1.0000425504056938 1.000694716755098 1.0022278949511385 1.0058271578435725 1.0067923687099403 1.0125451338830813 1.021850880265488 1.033628307034841
3 42 44.10420040220387 1.0362944564078045 0.9544255069856409 0.9544255069856409 0.971159275779416 0.9736472833245128 0.9768183573731348 0.9842225603057347 0.9894816571829097 0.990101396714522 0.9912260548189069 0.9942300280048462 0.9953483183644861 0.9966643403743517 0.9985638839588653 0.9995425143477615 0.9996336016998087 1.0000164854635971 1.0000299267067896 1.0001645461175908 1.0003091229350196 1.000522328765992 1.0006403068725906 1.0010995573606252 1.0015696610809857 1.0036156950927775 1.004347960578846 1.0066145192967548 1.0104637927612543 1.012854178037016 1.0149412494020162 1.028763797414989 1.0362944564078045
101 1414 0.31323270042921053 2.2103074218472334 0.5296272100233999 0.5296272100233999 0.7280642833445893 0.7661564958261705 0.8013589154352391 0.8078716447019335 0.8252793450696968 0.8335998561119554 0.8447144482508618 0.8505933713126809 0.8718904511639458 0.8821455601067322 0.9020167009653164 0.9111854526280422 0.9208404079046447 0.9301636739303054 0.9511769711531025 0.9645121337551654 0.9675723754023079 0.9866397078906025 1.0085774157492724 1.0218399880490556 1.0378528798008972 1.0524083045416062 1.0793270152422165 1.1016548081506405 1.1367484926084583 1.1833952622169086 1.2848848083528381 1.403498369449059 2.2103074218472334
201 2814 0.5601069458087187 5.305874805850603 0.3004153605175468 0.3004153605175468 0.6026718834228321 0.6786720921299281 0.7030031005696759 0.7223078745949877 0.7304008968976317 0.7544307620467172 0.7676609545013731 0.7733642182084557 0.7927391862657073 0.8002115898535076 0.8239594179845017 0.8362221740263623 0.8462541157890777 0.8744079290579893 0.8923660718531646 0.9101549985654269 0.9311859074564415 0.9507011506071709 0.9683926382648523 1.0090328888469693 1.0253797672877958 1.0432562778231054 1.045542451917904 1.1162671007053249 1.1533816114598558 1.1943884051235552 1.2506891347817584 1.430073021173602 5.305874805850603
301 4214 0.042214817888054784 8.019326634106005 0.16330532639667075 0.16330532639667075 0.438995271020434 0.612416619068128 0.6416385880203614 0.6608729663173258 0.6694110648018106 0.6921467921828458 0.7069768879145446 0.7155311559379172 0.7426683513124265 0.7638867927419096 0.7735067578925023 0.7842439039539255 0.8172336191020843 0.8479713737515358 0.8699374634331289 0.889083328449073 0.8958397456235038 0.9173017762749693 0.9629237830514431 0.9805652409736008 1.0104313181464437 1.0534794906912293 1.0653252424012187 1.0846547184179842 1.1820945337472093 1.2296847428864464 1.5512896976679338 2.32174994896019 8.019326634106005
401 5614 0.013512686130007688 10.925144001623467 0.08922278414199639 0.08922278414199639 0.28850008775812874 0.5562475922575796 0.5826155212860564 0.593538066410239 0.6230259588941076 0.6341622048583981 0.6666949975697295 0.6882937036088737 0.7132383127324736 0.7329052409192541 0.753461115791794 0.7679837614206191 0.7808309735081658 0.7975036319704819 0.8318513816450362 0.8590890310195163 0.8836365365133173 0.9080763896816885 0.912433861557997 0.9484346509062535 0.9882401135394823 1.003875789028293 1.068591983590511 1.1054389493979664 1.2065795321479462 1.2702081303874841 1.5964524789202827 4.560690756933928 10.925144001623467
501 7014 0.12770744496691774 10.990599101262047 0.05392986196050596 0.05392986196050596 0.20645462650441154 0.5010567121654966 0.5117205193161045 0.5455187229500068 0.581602626265215 0.6005258326492338 0.61452053798887 0.652126788083399 0.6593658374186848 0.6758883566101447 0.6907167013804705 0.7250452451235598 0.7399240281653044 0.7640108737164941 0.7908860650540313 0.8200604783632632 0.8500101425941744 0.8856958267864031 0.906895622160641 0.9436288679559331 0.9727779752922692 1.0177565263193202 1.0444439113775532 1.1669918943726512 1.2635124329210499 1.3457446919814893 3.3253975239946985 7.217091306960684 10.990599101262047
601 8414 0.004192949402427144 16.824173114645472 0.03226252220314511 0.03226252220314511 0.1250013653935978 0.39292723319802564 0.47738363266269035 0.5204870835917945 0.5458311756849807 0.5711251922130294 0.5931816327159108 0.598531037721955 0.6179910427733987 0.6509664807705308 0.6815305098635612 0.7016636629415112 0.7137210248058099 0.7427166128665927 0.7819436006159223 0.7866266412897748 0.8233703016109968 0.8552901858368036 0.8928743365739127 0.9389847996658027 0.9882031913243231 1.0151277923398894 1.0986093349151227 1.2342224350789786 1.3115329052593157 1.3883712178838017 2.601522932612868 6.804884507578504 16.824173114645472
701 9814 0.028506715671720737 14.928290890725856 0.023323339062102395 0.023323339062102395 0.0845667987298245 0.2893577081893253 0.44693793297588624 0.4930439018477845 0.5313120728845714 0.5407994621483123 0.5442164363879032 0.579247794624625 0.6140895663271613 0.6252168719337448 0.6450573756721679 0.6750639733729793 0.683661561516567 0.7306742810693874 0.7747050811560631 0.8199085494306153 0.8234024543556667 0.8344959934873611 0.8664160130922225 0.9279982136488245 0.9722023076869621 1.04394500027228 1.179750373606573 1.2276234685929812 1.3562848586823484 1.9901838018322984 5.251711848749675 6.2579063394371826 14.928290890725856
801 11214 0.013130523639715562 15.206595240962274 0.015756198048424038 0.015756198048424038 0.05913096658982498 0.2166800650674862 0.43557043079620816 0.45371278809701415 0.49043862803028476 0.5127048664209256 0.5244395325987762 0.53550083331991 0.5789092062448544 0.6096063650142756 0.6253449074863676 0.6452688892444153 0.662922098375373 0.7244965001453813 0.7671727166848962 0.8076997849149236 0.8340591937045848 0.8572854146981178 0.9317322870000342 0.954269268165996 0.9806495652808918 1.0584170604766912 1.1697724874563629 1.2922743858730488 1.6984165149795674 2.2210797315374826 3.94411508839295 12.054640178324858 15.206595240962274
901 12614 0.02112617164130415 11.98198998493519 0.011677539704320884 0.011677539704320884 0.04174557830276731 0.15973451484464143 0.42242254671877366 0.44295321739512883 0.44644874572751 0.47421434049663497 0.4897075670110113 0.511890838695782 0.5288401526040649 0.57057699928372 0.614956939624914 0.6182921636280806 0.6387990609159908 0.6801435662057173 0.7571670010028297 0.7774985238293157 0.8182811853312911 0.848986616022606 0.9331762472792641 0.9780713422273747 0.9901849726172007 1.0984884266684245 1.1922887925920134 1.353624389038145 1.5802323964605094 3.038051921056 7.283363464386311 9.958916017554275 11.98198998493519
1001 14014 0.011247792092400932 10.345333508581673 0.008533939476656054 0.008533939476656054 0.032495329206819065 0.12045591013361161 0.38940606217714746 0.4187401003180462 0.431257320068889 0.45252565346837154 0.47611959889005184 0.47984758942984407 0.49800875195838296 0.5309458437520876 0.5694792664916565 0.6137179807378373 0.6170492989054194 0.6453242639886546 0.7390013499580416 0.7669097740390306 0.8110992160682302 0.8388338977505612 0.9192703571664218 0.9723366001131706 1.0230505487422195 1.097541903318845 1.2433171966717078 1.574589513880987 2.2878463273667 4.678294484039499 7.925039277754917 9.104764920132782 10.345333508581673
1101 15414 0.014736815461461997 7.780979429377518 0.006543332363095026 0.006543332363095026 0.026293411800261568 0.09389486683096673 0.34651621377077235 0.3768049245825655 0.3976965271319829 0.41722444836470884 0.4462908373932955 0.471890147543761 0.5045418728564389 0.5221167641865758 0.5569156078255034 0.5784243754753673 0.619218788601071 0.6758092342007748 0.7423729087362293 0.7753136032564314 0.8512000565241027 0.9236508355082819 1.003318426561589 1.0670700686578687 1.1072656736122388 1.1707931613595521 1.330600159777997 1.7002485060754637 3.1815004667072015 5.514717346381357 6.131979835721067 7.299625761716861 7.780979429377518
1201 16814 0.03367708503128157 8.238470767049618 0.005587066023325424 0.005587066023325424 0.02141354855145677 0.07541050721031263 0.2932236479310447 0.37581387879902123 0.39123069243205116 0.40693634081240015 0.4268879541597979 0.4656629189020577 0.4906956080337049 0.5103504406961514 0.5225607722830403 0.5866038632330366 0.6003300381331217 0.6424845579349011 0.7169437823811303 0.757925409990601 0.8376383421737561 0.8843520292327097 0.9760115851622811 1.094662919712781 1.118727613648456 1.2055390197535778 1.3882220863779973 2.5206721075976 4.419491229168167 4.970563714959915 5.5714525556444014 6.196095774492772 8.238470767049618
1301 18214 0.022714264508401815 7.439145205649975 0.00435250774527002 0.00435250774527002 0.016488081446712457 0.0628369750830758 0.2302345685355577 0.3588877000496838 0.38570920852993307 0.3977062898315038 0.41560194973901216 0.45380596645642957 0.4785231130920018 0.509700564711912 0.5310015265711449 0.5769269506969312 0.62990186749071 0.6576459579972849 0.7480874652813339 0.8244782469539867 0.8398985684070175 0.9232678603993095 1.0120890142077192 1.089355834381156 1.1731063161644244 1.3211502661067491 2.072136054950278 2.802386266755041 3.982926787022359 4.5260700703995544 4.748326668883733 5.604858864352873 7.439145205649975
1401 19614 0.006271435437318859 6.621516750335237 0.0036218998648462216 0.0036218998648462216 0.013817263678799608 0.051931529764373215 0.1813491880435091 0.34601012933500863 0.3611310980624141 0.39527664939840007 0.40167715432122164 0.42077899962324367 0.43939377508522937 0.5250845705510658 0.5479939697985055 0.5627243392890939 0.648174952175349 0.6841536283654378 0.7515391545649895 0.7825191398995774 0.860530016970898 0.9699546223388394 0.9927187878719911 1.103851813681439 1.4014769095524635 1.5877590316589125 2.1189890938809364 2.9126703005781693 3.7419728500559266 3.979685086338963 4.53298214960111 5.012084797687876 6.621516750335237
1501 21014 0.002084785520389535 6.782045812371813 0.0032653740325888866 0.0032653740325888866 0.011613562267028532 0.04449389099775851 0.1504013809923485 0.323049310759155 0.34298552211295724 0.3719872148562293 0.40326634981253034 0.41369786648270235 0.4570571580624682 0.4890486856178129 0.516769895087129 0.58420079633273 0.6213119592174514 0.6671629637143701 0.6873271086943111 0.7793299546562957 0.8544480263026574 0.9419661587758611 0.9736817597673944 1.3560302925390753 1.3959841156128525 1.7414254261480595 1.8545141274812422 3.348365646143454 3.408231412486111 4.065047530521968 4.406017349311473 5.006401435421945 6.782045812371813
1601 22414 0.0001968901330128067 8.416246674502487 0.003107035967326297 0.003107035967326297 0.0105641097163893 0.04019538123486874 0.13592805110366366 0.3171360753906317 0.3383902351131178 0.3595616535070247 0.41274495000861483 0.415591688267622 0.4283743107503907 0.4570949721285506 0.5200201782546487 0.5434645615179743 0.5963642382929469 0.633056847645649 0.760230108203048 0.7816274768020938 0.8292077115001362 0.9212350903327725 0.9977397324834206 1.1338202289377763 1.3880026135950507 1.6036190141853026 1.992455745575304 3.035824729668249 3.4888316413950595 4.331188864125075 4.689234049506238 6.011547024270763 8.416246674502487
1701 23814 0.0004338503257722789 12.021430715440985 0.002908699196399247 0.002908699196399247 0.009191087405222386 0.036490196869411184 0.1250616440296968 0.2805685050168033 0.31033088232169015 0.3410944277884012 0.36481525572151113 0.37999852850820043 0.41920296104318916 0.4295694412735273 0.4767819806900309 0.4874551184349276 0.5487496613483167 0.5769343509847694 0.6563369941758161 0.7385602824822707 0.7728973739136409 0.8630217043204331 0.9399108804339841 1.0279461075123029 1.2850947701499205 1.9431130738821687 2.6476435372052984 3.2049223106753124 4.072167361446726 4.21443398610969 4.8158268065006915 6.154496693890754 12.021430715440985
1801 25214 0.000374653051726978 10.541300492544957 0.0026291088883328823 0.0026291088883328823 0.007939103870136934 0.03198410499191175 0.10541346173248867 0.23341677462854882 0.28993287602883194 0.3012263942579279 0.3265117889359999 0.3289796574941437 0.41132176702068945 0.41795621758920787 0.4427520596454474 0.46454709218541657 0.5027885656300726 0.5661088084477588 0.5794892823048291 0.7116659220300111 0.7921020553613993 0.8621825411308045 0.9314768176644792 1.3262495702413635 1.6228645958956416 1.9635347893409094 2.477203305838697 3.293975922934104 4.0473690040030394 4.798848433032971 5.873894444609022 6.654467000742528 10.541300492544957
1901 26614 0.00010597140378877187 10.110206765195406 0.0024493945378647195 0.0024493945378647195 0.007956156746306047 0.028404192021613033 0.08598830212057018 0.1816241702034897 0.20741221870549426 0.2814346320661807 0.28545175172522946 0.3152452231458333 0.37954258078391395 0.4013209903166309 0.41841815955990647 0.4248912701543432 0.48469552193770654 0.5244419038631225 0.5821543449897925 0.7146225231650764 0.8017018419932447 0.9433051023249337 0.9526392356935397 1.356337885751633 1.7513223466809478 2.1024421232764436 3.1423467152819247 3.799773182323971 4.8879852221093065 4.962586462666461 6.067575358612177 8.767471710098631 10.110206765195406
2001 28014 4.6416930199660257e-07 9.827705094826673 0.0022894900591466935 0.0022894900591466935 0.007788968722624116 0.027871578100803242 0.08987040926041467 0.12572381040890115 0.13357211043642156 0.2585944390646283 0.2666503166603288 0.2905877413272368 0.35406225737295693 0.373524121458234 0.44087018673165707 0.4430580146492561 0.4744520611993857 0.4959530097752376 0.5646390478632007 0.6969562757673733 0.7703724563756472 0.9169771083323209 1.2264456125852827 1.3673056406919348 1.9127994074670143 2.0690121285746472 3.138210075324685 3.786336596628998 4.531261908675094 5.270651850288724 5.8789731360644755 8.895304809103594 9.827705094826673
2101 29414 5.01811521169857e-11 10.119798407863415 0.0022047307342412978 0.0022047307342412978 0.008012484156431264 0.02705471558056196 0.06497238340024832 0.07143768377277294 0.08751567158867601 0.24411259574709832 0.2562259342825343 0.2842381757568118 0.34535012930673065 0.37219373221008106 0.4031086769821834 0.4445832949900999 0.48858498948105505 0.5206693399454886 0.5628614839513735 0.6683077793147375 0.787812741127545 0.964557874269373 1.2432984984999875 1.3643507365303205 1.8734715146461158 2.061336750666806 3.254892831037603 3.7709473204122803 4.344275176514295 5.274633795473436 5.595724002033868 9.346103524664901 10.119798407863415
2130 29820 3.782538789581333e-12 10.39564791464475 0.002253313773410863 0.002253313773410863 0.007917722639509848 0.0272675219162088 0.05556709844417294 0.05862030189494521 0.08732236193984018 0.24456439093591162 0.25468004267002203 0.2851163523152235 0.34431990830323106 0.3675162942578909 0.39122812150776193 0.4412275111218693 0.49101841338550883 0.5189040481691852 0.5794814883615169 0.6586160699609982 0.7783655206027433 1.0013268827437096 1.2602678279708108 1.411460166267605 1.9391816806982975 1.9999420569093596 3.283505470332889 3.8464525935278218 4.378765762198262 5.2881853691280005 5.695903646698777 9.423053904087835 10.39564791464475
