% # columns="iteration, evaluation, sigma, axis ratio, bestever, best, median, worst objective function value, further objective values of best", seed=42, Mon Jul  6 04:10:09 2020, <python>{}</python>
1 15 47.323556474222634 1.0000490012005196 10626480792.718712 1.0626480792718712e+10 31327516599.320908 62688454288.84321   
2 30 45.25657986131705 1.038099605766211 9076710610.013144 9.0767106100131435e+09 19379886169.694016 35390356071.390686   
3 45 43.92336789301197 1.0447299445042257 5502790751.097258 5.5027907510972576e+09 15289340743.796585 26275554186.161854   
101 1515 19.52127502845279 1.6289309044948694 476519771.5553173 1.0406032357772517e+09 2461550544.9871078 5414272719.5599   
201 3015 7.910358379909235 2.065531705400988 63429493.05065 1.4224442176026380e+08 386874328.49790627 949306730.7442491   
301 4515 2.4085433249299726 2.3683871981927798 9048149.986500492 1.2227291696230091e+07 34590990.7573617 92379693.92220016   
401 6015 1.5286311322467825 2.7974651523393512 3106564.5481187515 4.5675358834777800e+06 10454848.896962278 23048086.695665292   
501 7515 0.9443457924979511 3.4153955816796104 1644686.4074313666 2.3374692690026616e+06 4427638.117637287 8443167.404744277   
601 9015 0.5740053828246344 4.2993921646169655 801673.7506860564 8.0167375068605645e+05 1274582.615938058 2116067.0441066176   
701 10515 0.31455435249011043 5.560421033976354 465610.9532869838 5.1162866684358701e+05 572309.463499759 735448.1494113953   
801 12015 0.15163005492691756 7.471910429949808 307766.20725428074 3.1022649572868767e+05 327723.83572881867 397518.4051827896   
901 13515 0.16652774859830016 12.112867306654593 163117.46139270952 1.6542700434251645e+05 178327.48095845527 193017.6578332056   
1001 15015 0.159376595709024 22.10199304151149 70865.46834266899 7.5742892772246196e+04 90381.33403106578 109176.9048690514   
1101 16515 0.13471299596798658 31.474560005974535 44223.803638818375 4.6484208453008301e+04 50091.08743299066 63994.68685546003   
1201 18015 0.11311720102419219 37.39945467622267 29861.472958922448 3.1341410117743606e+04 33744.55748124118 43925.9386852524   
1301 19515 0.08136972511747605 53.895474632001545 19342.212716345057 1.9637087795567000e+04 21026.47667360292 22333.430715010647   
1401 21015 0.11713282733869071 84.05332805019803 13716.666608139018 1.4430169774271770e+04 17169.42737838676 21911.238893255155   
1501 22515 0.0970304923364262 96.9491749152943 11874.076076969253 1.1874076076969253e+04 13572.657308905915 14799.085121616758   
1601 24015 0.06486853711646443 109.55834670371515 10264.21742157365 1.0362221509996047e+04 10733.516428818024 11372.202172816047   
1701 25515 0.06842380498462033 121.31555399806416 8522.198457278177 8.7464634448764973e+03 8915.425572047316 9717.962185284028   
1801 27015 0.07289571214157195 139.3216980548878 6782.680975181555 6.7826809751815554e+03 7187.102133179349 7839.311659939327   
1901 28515 0.07920975291127905 163.80308763837346 5394.582442616172 5.4742899411405488e+03 5763.673033948598 6579.061442027644   
2001 30015 0.036255036949168984 188.8768773587967 4936.195693115603 4.9361956931156028e+03 4987.063249447394 5138.77463284221   
2101 31515 0.04310220217680757 250.836882030473 4707.627296295557 4.7524302263297204e+03 4804.22606835272 4879.455563950487   
2201 33015 0.03598199570673431 337.11637309214706 4616.394403193699 4.6234669074834455e+03 4660.57158107543 4701.431000089517   
2301 34515 0.00925968370337877 388.7422181334032 4592.963117956535 4.5935332184379549e+03 4597.891128938092 4600.620455044514   
2401 36015 0.005222682021264566 318.5882307351049 4586.330791320905 4.5869315385536975e+03 4587.827672677485 4590.431228005893   
2501 37515 0.003417664381855822 267.49326856211127 4581.903459581026 4.5819711985950298e+03 4582.720214406261 4584.468066249948   
2601 39015 0.008120026539340075 222.89474498322883 4570.940393163957 4.5709403931639572e+03 4573.1088288109195 4577.920685104106   
2701 40515 0.017615589945300093 202.3196586054577 4527.674033117122 4.5277035377429038e+03 4534.7828816805195 4547.864563802328   
2801 42015 0.018021469341928865 221.33561413243598 4473.5998734519235 4.4774094486786798e+03 4483.979294034423 4504.5511453214   
2901 43515 0.01638387019204394 261.57064170181593 4418.29118715505 4.4238949140177392e+03 4431.442064155087 4463.235422669052   
3001 45015 0.037380336938638486 335.16462533617715 4300.146812638837 4.3013560962226829e+03 4380.941847809629 4554.460772726195   
3101 46515 0.02309124428552507 362.1129024970626 4218.064050011868 4.2205663224252621e+03 4233.351389555886 4323.150753844606   
3201 48015 0.024254798008503702 451.67398429998264 4134.985075329227 4.1393236704485735e+03 4147.713712718648 4212.0146925997   
3301 49515 0.03557302370819835 544.6230879999938 4028.937972279468 4.0305569633496330e+03 4081.9474373718085 4257.798890003136   
3401 51015 0.032649590339971224 657.281647816996 3902.1251188029137 3.9028015930306701e+03 3931.053162589431 4016.7701451921166   
3501 52515 0.051727194296768385 1121.0288848719651 3678.247992280907 3.6799855307739717e+03 3717.1596418191466 3890.402808959545   
3601 54015 0.04744412445175532 1316.0029549250276 3563.1121441150226 3.5631121441150226e+03 3584.061122867607 3629.0526408674123   
3701 55515 0.07136367677645811 1411.7083983898858 3389.2791734456523 3.4137841850912491e+03 3429.4376581507104 3495.714842434978   
3801 57015 0.04677544802784521 1591.1572518688283 3262.9326298111305 3.2629326298111305e+03 3269.5280345758247 3285.5107004277565   
3901 58515 0.11100408970521622 1851.3234503034103 3021.8257051866512 3.0429767878761941e+03 3094.085308447604 3204.3621769472084   
4001 60015 0.13452907057645505 2182.487827392349 2577.955539086034 2.5779555390860342e+03 2643.4729342376095 2743.0581000548746   
4101 61515 0.08893308774610634 2375.89442152331 2440.638847396971 2.4406388473969710e+03 2462.3076532804207 2501.8209238199724   
4201 63015 0.09253983371282799 2614.173411045423 2365.5663815397697 2.3681514649252322e+03 2387.8221055470012 2418.9668234196506   
4301 64515 0.13880018590549031 2741.6300409625023 2213.7225332231587 2.2137225332231587e+03 2234.064485882618 2263.574849626333   
4401 66015 0.08921064279088511 2717.8995022064228 2121.501700160815 2.1229366051289235e+03 2131.2453999760032 2148.346656002436   
4501 67515 0.10978641205545946 2881.018064408689 2092.5978722870823 2.0954281870996133e+03 2108.3203388588304 2132.2952611138085   
4601 69015 0.05936428452377374 2993.343364457684 2071.1252061316322 2.0723617583354430e+03 2075.1549193527017 2080.6534867847035   
4701 70515 0.061150978038121334 3195.1260307396146 2049.2378492694 2.0492378492694002e+03 2054.499276308805 2057.9228134282203   
4801 72015 0.026619854996877163 3168.534307311772 2037.0449343627824 2.0381403110709414e+03 2040.8782376189165 2043.3195297561565   
4901 73515 0.018950699462917525 2914.3800290239064 2034.9365557987203 2.0361469032594737e+03 2037.1105905914148 2038.461431685409   
5001 75015 0.02153367021093006 2614.996432893226 2031.0976533181347 2.0310976533181347e+03 2033.0745605860836 2034.060715478414   
5101 76515 0.014703279954126005 2369.740355883517 2028.392059661728 2.0285838233136483e+03 2028.9721874498225 2030.3517156615037   
5201 78015 0.01553176557120746 2262.1571769157813 2025.2414939713656 2.0255787700682115e+03 2025.8787020660845 2027.0624427003738   
5301 79515 0.020564970732938465 2294.627489802713 2023.010859108837 2.0233386654064764e+03 2023.7043516594201 2024.1464703535132   
5401 81015 0.008666932791155286 2264.898139438094 2022.0255503350415 2.0220597233124379e+03 2022.1801109446096 2022.3282589127664   
5501 82515 0.009250161178435136 2127.852510571203 2021.4555207670398 2.0214628752142473e+03 2021.5463175433729 2021.7315688617455   
5601 84015 0.0040258172128059535 1860.2992926218403 2021.178464619476 2.0211894111488664e+03 2021.2131191658013 2021.2391831923098   
5701 85515 0.0017154275644343116 1531.1378748963955 2021.0726187973257 2.0210726187973257e+03 2021.0977474789145 2021.1244521506164   
5801 87015 0.0007390872663821184 1266.1212565466878 2021.0460737116468 2.0210498945960405e+03 2021.0563131364954 2021.0614436687774   
5901 88515 0.0004137779553488245 1064.5449493861304 2021.0278337581929 2.0210299051916454e+03 2021.0354229022494 2021.043319837339   
6001 90015 0.0003043008679190566 1018.0357599665164 2021.0202436986222 2.0210202436986222e+03 2021.0254891145646 2021.0306222854701   
6101 91515 0.00013958474079853498 1012.9047381118822 2021.01031519023 2.0210105295416461e+03 2021.0127126078999 2021.015202166218   
6201 93015 0.0001330562499448606 970.2184959401369 2021.0063021587748 2.0210076370278871e+03 2021.0089777593287 2021.0122907771345   
6301 94515 0.00021204773626209102 1075.6396687471959 2020.9975693931456 2.0209979327608360e+03 2020.9996784711325 2021.0023451036768   
6401 96015 0.0004925116602948535 2072.9368903247173 2020.9643849332654 2.0209645926622222e+03 2020.9676397133208 2020.971402249628   
6501 97515 0.0073945482431545684 3216.2049399167686 2020.6226971339593 2.0206244366018157e+03 2020.680600691616 2020.7254360104732   
6601 99015 0.004471596729341269 2947.157131872055 2020.3401023608894 2.0203476762734915e+03 2020.3644519433203 2020.38543010459   
6701 100515 0.0022620313886918173 2796.4708801084466 2020.2307611619085 2.0202307611619085e+03 2020.238387395284 2020.2530901892762   
6801 102015 0.0017151158179903052 2872.205610915417 2020.1757757966143 2.0201757757966143e+03 2020.1835170542365 2020.1907711910485   
6901 103515 0.0029890661814086098 2835.8842187484556 2020.0766602861513 2.0200766602861513e+03 2020.091935230024 2020.1055561995572   
7001 105015 0.0033354202163637316 2917.461187001906 2019.9550899692092 2.0199550899692092e+03 2019.9694666487771 2019.9754083908417   
7101 106515 0.0011665808613925289 2984.1461987573653 2019.9101587404432 2.0199101685872197e+03 2019.915928514957 2019.9203403035062   
7201 108015 0.00154068500991779 3112.3337774124307 2019.8770609211745 2.0198777385088360e+03 2019.8818916259847 2019.8893050603906   
7301 109515 0.0028815096953705792 3218.6088447211196 2019.7891058342923 2.0197891058342923e+03 2019.7975506592902 2019.8053760464572   
7401 111015 0.003150958609470214 3243.3604041196236 2019.7129391247338 2.0197129391247338e+03 2019.7283629394076 2019.7473232851455   
7501 112515 0.004463349236655433 3316.120886120684 2019.6135673791152 2.0196185793667312e+03 2019.6266145838235 2019.6359480288763   
7601 114015 0.005117820071352537 3381.525234996246 2019.4643255612352 2.0194652157373018e+03 2019.4777101351274 2019.4892542449415   
7701 115515 0.0016426848486001343 3388.5050337472453 2019.4194495300956 2.0194199936258558e+03 2019.422247167136 2019.4280725144015   
7801 117015 0.0011806590168665552 3479.3686974621005 2019.4049938027126 2.0194066583393014e+03 2019.408361908843 2019.4119595504847   
7901 118515 0.0005524005063814092 3436.5666104534057 2019.3983247666702 2.0193984870799491e+03 2019.4008223871451 2019.4031121912149   
8001 120015 0.0004454103087816573 3496.855343672514 2019.3938601519174 2.0193944798417856e+03 2019.3953753517021 2019.397811059931   
8101 121515 0.00021104882755989475 3508.0265276635705 2019.391004765488 2.0193910097962391e+03 2019.3921798564668 2019.3932567767106   
8201 123015 0.00010516174185751959 3700.6106101767855 2019.3895101403577 2.0193896384800148e+03 2019.3900720240722 2019.3905191021356   
8301 124515 4.8213129047871585e-05 3838.807940915824 2019.3886496907062 2.0193887458355168e+03 2019.3888962338697 2019.3893651359278   
8401 126015 3.209667273201311e-05 3847.6280839232836 2019.3881399161464 2.0193882143841295e+03 2019.3883805425332 2019.3886077260493   
8501 127515 2.2259125820260157e-05 4098.427212152222 2019.3877371800602 2.0193878861626688e+03 2019.3880244890588 2019.388208212791   
8601 129015 9.37568826995964e-06 4219.666442248921 2019.38754227706 2.0193875422770600e+03 2019.387659257735 2019.387768786172   
8701 130515 2.4292883847236905e-06 4340.400293632174 2019.3874641963503 2.0193874794171127e+03 2019.3875024032523 2019.3875251550953   
8801 132015 9.890127200862345e-07 4470.381539709222 2019.3874159746651 2.0193874159746651e+03 2019.3874369857633 2019.3874447946616   
8901 133515 3.640014840844231e-07 4414.854258315121 2019.387397220074 2.0193873994672954e+03 2019.3874103826256 2019.3874227145825   
9001 135015 1.746280511238763e-07 4458.289836316258 2019.3873924688678 2.0193873957242095e+03 2019.3873980603453 2019.3874024023257   
9101 136515 7.185634616857935e-08 4511.9190239625705 2019.387391426592 2.0193873916052289e+03 2019.3873922172102 2019.387393852935   
9201 138015 2.7044413737464282e-08 4486.821388833601 2019.3873907891727 2.0193873907891727e+03 2019.3873908439193 2019.3873910229067   
9301 139515 4.30028523057513e-08 6980.987267694538 2019.3873895798324 2.0193873895798324e+03 2019.3873896991076 2019.387389983303   
9401 141015 1.0921169213324962e-07 15560.402437694132 2019.3873821180068 2.0193873821180068e+03 2019.3873829887327 2019.3873840188091   
9501 142515 8.65229419656548e-07 52431.79370238973 2019.3872651691097 2.0193872652385860e+03 2019.387280128739 2019.387295359029   
9601 144015 9.240548377296339e-05 58467.0911794309 2019.3827897859278 2.0193827897859278e+03 2019.382990380899 2019.3831800535759   
9701 145515 0.0002204118145193638 46938.320312298536 2019.3802951076505 2.0193803965620616e+03 2019.3807732912278 2019.3814259934604   
9801 147015 0.00027651894247980954 35586.82689484359 2019.3779521906044 2.0193783529319617e+03 2019.3785972237579 2019.3804462527082   
9901 148515 0.00015226633836620858 30833.172324400595 2019.3766536958406 2.0193767618236645e+03 2019.3768738742901 2019.377171583506   
10001 150015 0.00012989292660529246 28239.32165419155 2019.3754702008393 2.0193754887865614e+03 2019.3756118179274 2019.3758867955046   
10101 151515 0.00020848471966781123 25032.216690644964 2019.3732702780849 2.0193733032763989e+03 2019.3735540128068 2019.3738015111762   
10201 153015 0.0003176573861190402 21193.369448899164 2019.3714838345968 2.0193716568754335e+03 2019.3719471252934 2019.3720898737963   
10301 154515 0.00026620637482654914 18925.931472431985 2019.3700819783576 2.0193701151266298e+03 2019.3703665338267 2019.370634774672   
10401 156015 0.00030208332300314975 17213.461900894006 2019.3687154679478 2.0193687154679478e+03 2019.369011845518 2019.3692521589667   
10501 157515 0.0003109604829756341 16013.499825356277 2019.3666983598662 2.0193666983598662e+03 2019.3669765095844 2019.367264721606   
10601 159015 0.00038463830523856584 14548.866629836215 2019.3647958013098 2.0193650170913431e+03 2019.365131260555 2019.365419299461   
10701 160515 0.00019667833106798205 13344.921839291777 2019.3639175725652 2.0193640289622176e+03 2019.3641657597946 2019.364266824873   
10801 162015 8.249688218142465e-05 12835.897634455665 2019.3633968231627 2.0193634489004560e+03 2019.3635279721257 2019.363624691445   
10901 163515 3.595479020350187e-05 12816.254570122579 2019.363262324016 2.0193632756704651e+03 2019.3633088825281 2019.3633386181566   
11001 165015 2.3280298759854506e-05 12592.970775521007 2019.3631565603782 2.0193631689715958e+03 2019.3631990242939 2019.3632341489847   
11101 166515 1.5305360836797592e-05 12658.26107260681 2019.3630845909645 2.0193630879306711e+03 2019.3631128680172 2019.363138498505   
11201 168015 1.0134359373178261e-05 12804.815556799334 2019.3630394138027 2.0193630499109495e+03 2019.3630645101018 2019.3630781829513   
11301 169515 7.12730076186784e-06 12683.71601803541 2019.3630014686096 2.0193630061574427e+03 2019.3630161425 2019.3630308280722   
11401 171015 3.240441136120386e-06 13232.16246102742 2019.3629758238146 2.0193629781521413e+03 2019.3629850536072 2019.3629923327894   
11501 172515 1.9312190693025973e-06 12882.72764472528 2019.3629624826358 2.0193629638943885e+03 2019.3629670706548 2019.36296902288   
11601 174015 1.1881416063467163e-06 13352.11461425264 2019.362950070303 2.0193629503557713e+03 2019.362951554373 2019.3629528213635   
11701 175515 4.6895068728728955e-06 17097.40686719346 2019.3628959963198 2.0193628959963198e+03 2019.3629055858214 2019.3629173124282   
11801 177015 1.6689266226042455e-05 6359.887327299573 2019.3627425626723 2.0193627477069022e+03 2019.3627655630407 2019.3627775608334   
11901 178515 1.4434865597833214e-05 5997.0563614586545 2019.3626676692313 2.0193626708054987e+03 2019.3626800287582 2019.3626919517058   
12001 180015 1.3080122378934022e-05 5946.135566524744 2019.3625806461819 2.0193625809978130e+03 2019.362595259635 2019.3625996540768   
12101 181515 4.5942386018550697e-05 6079.006687916182 2019.3623938386845 2.0193623938386845e+03 2019.3624274542753 2019.3624541545223   
12201 183015 0.0001421443904821041 5439.03915276843 2019.36182771301 2.0193618390430336e+03 2019.3618874161261 2019.3620161756478   
12301 184515 0.0003221115700015323 4950.205451231022 2019.360798179104 2.0193608947938708e+03 2019.3610205414377 2019.3612220524128   
12401 186015 0.0001567921344828484 4722.044435118274 2019.3602690388275 2.0193602690388275e+03 2019.3603496613273 2019.3604078832893   
12501 187515 7.290626429955809e-05 4619.119658351685 2019.3600473397908 2.0193600508265013e+03 2019.3600787802388 2019.3601042779217   
12601 189015 5.7953659522955074e-05 4556.237211092833 2019.3599504532126 2.0193599527721776e+03 2019.3599795544915 2019.3599936456087   
12701 190515 3.9326770245042656e-05 4455.979107407478 2019.3598591025607 2.0193598658268015e+03 2019.3598826774341 2019.3599052385157   
12801 192015 1.866357404851641e-05 4490.350963146005 2019.3598109136271 2.0193598122743633e+03 2019.3598225612814 2019.359832480256   
12901 193515 1.411936424764176e-05 4539.420209132265 2019.3597665188504 2.0193597665188504e+03 2019.3597753841304 2019.3597825167442   
13001 195015 0.00010413179384180769 4645.383980949369 2019.359533204887 2.0193595332048869e+03 2019.3595650281277 2019.3596076683245   
13101 196515 0.00023595656788231837 4543.773409884365 2019.3588124375894 2.0193588204990579e+03 2019.3588940162997 2019.3589308792093   
13201 198015 0.00020861237851621634 4308.38539185479 2019.358246158074 2.0193582461580741e+03 2019.3583044738843 2019.3583742291255   
13301 199515 0.0001958863780677422 4271.537044569243 2019.3578490670316 2.0193578490670316e+03 2019.3579051548006 2019.357931725646   
13401 201015 0.00014528200430641473 4148.384145713912 2019.3576049617568 2.0193576224419451e+03 2019.3576364013188 2019.357669901745   
13501 202515 8.301400364270914e-05 4076.300490902637 2019.3575045459652 2.0193575118931292e+03 2019.3575220129364 2019.3575391736201   
13601 204015 2.4401812381937903e-05 3886.7982965328238 2019.3574551793793 2.0193574594166882e+03 2019.3574659568224 2019.357474500721   
13701 205515 1.302507952279385e-05 3939.1001745109693 2019.3574419826846 2.0193574422689364e+03 2019.357443849418 2019.3574471831125   
13801 207015 1.559726705395165e-05 4010.6082301040615 2019.3574251827354 2.0193574273189629e+03 2019.3574298734552 2019.357432696605   
13901 208515 1.8582325749656795e-05 4094.5200542320467 2019.3574012102397 2.0193574013902296e+03 2019.357404550491 2019.3574133344064   
14001 210015 3.3000612026156814e-05 4114.097716598502 2019.3573516898923 2.0193573518485780e+03 2019.3573564923286 2019.3573634509457   
14101 211515 0.00012647212469104723 4182.038654082207 2019.357205560289 2.0193572195132333e+03 2019.3572293113943 2019.35725894816   
14201 213015 0.00040907611582953544 4129.87475886695 2019.3565967189397 2.0193566086843964e+03 2019.3566511752415 2019.3568481799055   
14301 214515 0.0002593265007559331 3994.428439409213 2019.355701885549 2.0193557018855490e+03 2019.3557477029851 2019.355794590801   
14401 216015 0.0003173284081491655 3805.60817083872 2019.3552330716004 2.0193552382009921e+03 2019.355299205659 2019.355348217083   
14501 217515 0.0008662247650958206 4024.2594238738175 2019.3531339947556 2.0193531339947556e+03 2019.3534675748206 2019.353708543496   
14601 219015 0.0007579826139326377 4382.701899976343 2019.352093750514 2.0193520968107448e+03 2019.3522237433617 2019.352473367439   
14701 220515 0.001724921400111846 5220.723201869996 2019.3484530373034 2.0193485034619246e+03 2019.3488490366071 2019.3496451426936   
14801 222015 0.0006757546149392988 6081.766631601271 2019.3454263930585 2.0193454263930585e+03 2019.345491600189 2019.3456106220913   
14901 223515 0.00036896409321737035 6078.2124623738 2019.344825091244 2.0193448250912440e+03 2019.3448710325117 2019.3448890879254   
15001 225015 0.00033257055711857 6054.453888131751 2019.344432665415 2.0193444570708257e+03 2019.344486705184 2019.3445190500347   
15101 226515 0.0003356662235499747 6632.99917078859 2019.3440736523073 2.0193440811671132e+03 2019.3441016448537 2019.3441512477266   
15201 228015 5.700502707170731e-05 6645.23009226349 2019.3439900308888 2.0193439900308888e+03 2019.343997329799 2019.3440049068133   
15301 229515 1.9657033819851682e-05 6580.99504671325 2019.3439759973073 2.0193439759973073e+03 2019.3439768594358 2019.3439779940832   
15401 231015 2.3587939675785852e-05 6183.119104765494 2019.343971219793 2.0193439716922369e+03 2019.3439728833368 2019.3439743909848   
15501 232515 1.4617050170779934e-05 6066.821855170248 2019.3439663258391 2.0193439663746981e+03 2019.3439668019041 2019.34396761379   
15601 234015 2.6261959528750168e-05 6280.822138043331 2019.3439582399653 2.0193439584767741e+03 2019.343959032866 2019.3439606071472   
15701 235515 4.320113028100581e-05 6333.892317292573 2019.3439400135635 2.0193439400135635e+03 2019.343941781628 2019.343947135639   
15801 237015 8.134910411370434e-05 6835.706159511009 2019.3439063842984 2.0193439063842984e+03 2019.3439111284647 2019.3439196789627   
15901 238515 0.00012014717590621605 6844.868446879326 2019.343830349218 2.0193438303492180e+03 2019.3438432215312 2019.3438495781531   
16001 240015 0.0002429188378801957 6914.719130278516 2019.3436575082596 2.0193436575082596e+03 2019.3436851707754 2019.343698833001   
16101 241515 0.0007634334410285181 8169.408735589547 2019.3429573155313 2.0193429573155313e+03 2019.3430730708915 2019.34314512525   
16201 243015 0.00027170834045982473 8152.731642694373 2019.3424022574923 2.0193424022574923e+03 2019.3424206498962 2019.3424286572028   
16301 244515 6.144045457046481e-05 8327.182949625729 2019.342367013863 2.0193423679757132e+03 2019.3423699799062 2019.3423717545513   
16401 246015 2.8205053543952765e-05 8221.13186176351 2019.34236126501 2.0193423612650099e+03 2019.3423619046275 2019.342362275094   
16501 247515 3.892222959071978e-05 8380.121182566658 2019.3423568322778 2.0193423568322778e+03 2019.342357522205 2019.342358074821   
16601 249015 7.844742075148201e-05 8254.942065215131 2019.342341372446 2.0193423413724461e+03 2019.3423427490739 2019.3423457247202   
16701 250515 0.0005630422609318103 8486.689644426559 2019.3421121323597 2.0193421121323597e+03 2019.342156512319 2019.342190125505   
16801 252015 0.0014423168622127336 8438.299804008368 2019.340158518885 2.0193402230593474e+03 2019.3403616604949 2019.3404830585991   
16901 253515 0.0002333568531633963 8689.74311468682 2019.3398398736456 2.0193398398736456e+03 2019.3398462343873 2019.3398623343649   
17001 255015 4.5121513847896176e-05 8992.719372618923 2019.3398187619957 2.0193398187619957e+03 2019.3398191251142 2019.3398200324116   
17101 256515 2.423692251751441e-05 8859.098053725624 2019.3398171846586 2.0193398171846586e+03 2019.339817303005 2019.3398174929623   
17201 258015 4.122874541877715e-05 8676.787187714783 2019.3398147560335 2.0193398147560335e+03 2019.3398151096737 2019.339815641974   
17301 259515 0.0001089566135595966 8877.431462649141 2019.3398003805773 2.0193398003805773e+03 2019.339801747784 2019.3398055681232   
17401 261015 0.000707654797076586 8887.520730240843 2019.3395767270185 2.0193395788755540e+03 2019.3396041287474 2019.3396507843006   
17501 262515 0.00039058615747447216 9430.836630504253 2019.339180907441 2.0193391809074410e+03 2019.3391928550702 2019.339206407498   
17601 264015 6.23095547762542e-05 9706.145835665911 2019.3391498376568 2.0193391498424519e+03 2019.3391501956542 2019.339150868841   
17701 265515 2.7464097110400413e-05 9879.55914997298 2019.3391478706328 2.0193391478706328e+03 2019.3391479602158 2019.339148156254   
17801 267015 8.335217149811647e-05 9904.687294215613 2019.3391421564654 2.0193391421564654e+03 2019.3391429026667 2019.339143655705   
17901 268515 0.0008079228681260656 9961.89712195932 2019.338982827717 2.0193389828277170e+03 2019.3390156832224 2019.3390456243403   
18001 270015 0.001132273669290822 10599.510534128542 2019.3369768079306 2.0193369768079306e+03 2019.3370530374575 2019.3371651699686   
18101 271515 0.00011056694319369693 10255.333383565414 2019.3368478111233 2.0193368478364487e+03 2019.3368492530724 2019.3368499627275   
18201 273015 1.5065122497139904e-05 10171.462621250857 2019.3368460257975 2.0193368460310232e+03 2019.3368460433605 2019.3368460731074   
18301 274515 5.045153316607064e-06 9993.839864560556 2019.336845981035 2.0193368459810349e+03 2019.3368459829835 2019.3368459837966   
18401 276015 1.1497911171121484e-05 10196.914493534157 2019.336845921216 2.0193368459232261e+03 2019.3368459263515 2019.336845941383   
18501 277515 5.037210144989287e-05 10347.003755995327 2019.3368448381884 2.0193368448381884e+03 2019.3368450067776 2019.3368451662848   
18601 279015 0.00023677729826311158 11340.521394281162 2019.336830298461 2.0193368311934166e+03 2019.336832855267 2019.3368352031016   
18701 280515 7.434942064567875e-05 15294.061912754572 2019.33681652104 2.0193368165578547e+03 2019.3368166407581 2019.3368167691847   
18801 282015 7.050354394858313e-06 16138.057367354935 2019.3368160075133 2.0193368160076473e+03 2019.3368160090142 2019.3368160110267   
18901 283515 1.4699095582304845e-06 16721.94954031295 2019.3368160026107 2.0193368160026107e+03 2019.3368160026916 2019.3368160027412   
19001 285015 5.396489779216366e-06 16215.42941662968 2019.3368159939937 2.0193368159939937e+03 2019.3368159950414 2019.336815996111   
19101 286515 2.3777053223285245e-05 16597.324494329252 2019.3368158638718 2.0193368158638718e+03 2019.3368158722806 2019.336815888888   
19201 288015 9.484835105114064e-05 17336.01771335748 2019.336813611005 2.0193368136551478e+03 2019.3368138339708 2019.336814287318   
19301 289515 0.0003335196393569642 51482.151553129894 2019.3367857011674 2.0193367864597803e+03 2019.3367880978808 2019.3367908673495   
19401 291015 0.0002787313922638494 60153.32422082518 2019.3367484439186 2.0193367499566057e+03 2019.3367518697246 2019.336758102203   
19501 292515 0.000399039541905568 68533.62990651134 2019.3367019416019 2.0193367051101513e+03 2019.336707051232 2019.3367187855727   
19601 294015 0.0003699804744609512 75857.01228961235 2019.3366332240148 2.0193366332240148e+03 2019.3366396479787 2019.3366793284372   
19701 295515 0.0003156097828668302 73603.78949036918 2019.3365941851382 2.0193365955256388e+03 2019.336599468472 2019.3366365795507   
19801 297015 0.00030397279991223254 69485.4566005763 2019.336559791952 2.0193365603807054e+03 2019.3365656848557 2019.3365758994103   
19901 298515 0.0004082175609985062 75085.73961778014 2019.336505951013 2.0193365076212585e+03 2019.3365126831175 2019.3365248383502   
20001 300015 0.000419234140938634 80485.48654632838 2019.3364307842292 2.0193364352421654e+03 2019.336441631115 2019.3364643801137   
20101 301515 0.0003434118759233864 85332.33928963482 2019.3363598324343 2.0193363605122590e+03 2019.336364775621 2019.3363778599453   
20201 303015 0.0003337094542700868 89156.78651692404 2019.3362988556905 2.0193363016945079e+03 2019.336305497667 2019.3363194420645   
20301 304515 0.00034061580752340763 93481.47997223612 2019.3362420087074 2.0193362421884426e+03 2019.3362516338973 2019.3362643760406   
20401 306015 0.0003047041002914326 98128.37841162639 2019.3362003834186 2.0193362003834186e+03 2019.3362073647154 2019.336216522895   
20501 307515 0.00025442356929436294 99709.16497384265 2019.3361678179288 2.0193361678300028e+03 2019.3361705859238 2019.3361959158585   
20601 309015 0.0002297687865639757 105791.45481352945 2019.3361397593903 2.0193361397593903e+03 2019.3361416354883 2019.3361607761879   
20701 310515 0.00015233400555974378 105386.92548980848 2019.3361264456166 2.0193361266971854e+03 2019.3361275401771 2019.3361300397773   
20801 312015 0.0001571962851375787 114032.90879647293 2019.3361162135861 2.0193361162135861e+03 2019.3361167837206 2019.336118744654   
20901 313515 0.00011085272681483186 124232.4601679577 2019.336110918259 2.0193361109722337e+03 2019.33611137699 2019.3361130330923   
21001 315015 7.570889926479571e-05 138344.43555372552 2019.3361084337505 2.0193361084793605e+03 2019.3361085928343 2019.3361094981005   
21101 316515 3.228538015249885e-05 135944.98944593314 2019.3361078037558 2.0193361078037558e+03 2019.3361078464418 2019.336108002965   
21201 318015 1.094724888026285e-05 152591.05329932872 2019.3361077094667 2.0193361077098100e+03 2019.3361077121929 2019.336107726978   
21301 319515 2.860043060231347e-06 152464.82899810147 2019.3361077026102 2.0193361077026234e+03 2019.3361077027462 2019.336107702983   
21401 321015 1.919324698671203e-06 153930.95683046992 2019.336107701927 2.0193361077019269e+03 2019.336107702026 2019.336107702083   
21501 322515 4.1050479415313826e-06 155187.74824038162 2019.3361076997458 2.0193361076997458e+03 2019.33610769998 2019.3361077004258   
21601 324015 2.7139172799769623e-05 152701.90524624317 2019.3361076562855 2.0193361076566266e+03 2019.336107663473 2019.336107675471   
21701 325515 0.00010033645201942144 149660.9173930443 2019.3361069793727 2.0193361069843081e+03 2019.336107051582 2019.3361071412564   
21801 327015 0.00027372293226475086 149134.68175395977 2019.336098224916 2.0193360983910568e+03 2019.3360988331578 2019.3361000823743   
21901 328515 0.0002677557524700776 121832.82983500155 2019.3360774968496 2.0193360774968496e+03 2019.3360785225525 2019.3360815743174   
22001 330015 0.00018035676549053663 97251.38736562167 2019.336068280029 2.0193360684602337e+03 2019.336069025876 2019.3360700053172   
22101 331515 0.0001492397043591412 103272.99075884398 2019.3360639323107 2.0193360639323107e+03 2019.3360643087433 2019.3360647505078   
22201 333015 0.00013215998527867442 117542.4915168938 2019.3360601853694 2.0193360601853694e+03 2019.3360604354496 2019.3360611525281   
22301 334515 0.00014530760928550758 144901.17230665754 2019.3360576786467 2.0193360576786467e+03 2019.3360580158421 2019.3360588871   
22401 336015 5.451867334750464e-05 145172.37754567832 2019.3360566682447 2.0193360566818103e+03 2019.3360566992828 2019.336056752515   
22501 337515 6.0232134245172055e-05 165332.0419903512 2019.3360560827173 2.0193360560827173e+03 2019.3360561416612 2019.3360562564196   
22601 339015 8.984041829120988e-05 179064.60730073726 2019.3360553295956 2.0193360553430596e+03 2019.3360554134472 2019.336055766524   
22701 340515 0.0001305800940910702 169618.67120488462 2019.336053451422 2.0193360534514220e+03 2019.336053697074 2019.3360541384766   
22801 342015 7.970523941533324e-05 153267.23179071708 2019.3360520854733 2.0193360520854733e+03 2019.3360521428342 2019.3360526066624   
22901 343515 3.0920424096092054e-05 139964.85240436756 2019.3360519467763 2.0193360519493874e+03 2019.336051957541 2019.3360519795756   
23001 345015 1.9558935809043915e-05 149154.88732073965 2019.3360519028802 2.0193360519038436e+03 2019.336051907499 2019.3360519177443   
23101 346515 1.1810779749977257e-05 1962.1368023801106 2019.336051881558 2.0193360518815580e+03 2019.3360518828968 2019.3360518838533   
23201 348015 2.4900924951796803e-06 1942.79770496238 2019.336051878741 2.0193360518787474e+03 2019.3360518787742 2019.336051878829   
23301 349515 3.604495483363634e-07 1935.9409380279244 2019.3360518786449 2.0193360518786458e+03 2019.3360518786465 2019.3360518786492   
23367 350505 2.124831738148172e-07 1950.7841505413323 2019.3360518786435 2.0193360518786440e+03 2019.3360518786449 2019.336051878646   
