% # columns="iter, evals, sigma, 0, fitness, xbest" seed=43, Mon Jul  6 00:51:00 2020, <python>{}</python>
1 14 46.38603083062992 0 100757674954.97287 17.422630913487342 -77.58477477592817 23.962815379753334 -26.830397461309214 -97.0331136033695 66.13334214648773 -12.760568910666837 1.97644882200995 23.595487708304606 62.92497037293317 -37.74673966251442 72.9056348521271 -2.248862806059979 -40.235905338633316 5.472865492336313 -31.849101525232086 -5.1511478985959425 75.24877612278394 -94.56189990793426 3.2784597002842837 -0.8510762438169098 -15.779143231956317 -23.30878001604806 34.02238748994385 -30.305683328251593 -65.36048563342291 -75.4875047353615 -15.495893432731819 45.27116058339189 27.712588750588246
2 28 44.656963738877984 0 72215453023.52924 27.402703871721673 -5.675426922708681 22.562499343859777 -74.69178216212222 10.126190832762322 73.02361631756466 14.780725409953902 35.93216970306994 19.112679237715938 -18.8707431534461 -31.00273499236422 21.50442059602667 11.805212724768339 -70.14486729117928 46.06934819911636 -26.94599215768808 20.188022437837674 49.63643634683789 -50.765637252162115 -2.579014519098429 -66.03000663751462 5.024437848542098 -0.641313043700432 -21.981240004195573 29.63131688494254 -41.756923066620075 -80.31238992082359 -3.885390614186571 9.828484280075577 52.51214123511059
3 42 42.86588207278306 0 104624047655.71986 65.06626961992603 18.16125460185956 -1.0700596779690699 -32.193338757540126 -20.49392069499391 49.45882180367528 21.616393287709492 21.262933890669252 60.713100880789156 5.368585395441232 5.4669956443628465 8.176112122900232 40.035532249375365 -21.614440119497168 24.44844950163379 -19.86505615807279 62.517181706652906 67.10960564842415 -18.17534727288117 -1.5559809449982502 -25.526028526316473 0.7038282495648569 -9.323597976303677 -99.84675995570362 3.2247197523292512 -85.45262517671453 -98.47326396566453 -30.098632892036214 32.81561910805073 97.582827106122
101 1414 2.397836656176425 0 281255137.2634071 -63.86071700600474 -73.3891709979186 -32.08897474141858 -56.61465002428994 24.05328642138534 60.599414111185105 33.00575463011127 21.563378777672785 77.62448376279238 -60.206669216442336 29.575803222029858 65.97709872995158 -25.700083467705888 25.236716702260942 -56.37902937562236 -42.423056320553094 24.276153511972772 59.66228038192986 -38.85522190339556 5.720129398752607 12.843821000655295 -2.2036062641850274 -52.13227414580217 -35.013365700701996 34.16601791023595 0.7209335837615445 -63.488563261921996 -39.16123371918649 -9.959514883533075 -18.863513338095757
201 2814 0.05018585900484395 0 79459.3036541 -63.137156626785746 -70.44276221070696 -29.72511342688912 -58.32406621092986 22.08117661102924 59.90684756634654 30.586241635124754 18.571315844110387 76.69242452161373 -51.36702779586791 35.342104771563825 65.57534163733415 -28.673870846722703 26.22240755309142 -52.52316056845913 -40.189647974886704 23.50764031495757 64.35515339498646 -40.12592051875163 5.116325812176304 17.60214521279405 -3.94915698073519 -48.01926131446904 -30.312829513743864 31.475305920569667 -1.4800152647854252 -61.51356779530699 -40.92430563317849 -9.87735621203657 -20.290612950979458
301 4214 0.000983045928277509 0 567.2425154888174 -63.13162244740551 -70.43108142340691 -29.609712944083523 -58.326999877800915 22.090187694824436 59.937598718491806 30.57052960218259 18.559064368765117 76.68046040889458 -51.25397936525427 35.519765503679885 65.58809909888991 -28.673519422782903 26.30094410309043 -52.58427451992642 -40.19058444962655 23.47083840944751 64.29533696494663 -40.06844164759318 5.151573937511616 17.6104102056597 -3.9438315312115235 -48.04992128666995 -30.300914486831672 31.49256041710109 -1.4689695262295273 -61.51969695721777 -40.975357126140324 -9.929914279945969 -20.332238358637394
401 5614 3.085631897815797e-05 0 534.9468681183687 -63.131158643320134 -70.42955095685134 -29.61017341690196 -58.326778619537976 22.08960603453608 59.93873771984158 30.569357452487395 18.558748090984608 76.68039729367787 -51.257667847083454 35.51976787297964 65.58996124342387 -28.672213457359497 26.30002993225446 -52.58401340947657 -40.191374361888975 23.47025172111609 64.29464657286826 -40.06873416989031 5.15130725479003 17.611474236189224 -3.944071492127995 -48.04848195801923 -30.299806867792217 31.491559175984833 -1.4697023549331216 -61.51967819765591 -40.97402041760995 -9.930374327564591 -20.331605633346268
501 7014 5.724210643887423e-05 0 534.6866777017367 -63.128417459306235 -70.42954583706168 -29.61024024834245 -58.3267421663482 22.08958665194881 59.93868607664429 30.569226380948376 18.558770035596435 76.68038390543592 -51.25110741280101 35.5200970786794 65.58995736489578 -28.67218961552982 26.29996162684281 -52.58485908448881 -40.191399976082785 23.470217626480764 64.29459960355892 -40.06871001687155 5.151281330995876 17.611390990501473 -3.9440613539234617 -48.048439069182464 -30.299748531936924 31.491565875443342 -1.4696314740688223 -61.51967547226969 -40.97402567671331 -9.930378499199737 -20.331635805826753
601 8414 0.00033667601799125557 0 527.7244038424351 -63.05413893856585 -70.42952520069753 -29.609890019689217 -58.32678303190369 22.08954895013674 59.93903436762858 30.569195308535306 18.558621427394037 76.68061446676596 -51.0703108321739 35.53094993927286 65.59005722138707 -28.672232274748097 26.300049202613458 -52.61103779847886 -40.19142543724691 23.469986061570427 64.29436169962015 -40.06867029935912 5.151140166802275 17.611421503305962 -3.9442549451274824 -48.048270645521775 -30.299897644511965 31.491747982620723 -1.469369312147491 -61.519399967452145 -40.973882601486906 -9.93087430548351 -20.3315460374052
701 9814 0.002633379390959229 0 267.43944250962954 -59.049783670782226 -70.42962908749078 -29.608979683377854 -58.326865535402845 22.08727951854604 59.93882904934038 30.56893280691665 18.556850894098318 76.68214889924585 -41.338502494498876 36.10455761209053 65.5901650303136 -28.67290807423072 26.299981806985155 -54.00341530028561 -40.19211350032588 23.470371198370028 64.29713167758379 -40.069696597229076 5.150155579499357 17.609203059548655 -3.9432531360440226 -48.04748829383516 -30.301373653579283 31.491081006589383 -1.471850366367518 -61.51767887638987 -40.97322432307544 -9.930346306641137 -20.333536908749046
801 11214 0.00010770327655137452 0 100.11421244180353 -55.268752368771985 -70.42956897251332 -29.6100667185795 -58.326713270129176 22.089585407885508 59.93868621308242 30.569308582697417 18.5588649710995 76.6804017743089 -32.14650781876306 36.64685367049685 65.58995507420602 -28.672164969462518 26.299915228364785 -55.31534846243362 -40.19133511640585 23.470196518883224 64.29459825232448 -40.0687743306601 5.15133152092425 17.611545253888906 -3.944076050673442 -48.04840860314811 -30.299782025743685 31.491538288764986 -1.4696737189435454 -61.51964051106089 -40.97400657802113 -9.930388320519246 -20.331681675470204
901 12614 2.3649767146285923e-06 0 100.00003459586019 -55.27654362258651 -70.42955951390731 -29.610181329635168 -58.326762601103354 22.08960182302739 59.93875004535174 30.569317813128333 18.558738952659883 76.6804219119972 -32.16571740353703 36.64575695385408 65.5900130643217 -28.672203459312907 26.300036324326445 -55.31262861693397 -40.19138109970279 23.470236904887273 64.29463490422316 -40.06871167192887 5.15128321721624 17.61147440091148 -3.9440737765593394 -48.048450483885915 -30.299785945075595 31.491553165812917 -1.4697166893916849 -61.519661101159485 -40.97399395929939 -9.930406525341047 -20.331660760982786
1001 14014 6.926676656910367e-08 0 100.00000002069079 -55.27639376389989 -70.42955973923715 -29.6101818700885 -58.32676328737233 22.089601872212068 59.9387499161576 30.569319861917283 18.55873625800035 76.680420947053 -32.16535732073051 36.64577862019267 65.59001172535527 -28.67220205048365 26.300034997324683 -55.31268039248722 -40.19138038164419 23.470238264577375 64.29463505049743 -40.06871242305301 5.151282896752942 17.61147470219414 -3.94407382838775 -48.04845005595037 -30.29978632896355 31.491552921649628 -1.4697162169136013 -61.51966286599169 -40.973994790664605 -9.93040588806729 -20.33166134485575
1101 15414 1.5366683062510567e-09 0 100.00000000001096 -55.27639869942961 -70.42955971803504 -29.610181874285228 -58.32676327683188 22.08960187718621 59.938749885023554 30.56931985122404 18.558736266219928 76.68042093335796 -32.1653693364455 36.645777921552046 65.59001176979483 -28.67220205649232 26.300034944391175 -55.312678657226584 -40.19138036205576 23.47023827339047 64.29463505038844 -40.06871236467038 5.151282886406064 17.611474739675366 -3.9440738057520344 -48.04845003797311 -30.29978630596569 31.49155294081035 -1.4697161704304076 -61.51966287845639 -40.973994787799924 -9.930405882678436 -20.331661375904673
1177 16478 9.707748443014336e-11 0 100.00000000000003 -55.276398505419905 -70.42955971809366 -29.610181874405693 -58.326763277080715 22.089601877179255 59.93874988518441 30.569319851073455 18.558736265907214 76.6804209336262 -32.16536886517355 36.64577794932969 65.59001176878725 -28.67220205657733 26.300034944996476 -55.31267872534715 -40.19138036305976 23.4702382718739 64.29463505017092 -40.068712364932125 5.151282886602764 17.61147473824497 -3.9440738055600635 -48.04845003784423 -30.29978630614173 31.491552941266065 -1.4697161696303649 -61.51966287821135 -40.973994788146456 -9.930405882132499 -20.33166137539936
