% # columns="iteration, evaluation, sigma, void, void,  stds==sigma*sqrt(diag(C))", seed=792167, Thu Jul  2 11:23:19 2020, <python>{}</python>
1 14 51.78822597172756 0 0 51.73296342325932 51.738431557815844 51.56010732810586 51.6556199854858 51.627715566861745 51.73786696324773 51.88999040734358 51.643720815104416 51.59036980096598 51.79479194046102 51.97689261177424 51.71625929157032 51.69633874619754 51.642798021653675 51.73676651355245 52.10205314083043 51.765695704577986 51.55866031641997 51.629197044188636 51.53719377299671 51.61163586862328 51.51803949317718 51.87271343458053 52.027863826588 51.84911553346114 51.94103015598435 51.8506426276674 51.91856611017269 51.699713751064486 51.75526584233151
2 28 56.77228874438023 0 0 56.639673612762856 56.34913575308545 56.62534065190737 56.558295576165854 56.65516427937247 56.755830654394295 56.878433988892986 56.62679713482076 56.554542966518525 56.79681848312856 56.88611610806889 56.841876685597846 56.61785415226398 56.60233737900188 56.717328454755474 56.764860910195736 56.56397111095274 56.415155066366275 56.408048840159374 56.61121656274137 56.57476387917219 56.50519204308556 56.66920312346614 57.16174497570016 56.66677622953993 57.16032921631848 57.11760047731265 56.780503790917635 56.91265194605811 57.08986471566835
3 42 65.13861619829014 0 0 64.9119314256896 64.51820427759363 64.91452574872885 64.52501516936647 65.13001747936543 65.14690806726273 65.23596492858043 65.09850561912648 64.80128901431887 65.1076843855012 65.30312888692487 65.08863863231528 65.01553576949038 64.89672856746171 65.18979231936969 65.30023996687909 64.89584663138693 64.72236197648276 64.70807373679672 65.02389426303876 64.80471646742717 65.02048121881248 64.97046677810853 65.5404180727639 64.91613916672459 65.68844708624982 65.34210540585912 65.14387278287948 65.26882119193503 65.50982306274746
101 1414 0.22303983094020818 0 0 0.21503165228962376 0.1908866394778074 0.20951709985668718 0.20279335760521988 0.2164238280077945 0.20948132545132142 0.20563237641595164 0.20913127728175734 0.21558736592776395 0.2241699185918796 0.2195813591755017 0.2192167549952744 0.20661335626694616 0.2139439589795086 0.2096072868374846 0.22006503579430337 0.2064481610363472 0.20539828582945574 0.19706389883333147 0.2040058824445259 0.21231617522986243 0.21166762534050002 0.19411753252026426 0.22769669542799786 0.210670619721616 0.21385913192286163 0.20059091150409042 0.20956159864145596 0.21783480117678847 0.19767136917987635
201 2814 0.02248901812048434 0 0 0.021353453602440953 0.017843474965910298 0.020426238393636 0.019461385597260617 0.02134599237949814 0.019731595165401107 0.01941444929109861 0.02018646275178996 0.01789486316043328 0.022531692076709797 0.021869375268632838 0.021218434302256138 0.04027703885038187 0.021893991447614298 0.01996783778070708 0.021142416422228288 0.0269022812552515 0.020279478278027528 0.018479637733540867 0.01970920751668595 0.020779928447323428 0.01961142388397856 0.0169972324685521 0.025119699988747607 0.01942526290510079 0.020483734070719645 0.017676172646945338 0.018281041744398235 0.020966503743170887 0.018158213765305187
301 4214 0.002258819108981214 0 0 0.0024552001457550684 0.0017514368235799023 0.0019322016846328868 0.001832073151356675 0.002228795769124489 0.0018634190106424629 0.002064202237372664 0.0019287542553815833 0.0015912205103207548 0.002209936776297909 0.002175763252006097 0.002028924160905303 0.004196857584263465 0.002129514390744791 0.0019074164329417795 0.0021419163788222078 0.0025907474321415066 0.0021730655025597044 0.001706968526905893 0.0019092155531036557 0.00196395204059661 0.002017262903369852 0.0015516924254451304 0.002472670170501173 0.0019335390886323872 0.0019653554220208326 0.0016860575823995773 0.001668165721146291 0.0020603125313439995 0.0018573659008504432
401 5614 0.0019329628985574935 0 0 0.00252369258031087 0.0014117018383304123 0.0015095196539113985 0.0014886423420783115 0.0019001893938942428 0.0016400440064998295 0.0017543857592144604 0.00169508325309101 0.0012867876070369081 0.0017445598886224164 0.00182386834470802 0.0016707381399841002 0.003522627728854698 0.0017860727250165248 0.0016280358946265188 0.0017724256999868747 0.0021140738169050355 0.001780445608606912 0.0014376622340393766 0.00160815088462762 0.0015175297261378069 0.0016449048722624276 0.0012066926523468368 0.0024526097029214052 0.0015719189640290713 0.0015419930858714917 0.0014110414777674368 0.0014791028487256563 0.001803675772631669 0.0014756950775299022
501 7014 0.0007211490663530599 0 0 0.000967014309675843 0.000540181287427368 0.0005455944756742109 0.0005393094802247193 0.0006884737075854393 0.0005850102291454344 0.000639366395294414 0.0005924441361623048 0.0005140851560866709 0.0006814705113650815 0.0006179885692897466 0.0005990664664088198 0.0012685791563507942 0.0007038533430907603 0.0005753658864754966 0.0006365979275910918 0.00082961412755069 0.0006070073091365239 0.000546198700082774 0.0005859203109505985 0.0005203675037719912 0.0006128522486316585 0.00042507585353010333 0.0009568614586693555 0.0005913942371779192 0.0005412033226991986 0.0005085417063624977 0.0005646738644824035 0.0006377987424829907 0.0005369517715142319
601 8414 0.00011975336633156791 0 0 0.00018422473339877246 8.977187908612385e-05 8.497339314304244e-05 9.13032257471297e-05 0.00013656837815811208 9.514636323458678e-05 0.00010183947885997675 0.00010152127384485477 9.239649221237955e-05 0.00010837746527810823 0.00010278075448334002 0.00010764846266804111 0.00019804874367887067 0.00011571648868979677 8.902695539496053e-05 9.903899632919072e-05 0.00012550729281447743 0.0001129538247647758 8.68426861296349e-05 9.75679682772191e-05 8.51540048476742e-05 0.00010566519145046917 6.961840204303531e-05 0.00018138866069349378 9.798770248519582e-05 8.635836052384452e-05 8.990307767947967e-05 0.00010067161879003595 0.00010274139744799281 8.793913809455958e-05
701 9814 0.00016514288920884147 0 0 0.0003308275843942507 0.00012172591733748933 0.0001148915548449403 0.00012569262788345853 0.0001871513165448423 0.00012891807964443284 0.0001619455788891266 0.00014368426160829675 0.0001256942818030754 0.000143221406113919 0.0001452197328204484 0.0001464878450816645 0.0002787504040789448 0.0001556307500455439 0.00013259445078792873 0.00013753283400434345 0.00017253269728313966 0.00015000982465728573 0.0001133749348669571 0.00014490810256190321 0.00011124735442192655 0.00014217276146215085 9.129263749387905e-05 0.0002914491968973754 0.0001344479527023801 0.00012130168914795753 0.00011715544562830987 0.00013189566580985366 0.00013857675264372153 0.00011626949080824373
801 11214 0.0001946808880384878 0 0 0.0003773786784341906 0.0001455294088124615 0.00012976931456602434 0.00014776856582083428 0.0002101951361429777 0.00014740743933361818 0.0001851965588897786 0.00017458641313322897 0.00014903400495479676 0.00015976311871332177 0.00016560341282971533 0.00017533779488214997 0.0003363463432142798 0.00016499723714004253 0.00015316479694602557 0.00016086713703051059 0.00019992517252942547 0.00017479126931991285 0.00013516405828841658 0.0001703225446243387 0.00013104827544696855 0.000161702192317115 0.00010447183000370769 0.0003274782317430719 0.00015982016025195922 0.00014195934293656173 0.0001318593649807234 0.00015677432630551382 0.00017988614237556192 0.00013103843980445158
901 12614 8.818877076768121e-05 0 0 0.0001817563680550072 6.550597716307343e-05 5.9069166414946954e-05 6.217225874692428e-05 8.966636431164681e-05 6.251110911437633e-05 9.545335580142578e-05 7.270224541288088e-05 6.660587210501643e-05 7.128522780696155e-05 6.98597883954587e-05 7.503382096660265e-05 0.00015649577242206333 6.903438438683336e-05 6.714372339225653e-05 7.493308757323266e-05 8.457785380068404e-05 8.182900236715756e-05 5.651826865339616e-05 7.766676885995641e-05 5.938116353947693e-05 7.408492926145728e-05 4.5928586239143775e-05 0.0001502325136718954 6.948230833168569e-05 6.241732780616045e-05 5.921659087944351e-05 7.065173416949863e-05 8.102195406112669e-05 5.731931783593499e-05
1001 14014 5.611872016264105e-05 0 0 0.0001336065809721794 4.155797933245458e-05 3.455291731422028e-05 4.6032570204021514e-05 5.546539101980453e-05 3.6681814831656165e-05 6.217918608067916e-05 4.631643557128058e-05 4.077000734544561e-05 5.294698956739872e-05 4.6986649112462654e-05 5.1779661075737385e-05 0.00010744178819831416 4.2748289787013326e-05 4.447094658195926e-05 4.6225143007281444e-05 5.238944294682423e-05 4.985672513426869e-05 3.330282687578595e-05 5.679933487673182e-05 3.649143354635357e-05 4.442905665195909e-05 3.0203399317423286e-05 9.999749761634206e-05 4.3359058071135116e-05 3.854326486771791e-05 3.752128280933677e-05 4.172076747296703e-05 5.162422936656563e-05 3.5932572278634665e-05
1101 15414 2.2830094332708314e-06 0 0 5.257141006345418e-06 1.7107517635283557e-06 1.3466023785446882e-06 1.7573107999321032e-06 2.1804356863252822e-06 1.4294389771292761e-06 2.5926919712379133e-06 1.8997346721815848e-06 1.6282862626543555e-06 2.0829415219198364e-06 1.8463518039990063e-06 2.140631850324753e-06 4.041094176650553e-06 1.6097471944956173e-06 1.711811329182208e-06 1.8641124820391637e-06 2.0388022182155712e-06 1.8542798566440315e-06 1.3015476803561074e-06 2.2208228251307134e-06 1.4266347659662692e-06 1.8709612090268757e-06 1.2416748112838527e-06 3.886950547783103e-06 1.6527027892916776e-06 1.4488281615522451e-06 1.558920072784977e-06 1.698217968612992e-06 1.971335215051382e-06 1.5357747648341122e-06
1201 16814 1.8932933775495693e-06 0 0 4.192555145089788e-06 1.6451670483009354e-06 1.0674774468947026e-06 1.4288115847085463e-06 2.0921509767448872e-06 1.163238527486865e-06 2.2238258859557572e-06 1.765590825148139e-06 1.8580093500026168e-06 2.159648598921146e-06 1.4626870711010093e-06 1.862630228242769e-06 4.44274999367432e-06 1.3542906735278244e-06 1.4153315337190047e-06 1.5041266283254205e-06 2.456477456574636e-06 1.4565087207927108e-06 1.1041943445031767e-06 1.941656402858049e-06 1.2041642131976218e-06 1.6222079437934924e-06 1.3315814604437853e-06 3.113185967182317e-06 1.2786082824846978e-06 1.1841973053904128e-06 1.3394907976277027e-06 1.5263987611036889e-06 1.562114361747096e-06 1.4798751633183853e-06
1301 18214 1.0952196551465658e-05 0 0 2.4484475079915445e-05 9.109648127428505e-06 6.020646627911629e-06 8.020776281113337e-06 1.1913519352096367e-05 6.603477994394666e-06 1.3175956045974333e-05 1.0552701445919896e-05 1.0720684477211715e-05 1.2766738959923543e-05 8.45141619681007e-06 1.1022069355368681e-05 2.5639270028188035e-05 8.301460713867586e-06 7.852244482009833e-06 8.778667926594021e-06 1.5247334290768247e-05 9.144513982306509e-06 6.2726709414592185e-06 1.1350912809189964e-05 6.689729723272498e-06 8.422540027983797e-06 7.842640702200152e-06 1.760236834448741e-05 7.605319126629546e-06 7.118685677906308e-06 8.335519625991486e-06 8.94219143318031e-06 8.694382061888305e-06 8.372794228468698e-06
1401 19614 3.829774059730653e-06 0 0 8.67930608714802e-06 3.056551978082507e-06 2.0880864712848886e-06 2.517755025376047e-06 3.879771906336966e-06 2.1695558855673015e-06 4.346314833830188e-06 3.401687554226659e-06 3.4795238979905738e-06 4.0539209614339625e-06 2.8463867194299113e-06 3.88906084647752e-06 8.120985916531719e-06 2.8843587003171693e-06 2.802594195228346e-06 3.2011223517707314e-06 4.841157412118581e-06 3.1421940860451283e-06 2.128863001249361e-06 3.866710487284859e-06 2.354573126818801e-06 2.9608930619583594e-06 2.519887940817973e-06 5.987729861913078e-06 2.658066340237877e-06 2.409725513534615e-06 3.0077739653716147e-06 3.100288672899083e-06 3.090825728916451e-06 2.6349126433905036e-06
1501 21014 5.2076883088147784e-06 0 0 1.0804235981501374e-05 3.898183338065781e-06 2.9122034687288313e-06 3.5817776746229786e-06 5.256440193522761e-06 2.8438114549200413e-06 5.715184197136655e-06 4.391291743970945e-06 4.537531951097783e-06 5.276592323109848e-06 3.931983121983029e-06 5.2201171630367205e-06 1.1069015996794574e-05 3.7443752271166853e-06 3.6454495246681357e-06 4.109247512696908e-06 6.227510081852359e-06 4.1461628373251615e-06 2.873603505882406e-06 4.9629812874462374e-06 3.1450070074721934e-06 3.736748304391992e-06 3.2484201741382856e-06 8.034900700310974e-06 3.6532625007814613e-06 3.165175170753768e-06 3.965913563387059e-06 3.949754541327576e-06 4.795389690890752e-06 3.220311818265188e-06
1601 22414 9.407678908466422e-07 0 0 1.8806621116229397e-06 6.73924262088035e-07 5.190389311768961e-07 5.988492342811001e-07 9.271828650751656e-07 4.764329091409242e-07 9.664441640593445e-07 8.092291929448655e-07 8.220493031006572e-07 9.09707769278285e-07 7.030900581076541e-07 9.647418445753169e-07 1.8489339509934933e-06 6.408366553937008e-07 6.819761994824277e-07 7.617044759627493e-07 1.09716947846073e-06 6.863749074655852e-07 6.111198606807371e-07 8.669673296404214e-07 5.411812148900917e-07 6.727500888474742e-07 5.417097479274934e-07 1.390731340237355e-06 6.653336227093824e-07 5.371122298237023e-07 6.828302712113952e-07 6.781340652219978e-07 8.359735113599566e-07 5.89936034799722e-07
1701 23814 3.8089517421294003e-06 0 0 7.74912130291821e-06 2.675142904809206e-06 2.020021998665612e-06 2.396295137558542e-06 3.3850599597867603e-06 1.9995624428025525e-06 3.726797769705193e-06 3.0869619410910274e-06 3.1900470480891e-06 3.298485680234482e-06 2.6113002985082315e-06 4.05003559921888e-06 7.41304575705035e-06 2.5973581097019467e-06 2.5693778762725334e-06 2.9269070067020833e-06 4.33597412787632e-06 2.683363820877353e-06 2.3905823487538504e-06 3.689305217943103e-06 2.063739846727947e-06 2.767353677993822e-06 2.2437935697637784e-06 6.227060096459968e-06 2.8476230716893324e-06 2.018481102986282e-06 2.573341473840965e-06 2.541827259202517e-06 3.572217170346203e-06 2.1585617712110055e-06
1801 25214 2.1705069573286386e-06 0 0 4.434875723971209e-06 1.4054675705794243e-06 1.0726496491174662e-06 1.311225915784365e-06 1.8096812344199087e-06 1.0915337563101239e-06 1.9429654484201066e-06 1.6492541410821324e-06 1.6570145063008804e-06 1.6794383994691764e-06 1.4409637785383023e-06 2.0840021908779746e-06 3.905717301210214e-06 1.5277165175480683e-06 1.3946101801862444e-06 1.686376960621158e-06 2.3995435251710467e-06 1.5468030917039033e-06 1.3969344315102598e-06 2.0099473371851844e-06 1.1787473909034432e-06 1.5345720708413746e-06 1.2088507994667034e-06 4.305817059739671e-06 1.4739527383494429e-06 1.1374292744307412e-06 1.4192210553909683e-06 1.3822188961989693e-06 1.9677653782514917e-06 1.162563050178818e-06
1901 26614 1.775624961323881e-06 0 0 3.6121472056171636e-06 1.1055926050534978e-06 8.485575613890292e-07 1.0290911128088684e-06 1.5004476594232076e-06 8.931792607328792e-07 1.474509669172375e-06 1.2532981852207072e-06 1.2147983814742761e-06 1.3024997820754186e-06 1.154740383088138e-06 1.6078982139132816e-06 3.018045918869135e-06 1.3424849760731711e-06 1.1448979992068815e-06 1.3667670154981537e-06 1.8547466104775865e-06 1.277197335425763e-06 1.1450321091447147e-06 1.577088339196097e-06 9.444659874702086e-07 1.2134832548475206e-06 9.507494877461523e-07 3.3368719238956574e-06 1.106833860969213e-06 9.038913338068521e-07 1.0601846112760663e-06 1.071934186285522e-06 1.6726760101086863e-06 8.722486295449593e-07
2001 28014 1.8818851980089343e-06 0 0 3.7196472126672905e-06 1.1270196168125201e-06 8.717738109826611e-07 1.1048844325164701e-06 1.5388659252468169e-06 9.433647339941196e-07 1.6757574941723637e-06 1.25914658570505e-06 1.22246812621123e-06 1.3467439839960412e-06 1.1602774794050269e-06 1.6637352214164334e-06 3.10092785265271e-06 1.3983709318048062e-06 1.2794126209080719e-06 1.4318399148934082e-06 1.999882574129684e-06 1.3721240978440772e-06 1.176354770415496e-06 1.5666373805198811e-06 9.777073955102889e-07 1.2724797767171241e-06 9.624627182308963e-07 3.3789999708026538e-06 1.16706216680959e-06 9.989910129851297e-07 1.093575320875872e-06 1.0596822607756637e-06 1.7914315205309862e-06 8.552858707774904e-07
2101 29414 3.836122070450713e-07 0 0 6.988706602049235e-07 2.434678118285967e-07 1.5532895382702546e-07 2.0249826109585944e-07 2.904284815800988e-07 1.9617532339830475e-07 3.687345033072348e-07 2.6649590956245793e-07 2.4575467891522436e-07 2.5812969697139475e-07 2.3546955699875998e-07 3.22036525183919e-07 6.384833421064563e-07 2.702552145635919e-07 2.639837253141526e-07 2.839454820950347e-07 3.7074150597820537e-07 2.791624043278007e-07 2.2964388861866308e-07 2.8749257682813725e-07 1.8992958221138567e-07 2.56901456713889e-07 1.8606158734394284e-07 6.651406760680323e-07 2.256530688211918e-07 1.9547450632983932e-07 2.1331525289874464e-07 2.1497531869561802e-07 3.3433786451584057e-07 1.7068363142480042e-07
2201 30814 4.145453287703775e-07 0 0 7.412238375028363e-07 2.544112959415386e-07 1.593788865958265e-07 2.2953509015806128e-07 3.175754350338538e-07 2.0726666831895506e-07 4.0154225604824404e-07 2.8096007832122027e-07 2.447546189589272e-07 2.720515200740073e-07 2.416485061787552e-07 3.186292376245789e-07 6.686335705705609e-07 2.571563397258008e-07 2.8024262916080945e-07 3.002866852850318e-07 3.825574698843374e-07 2.8200693746551255e-07 2.3212646281045217e-07 3.01368653371961e-07 1.9658241809113705e-07 2.816543357960237e-07 1.8798747765285598e-07 6.597351895890121e-07 2.368755079375877e-07 2.259711600968725e-07 2.2251580194653936e-07 2.3673655612014214e-07 3.6350164699793614e-07 2.0044096212882877e-07
2301 32214 1.3384401739530668e-07 0 0 2.293077526985972e-07 7.636339442276721e-08 4.854020690838969e-08 6.99859163978622e-08 1.0327994553628797e-07 6.216593322850037e-08 1.1908485144207785e-07 8.80251836266377e-08 7.763346693433794e-08 8.78384485741661e-08 7.891868670988331e-08 1.193603137622912e-07 2.1924008378436046e-07 7.874826446445285e-08 8.305844386602444e-08 9.395978847591604e-08 1.1684810906390956e-07 8.812136270316618e-08 7.31983746132387e-08 9.660629863421381e-08 5.8703644058513195e-08 8.186766078810713e-08 6.401944650623548e-08 2.1166656443775866e-07 7.227628196821878e-08 7.548877796803537e-08 7.019067359627385e-08 6.98333978397433e-08 1.09465101075216e-07 6.902153117187356e-08
2401 33614 1.1957180708412313e-07 0 0 2.094404710263633e-07 6.545285144265739e-08 4.2269311609771544e-08 6.017594079957172e-08 9.014929061554675e-08 5.46288979551942e-08 1.0627682457523963e-07 7.711729643739915e-08 6.840517267797388e-08 7.625786662741101e-08 7.126252886029565e-08 1.0487600713794952e-07 2.0630205099547575e-07 6.790717141335188e-08 7.24132705694115e-08 8.779296675686976e-08 1.0093389829304411e-07 7.29373191187409e-08 6.287028783321615e-08 9.194923425596246e-08 5.29866363845953e-08 6.737104693250609e-08 5.963083418337986e-08 1.89565242460166e-07 6.193292944507012e-08 6.970613464001345e-08 6.113801990284578e-08 5.887564528302546e-08 9.227524657712728e-08 6.044567020219016e-08
2419 33866 2.870309620805463e-07 0 0 4.99391457902196e-07 1.6599569575708306e-07 1.0292481987127172e-07 1.538681928466179e-07 2.1396750164075675e-07 1.488153664542508e-07 2.640398137984071e-07 1.8000875376237517e-07 1.6180218269142122e-07 1.8421879146321548e-07 1.6813269697679482e-07 2.4592701185001354e-07 4.824241711232587e-07 1.608226639744579e-07 1.7440883697559357e-07 2.0822294760200584e-07 2.403223599541014e-07 1.740420628175651e-07 1.5154470017286851e-07 2.1853467953083363e-07 1.248884393211092e-07 1.5946215322738788e-07 1.4765168641462856e-07 4.565272021947266e-07 1.5114625152682806e-07 1.7051197340783876e-07 1.53076198896013e-07 1.403746357433157e-07 2.2315901454922542e-07 1.445059222177943e-07
