% # columns="iteration, evaluation, void, void, void, xmean", seed=43, Mon Jul  6 01:08:42 2020, <python>{}</python> # scaling_of_variables: 1, typical_x: 0
1 14 0 0 0 -29.005611802825225 -11.941277384848258 33.19879620122511 0.7332685569820486 -53.11612548032222 45.53808160713871 -18.077756722707292 1.988515711979711 -9.928909924728714 23.625827670373422 -5.082343643442032 8.266812473625182 42.57083533034229 -6.297124248215596 13.625774177061615 -23.392946534785565 9.945069024657876 55.97980681564497 -51.1554986223281 6.480405658495025 3.9703120231826965 -5.1007118851790985 1.630548439274175 1.6499561744515163 -30.03838332256757 -51.69581185173713 -25.28174930517452 0.6975148442818135 23.5591650941707 20.160668024501888
2 28 0 0 0 -19.274815699138088 0.8976219731949122 54.405193296575995 15.856455781055653 -76.40012950581897 80.69323842258933 -37.85815871293568 4.164320547192669 -20.11709629199268 68.57243376772823 -1.0227347944755332 38.38552574268772 63.407143315401214 -22.167782000270734 32.03718317454596 -50.045388726760244 -8.0844894847108 46.66877906171096 -65.48592922872858 43.65739087793757 7.456811868447602 -56.12321899193455 -34.92702425038404 3.449416161944077 -45.496653022470916 -47.62542423549496 -51.35112882224379 13.840141520509556 -3.352133768770919 53.50420762392776
3 42 0 0 0 -4.622660477372332 -11.872075675123819 66.31563498263938 11.662060234085413 -98.25248882992672 48.556416380592644 -80.36306312277578 20.91107866573878 -10.369134618818073 50.86116599693553 -8.342293777735804 58.5844052724984 58.78911599046342 -40.03888055701577 40.53028986042678 -43.09714533552004 -33.46439346780134 74.95905759087927 -63.53396917745351 36.92684007968215 6.513270992146213 -83.93906694113271 -19.714980723279105 45.30015362176193 -40.0300386941504 -83.58848317171102 -79.65710235472807 15.17350441775389 -13.024002268772318 37.64746982045255
101 1414 0 0 0 -35.07762910578498 9.055827641259095 29.633584244130613 -274.003311081458 -293.9619596108107 8.61000167974324 -51.53504168791601 76.67195842477557 -121.20281662240477 53.22380751558837 -248.45647204405327 38.74935981086782 -16.74349674318005 -64.28411530183432 92.8548909134237 47.6812088641439 -35.7562429029571 147.1575127889824 -14.234064320415605 -17.823658926258535 42.11008687099939 -72.62633558517209 216.96207124385435 72.75009147229896 -24.024624234832974 -142.02610550467443 10.761231888631269 171.9393300945381 7.4966499059161835 26.07410126610705
201 2814 0 0 0 -34.21666098259346 9.808297390704684 28.00066247189972 -274.4918584404363 -293.8088671548983 9.44232414849599 -57.7964751269014 75.95922236635914 -121.11674297576677 53.63515309918929 -248.29337648387911 38.939481757076436 -19.41881989163933 -64.19289159004818 92.05808405181807 47.77080848044319 -36.68239360668869 146.79397394604092 -14.530794561512844 -16.911573422750006 38.80473514094216 -72.15146335252254 215.6904222094042 73.28933202903707 -22.281644879784803 -139.04051115470162 9.311119578723778 170.08050483181265 6.917939328154593 26.516627065589773
301 4214 0 0 0 -34.251463596935835 9.724538296972929 27.88917515718571 -274.45882735530995 -293.8487616544626 9.432435850931105 -60.492260104066766 75.95038009167776 -121.09669500798444 53.618027214701414 -248.1854732528339 38.863948702964905 -19.455772771244632 -64.20141906126 92.0764377785061 47.75412774294745 -36.73639552909505 146.77912726245438 -14.556255878883187 -16.933057895424746 38.672930658464836 -72.19770328734639 215.61560954925855 73.16803860470425 -22.245140866344514 -139.0666712458427 9.464001890008834 170.2219846581833 6.907226355298325 26.460666136124328
401 5614 0 0 0 -34.2612216008078 9.733418463729878 33.28286541171054 -274.46515767847444 -293.908697144791 9.47063346113937 -62.603509859930995 75.94519421219167 -121.0596868190036 53.62875654526672 -248.16765838667828 38.87032679132429 -19.490449982111684 -64.19427798394955 92.07192787574772 47.74922613087723 -36.76485732862842 146.79722261672632 -14.547566557830837 -16.96984118541564 38.658598140700775 -72.14508423747078 215.68008277358135 73.14196519360533 -22.167410026389433 -139.03446815738639 9.425050025591183 170.21948313492493 6.898243267069474 26.459934103938323
501 7014 0 0 0 -34.24833937551469 9.694236377937377 59.28962290913214 -274.4775926545862 -293.83414301242976 9.453152844335241 -72.08708013972003 75.92948121917348 -121.07781262102709 53.61038051565191 -248.19770050896855 38.86890546484527 -19.458308906844657 -64.19144271035272 92.0624921711067 47.75072923594477 -36.748671586433375 146.809725272651 -14.56118584810983 -16.923971986450397 38.651345215572995 -72.20501892737452 215.61260642350314 73.16754150331572 -22.23079315383595 -139.04403254670183 9.451355548511017 170.21550566611285 6.894096917311727 26.454437256571953
601 8414 0 0 0 -34.250507506177435 9.716532837059612 60.753963594199 -274.4678093670341 -293.8549531497285 9.430927443829118 -72.66288371647221 75.94942239010648 -121.09268586414122 53.62059347280425 -248.19182292423312 38.85885340128765 -19.45975118415794 -64.19313206854567 92.06897588245448 47.748277893697384 -36.732591651530015 146.79471269042747 -14.556226441245734 -16.9427227173063 38.64779264520229 -72.1948270514789 215.61349488436556 73.17049097148144 -22.23162033173927 -139.0573122725722 9.46347017806309 170.22471083966153 6.9001621347130575 26.458708028907942
701 9814 0 0 0 -34.25062980031475 9.71669745863847 60.757031496300876 -274.4677349991792 -293.8550146402558 9.430858312667507 -72.66333102439137 75.94944274397112 -121.09262963046172 53.62046532882094 -248.19188650047246 38.85875095490751 -19.459974527532808 -64.1929624902368 92.06904701219106 47.74825064116587 -36.73259592088295 146.79465311853463 -14.556275687345824 -16.942819953099022 38.64777051777724 -72.19471727687517 215.6132356685893 73.17045549096287 -22.231498501856922 -139.05746828457598 9.463376941947303 170.2248654856889 6.900204578923038 26.458853484580285
718 10052 0 0 0 -34.25062978677445 9.716697310735215 60.7570386630501 -274.4677349055492 -293.8550148860601 9.4308581415913 -72.66333375830807 75.94944271913258 -121.09262949874802 53.620465070328926 -248.1918865061592 38.85875081188484 -19.459974560574956 -64.19296262993302 92.0690470333175 47.748250848086634 -36.732595849188 146.79465344078616 -14.556275762500965 -16.942819894114802 38.64777038594383 -72.19471732129051 215.61323565575836 73.1704551851546 -22.231498239392174 -139.0574676969446 9.463377186168938 170.22486564158342 6.900204628820361 26.458853340165817
