% # columns="iteration, evaluation, sigma, axis ratio, bestever, best, median, worst objective function value, further objective values of best", seed=41, Mon Jul  6 01:09:00 2020, <python>{}</python>
1 14 53.48015434117875 1.0000483345014077 12369.733450974389 1.2369733450974389e+04 14545.033958808921 17856.072509017504   
2 28 53.341613672646425 1.0786833271477383 12369.733450974389 1.2458385428742125e+04 14266.434621164944 15829.965148119589   
3 42 50.88334964098102 1.0915227630312867 12369.733450974389 1.2844697613761455e+04 14575.169050424705 15959.641210720556   
101 1414 1.9913747343892902 2.222497749546278 2360.7719243187844 2.3657305113440757e+03 2379.8854714092818 2391.8074818442387   
201 2814 0.004391450740411465 2.6458074358588277 2300.1220159975915 2.3001220159975915e+03 2300.167289833492 2300.214776319458   
301 4214 1.275122941580566e-05 2.4163526833918945 2300.0002983633876 2.3000002983633876e+03 2300.0003765157885 2300.0004046218264   
401 5614 6.258289964331926e-08 2.1616772452160387 2300.0000008053125 2.3000000008439565e+03 2300.0000011215675 2300.000001328693   
501 7014 1.7297310282725826e-10 2.0340152111178247 2300.0000000022787 2.3000000000022787e+03 2300.0000000026985 2300.0000000035525   
543 7602 8.497669259258802e-12 1.94324339703218 2300.000000000183 2.3000000000001828e+03 2300.000000000222 2300.0000000002537   
