% # columns="iter, evals, sigma, 0, fitness, xbest" seed=38, Mon Jul  6 12:18:38 2020, <python>{}</python>
1 14 50 0 38382.47447407564 50.435282405836986 -16.156194530759095 6.387342055663418 13.988715552395666 64.43700849445801 81.26549287120687 -23.459754675812565 -62.470743861674606 -13.02143552887775 -7.3776308059660565 -24.009531410847817 -85.42283197434128 55.095248650500125 -2.504548110816971 83.00000163228555 60.48362930208599 96.75706694319985 -14.860955894834685 66.0476329045867 0.9868267720199995 24.32191328347953 -93.3447911395991 20.684539711590098 7.096361373187024 -2.3099102061250063 21.30904100473174 32.31945387974483 42.356906875239666 9.495102925519138 34.967598637560236
2 28 46.78303056353531 0 32423.94148549877 9.663796728639415 -7.291097018010763 16.1314791636178 75.98390608424484 42.00082178802248 15.161724841130056 80.84986926569579 62.43179393380831 -31.451780486236725 16.767193964149868 15.694555467364895 -20.665801045811378 54.627789330464346 -21.46690994324332 1.391748136272362 77.05053701568218 35.33786792549728 -11.877705957536497 43.47591900069407 -16.864820234320568 -31.848399325259802 -40.704577979401485 83.31611877404845 -17.705739117225974 51.3949840983879 7.851240416462746 23.12597366000536 -30.552706631748272 24.757247011782702 -76.78718161068065
3 42 48.795532862925775 0 26688.546637125917 59.50756126866453 8.664816451107578 -24.034508910409798 8.644740383477341 57.7535929223354 65.15947014328216 90.59732425303119 -16.940234545504836 27.77062739242922 -26.264370610418034 -5.665616612115223 -53.80115354003519 75.06294288697626 -95.07412127673268 -0.9658716024428884 39.332621226582035 47.00618829312049 -39.948217967103986 -14.834658399019286 -39.036320211303206 -11.29302536716004 -12.033451389889613 18.00943292196508 -21.38160036210658 -4.472226519076447 79.94383240054393 -40.642218515619355 21.071554074672118 -55.2849614481831 -31.25911742483424
101 1414 0.06909149944118656 0 3160.3827645437404 -35.493934356638555 9.264368381141793 4.225941307847517 30.496873550470266 27.603680270614863 69.37190103658776 -32.188035533509485 8.154970458139786 -43.41250450639743 35.24245200788599 -13.810370807212786 0.9878215738103018 99.81055232752465 -50.63242014310876 -24.939782141876506 -28.557320208417362 -1.9663723672655553 -75.61252848378899 -99.69156982553348 49.39444914016265 -82.25065696824073 -31.60791441182134 43.69123504334789 -14.82514970876284 0.41374103789508865 86.93763173464231 38.03328138726798 35.80803146323521 -30.702497447476958 30.72066056673135
201 2814 0.01708275381374811 0 2835.7314772921122 -34.748204003664 9.248588561181315 4.245311178987421 30.27449372963843 27.768473670616007 69.23371401408235 -32.851419872150785 8.373057536184922 -43.710333572583096 34.72334073000549 -15.265311573091138 0.3060742883692411 99.45488870071978 -51.2631405733772 -24.68126809753437 -28.91892888575768 -2.471738988076748 -75.46150824294946 -99.67377339609655 49.071552233730046 -81.62992546592116 -31.704220293377677 43.84582216150159 -15.142280728577397 -0.04271144132456615 85.61405700221958 37.704243953203864 36.328499113010736 -30.50827154589905 31.09667279159367
301 4214 0.016036811681585956 0 2803.453000182268 -34.38671405696662 9.250317467878512 4.298013970686283 30.182527912774823 27.735880223721896 68.87488475301993 -32.99486857157957 7.894161218357974 -43.73945910648853 34.13582823199069 -16.430389545506632 0.33707390765371154 99.4971091994155 -51.597314966313036 -24.769781283959336 -28.60788519851238 -2.346453142774997 -75.48132699149238 -99.63222049839662 49.086522229489304 -81.27583915420968 -31.711914878428203 44.4188276127321 -14.36682910161344 -0.5104382023746086 85.37759280767963 37.776737139238655 36.30458821240529 -29.752605605742104 31.15196301094959
401 5614 0.0033518297335319485 0 2799.4973004315907 -34.35759221913041 9.286531859835945 4.268186242716396 30.191245837932723 27.66602221320478 68.82320160058802 -32.953244838267224 7.63793544703751 -43.73952530328968 34.07704725676649 -16.52225204469643 0.3018289589137701 99.4932834807538 -51.85340838570943 -24.825629994655685 -28.51823791508783 -2.3166129774510744 -75.55382064737395 -99.62610729020275 49.0648277126532 -81.04835432127837 -31.71658559373304 44.38572047514612 -14.163687525436426 -0.719002241002081 85.29685816608698 37.755081615815264 36.318737764257726 -29.688464427086018 31.233104025228222
501 7014 0.0028705179499072266 0 2798.9937003416426 -34.38531397659261 9.32743748566963 4.276098126470443 30.174646996223107 27.671080042088576 68.8475159915327 -32.958427505722824 7.642858380002154 -43.749242536756846 34.00542207678632 -16.4365340699379 0.30655888359149125 99.49348066379656 -52.099334554301606 -24.83104043333998 -28.62470619579058 -2.374932093253433 -75.53049678962412 -99.62323806237657 49.065287994753014 -80.82490252280036 -31.71592974697348 44.37400420575784 -14.135840263408115 -0.7040783997629924 85.31701741445107 37.74895714481501 36.31778455371579 -29.71519469160262 31.294441393788976
601 8414 0.0011900185890857022 0 2798.8543935728094 -34.39988859088321 9.356725140874076 4.277599198227266 30.163347193606068 27.672720961361364 68.84433687194374 -32.94297122345081 7.6576049160092206 -43.76162669906917 33.97228694252179 -16.300977628863937 0.3082103089729221 99.49278462931933 -52.210760764105345 -24.821877434361042 -28.720349874848115 -2.4156197055029884 -75.5315315270172 -99.63286707389751 49.06453182194723 -80.6698829956868 -31.721195249818603 44.379859723983905 -14.136292146669756 -0.6964383167922706 85.31750157305618 37.741889771654435 36.31695302307637 -29.70150196033225 31.32382727142532
701 9814 0.0008428898737860983 0 2798.7974590760855 -34.390914617390955 9.379196294848223 4.277288975612344 30.134320247792004 27.6852849786285 68.84396082447174 -32.95041045952819 7.644561098689939 -43.78452180011968 33.93105820620922 -16.24124666463435 0.3061705584121078 99.49392319899252 -52.168404724467194 -24.826959588990487 -28.812314466742748 -2.461328211887944 -75.53261523670838 -99.64701046289473 49.06456745753355 -80.52496402801117 -31.7271536013297 44.38227959846969 -14.156678743815386 -0.7037452115338609 85.31361716560127 37.72875659475381 36.316654779003606 -29.704784071955885 31.313936739802017
801 11214 0.004313731841891053 0 2798.382567796706 -34.38794991120091 9.515830837166744 4.27579008205777 29.81913599662324 27.683903378140194 68.83825320764294 -32.94357576261298 7.659148354220144 -44.04962364568024 33.51555986385495 -16.348641786267105 0.30724245903807396 99.49643880537656 -52.08630808704103 -24.822380577042324 -29.066214871424478 -2.612327797715764 -75.5420557373192 -99.67993025167594 49.063468521993116 -79.55306333527369 -31.794325239721562 44.370576827957294 -13.821388436632525 -0.6883310925870944 85.31459094853156 37.5611885514373 36.32045219027564 -29.702728819229293 31.294614257212505
901 12614 0.006588911686274297 0 2797.8256089736765 -34.42303284027887 9.495683802398494 4.287614526291793 29.51003457932578 27.715201394290464 68.85563888748311 -32.95093519250327 7.654550319746559 -44.32121474624611 33.49556094215795 -16.49758367247695 0.3056034063487856 99.49653717179915 -52.03531863990389 -24.82122235571158 -29.05190823918325 -2.5768453132962783 -75.51243073634114 -99.75187891781367 49.065760917180405 -79.54307888443412 -31.866990023138122 44.3898363939843 -13.840239894151926 -0.7041045306226749 85.30511963747875 37.37658455024298 36.313529398452964 -29.70285933439888 31.282773818008735
1001 14014 0.0008052468315746046 0 2797.4845309392485 -34.393874940424304 9.462662635130203 4.27728816453819 29.19692638245359 27.75133581937619 68.84403211862653 -32.94838886274332 7.6493053645197095 -44.57648088554099 33.528495482893106 -16.64461955807386 0.30644339769302537 99.50490679555304 -52.12497774724872 -24.82480855762626 -29.05778572882742 -2.5495307758825065 -75.5320459763121 -99.82050623991402 49.064557117449866 -79.66798618308991 -31.935807766528626 44.38048536426244 -13.966670404899297 -0.7009582679505755 85.31464358430382 37.21921461041327 36.316820317839365 -29.704412256701488 31.303492781571382
1101 15414 2.888498343389253e-05 0 2797.4837076101744 -34.39346783352679 9.463415673018194 4.276943598235121 29.195166969659034 27.752075139686557 68.84363422418869 -32.94761133499572 7.650578874907344 -44.57829954787019 33.526721299504004 -16.642018388703836 0.30704234919508744 99.50476388327796 -52.13127422527293 -24.824570623327123 -29.06067746678536 -2.5515812552939523 -75.53261294247139 -99.82102110191424 49.064987201686975 -79.66012227990274 -31.936063047888737 44.38080049493249 -13.966441312247778 -0.7007421176536863 85.31544589891188 37.21785857437143 36.31681104571639 -29.704008312388908 31.304059401889283
1201 16814 4.971693766213209e-06 0 2797.483706725824 -34.393475232480554 9.463413181769335 4.2769375830091505 29.19516778843295 27.752082298159042 68.84363661273619 -32.947610920841285 7.650556459762539 -44.57827387132403 33.52668248924348 -16.64209348101867 0.30702646205280476 99.50476393014837 -52.13128224710087 -24.82459641517024 -29.060672470975337 -2.5515795553190137 -75.53260217934152 -99.82104058459322 49.06498236136827 -79.66004851146224 -31.93607343650443 44.38079234182215 -13.966400479430385 -0.7007403212741163 85.3154605915769 37.21787625069268 36.31681523817938 -29.704016273552668 31.30403865909304
1301 18214 2.422948947246324e-06 0 2797.483706402253 -34.39346986342613 9.463355043503189 4.276936653173161 29.19530964322772 27.752201252726856 68.84363463309006 -32.94761451330626 7.650558581912214 -44.57815531654419 33.526624164422145 -16.64258114420235 0.30702598167056727 99.50476381308582 -52.13130607831752 -24.8245947405013 -29.060749882037594 -2.5515294015870107 -75.53260027865991 -99.8212821080468 49.06498518501742 -79.66003557560606 -31.93604359000686 44.380798347516894 -13.966618185994308 -0.7007409373371268 85.3154557065174 37.21795327530835 36.31681454868597 -29.704012384496366 31.3040482765047
1401 19614 4.3845591192743856e-08 0 2797.4837063985383 -34.393473335496964 9.463354056885608 4.276937706144004 29.19530312536765 27.752203210958683 68.84363619962036 -32.94761361523432 7.650560635157517 -44.57815980361772 33.52662088254028 -16.642590321074128 0.30702565585823155 99.5047634667416 -52.13129920302637 -24.824595101134502 -29.060750148552486 -2.55152914274007 -75.53259954124033 -99.82128531457762 49.064983833452374 -79.66003059138544 -31.936044353305995 44.380797733684815 -13.966618843826915 -0.7007385618837841 85.31545982204773 37.21794992877115 36.316814447017116 -29.704013667512385 31.30404610928815
1408 19712 1.2895747857328316e-08 0 2797.483706398538 -34.39347326596053 9.463354081027182 4.276937693932272 29.195303034237412 27.752203263837732 68.84363618770902 -32.94761367469248 7.650560613259527 -44.57815988549457 33.52662072196865 -16.642590594595646 0.30702564480674355 99.50476345934952 -52.13129929916806 -24.824595128387724 -29.060750266711743 -2.5515291441400727 -75.53259955148849 -99.82128544726793 49.06498384285076 -79.66003031291356 -31.93604438099766 44.38079772987802 -13.966618832292822 -0.7007385633894175 85.31545982189365 37.2179498590775 36.316814451235615 -29.704013704106245 31.304046149955727
