% # columns="iteration, evaluation, sigma, axis ratio, bestever, best, median, worst objective function value, further objective values of best", seed=41, Mon Jul  6 02:49:25 2020, <python>{}</python>
1 15 52.67689497313385 1.0000490012005196 39391774870.23574 3.9391774870235741e+10 58579047567.15617 217728822834.67838   
2 30 55.593668927337085 1.0387855822049816 16230429282.362965 1.6230429282362965e+10 48257152507.638916 128435056307.87361   
3 45 60.99360783163765 1.04752668573901 16230429282.362965 2.3652864113847008e+10 53668301817.55401 108203501555.44539   
101 1515 0.030905860559926873 1.4882360632808844 173646.29773188033 1.7485018392803808e+05 189208.13366652525 212148.79468393733   
201 3015 0.0007466448436127121 2.3361330582863884 162418.82284785138 1.6241882284785138e+05 162426.7724413446 162436.59417029802   
301 4515 0.0029030698352937017 4.843653668282352 162037.20750774894 1.6206463462741522e+05 162120.59916145942 162326.41517722487   
401 6015 0.008287189882065726 14.211119606117478 159600.1755591376 1.5980878112764773e+05 160084.53796876135 160876.6978602068   
501 7515 0.02752103615532097 32.459497397085265 143151.8279090806 1.4325326740561877e+05 145645.43196589354 152070.28752058416   
601 9015 0.02660059155211092 62.16899404481124 92878.43368661775 9.2878433686617747e+04 95499.87334423965 99275.59706193711   
701 10515 0.016181423555164897 136.05586321575092 55773.55682768348 5.5773556827683482e+04 56967.915441880905 59684.66092899625   
801 12015 0.004396082299183422 388.2441494146099 39740.13192225823 3.9740131922258231e+04 39871.216522284594 40028.849589340774   
901 13515 0.0017117082999897784 615.2173545849735 39533.62526751776 3.9533625267517760e+04 39546.60384629636 39555.258932806966   
1001 15015 0.0025948752911041924 658.6705578908771 39400.18373459585 3.9400183734595848e+04 39411.246334903044 39439.91376205843   
1101 16515 0.014001292300566731 742.3139576716405 38396.400031025725 3.8470484196881895e+04 38695.8909621829 39318.1306564579   
1201 18015 0.009178492722333623 796.0642974503495 35823.35210015302 3.5823352100153017e+04 35986.21949849711 36216.669170914385   
1301 19515 0.025738785450043593 852.9321544376186 29203.081749829857 2.9477636101854358e+04 30159.655382977206 31029.02663517899   
1401 21015 0.030117954465206053 924.0621636236248 16652.50321601335 1.6995082050300225e+04 17676.16499650945 19295.88328372261   
1501 22515 0.00609890813075466 998.3363161315946 13339.2696171539 1.3339269617153899e+04 13363.111187731232 13420.729545395056   
1601 24015 0.0014756167518104257 1054.1647235934508 13273.37353180892 1.3273373531808920e+04 13275.255420196792 13276.425354335792   
1701 25515 0.003847762933470364 1119.5753362489452 13179.736364315791 1.3179736364315791e+04 13188.071690765853 13199.8419949357   
1801 27015 0.017519504407084937 1178.4273445423767 12600.153754094292 1.2600153754094292e+04 12720.289759931427 12870.152202034003   
1901 28515 0.02724540324337976 1244.7149146401034 9893.396432581094 9.9619429991342731e+03 10086.887795516162 10328.127244617528   
2001 30015 0.0242501686942857 1307.2766542755878 6641.312411977451 6.6515530082630194e+03 6838.019773675962 7322.418707160212   
2101 31515 0.003717390688092496 1393.1919901188458 5673.830927207104 5.6742233584130590e+03 5678.034277324023 5683.468986441423   
2201 33015 0.003919219752097278 1476.5300806027117 5654.529105585953 5.6549251953955281e+03 5656.6509153646875 5658.818788899907   
2301 34515 0.008406505802266645 1581.3655789872537 5552.909533882042 5.5529095338820416e+03 5571.985882239698 5591.606184984605   
2401 36015 0.01614475008571176 1694.586882020294 5062.247614297989 5.0622476142979885e+03 5088.584371438893 5135.096476824112   
2501 37515 0.01709369473336098 1810.7360292892092 4113.1613643240735 4.1131613643240735e+03 4141.050566995723 4161.866959331756   
2601 39015 0.0024875360122937193 1929.244365835951 3814.270480446894 3.8142768690671282e+03 3815.020914554005 3815.552064287833   
2701 40515 0.003102279093969017 2042.9787743860506 3806.4134132012496 3.8064134132012496e+03 3806.7738652496637 3807.988505465254   
2801 42015 0.008359014670141038 2152.460926887089 3776.8010096568523 3.7771081169310946e+03 3780.209828407736 3783.2717886562323   
2901 43515 0.017427571324296853 2239.135158306762 3648.7911861558846 3.6487911861558846e+03 3663.721699151676 3670.0948428448   
3001 45015 0.022234295257467455 2358.805776104654 3422.2392666136298 3.4240488201804746e+03 3442.429442974989 3462.441726147704   
3101 46515 0.008095570959094635 2519.996544503616 3238.491521189043 3.2389567936706494e+03 3240.377084469026 3244.9849777942736   
3201 48015 0.00481462761093376 2810.407812685959 3226.580528684886 3.2265805286848858e+03 3227.318110273696 3229.1576778089557   
3301 49515 0.010184725372998714 2892.9030944523615 3207.4291377730447 3.2074291377730447e+03 3209.508157779238 3211.466993270018   
3401 51015 0.04033875486772844 2970.2479290117913 3061.977495538429 3.0669922028114647e+03 3088.6719622852543 3147.3990868531514   
3501 52515 0.011274448004725884 3151.650078832426 2878.0320539471936 2.8780320539471936e+03 2881.495767929531 2885.030199643219   
3601 54015 0.014759929072315324 3292.043794718433 2850.526013370494 2.8520936709546195e+03 2853.989439490715 2856.6380114017884   
3701 55515 0.041989414609553716 3469.825459146146 2747.9685994721863 2.7515662786758503e+03 2761.3371019723318 2791.7595131764474   
3801 57015 0.028752819253862517 3592.592381593436 2499.161803734315 2.4996803488380001e+03 2507.2197010678283 2514.2685625313293   
3901 58515 0.0046118745316435965 3772.9409813857005 2419.629866653203 2.4196298666532030e+03 2419.750863453858 2419.957379525598   
4001 60015 0.012948503202158252 3970.5558230988327 2406.5708820962686 2.4065708820962686e+03 2407.8820750303294 2408.6196832507535   
4101 61515 0.01896212973129375 4101.8110324422305 2339.3761046081577 2.3393761046081577e+03 2341.505878286688 2343.877296575039   
4201 63015 0.00782428938479258 4232.141603704931 2296.6811271170714 2.2966811271170714e+03 2297.1018705456686 2297.936287411922   
4301 64515 0.007562119634861291 4436.509784655383 2291.713933215723 2.2917139332157230e+03 2292.051116404807 2292.5892244612123   
4401 66015 0.020948624452462285 4563.373266094455 2270.485036391142 2.2707576871982656e+03 2272.1452688953204 2273.8313785512873   
4501 67515 0.018720276401658457 4601.20460554155 2223.254175896198 2.2234733310863376e+03 2224.5277584825485 2228.076490026553   
4601 69015 0.006018627072816425 4662.401908399188 2216.120142340683 2.2161201423406828e+03 2216.2511805700524 2216.577093767574   
4701 70515 0.03531486107015847 4603.352845790733 2206.5216428754647 2.2065216428754647e+03 2212.2007922439516 2216.2448517378234   
4801 72015 0.021911576081220168 4861.404778722453 2183.807045956321 2.1838070459563210e+03 2185.3808276851487 2187.299038830589   
4901 73515 0.014905341780807862 4996.5512368524305 2173.490865675627 2.1734908656756270e+03 2174.074222824739 2174.566264373881   
5001 75015 0.024972205670856673 5042.942644337333 2161.584781356767 2.1615847813567671e+03 2163.0364656981683 2163.953931111521   
5101 76515 0.015888292343337312 4984.768096279209 2153.0390008536674 2.1530390008536674e+03 2153.5023471055392 2153.738797566872   
5201 78015 0.01363485778718599 5041.389096068265 2147.818869478507 2.1478188694785072e+03 2148.006347125717 2148.329988249425   
5301 79515 0.020473905376394975 5133.037695712738 2139.0486264942033 2.1390486264942033e+03 2139.609045305047 2140.2267867747555   
5401 81015 0.013101011531667034 5302.5738926131235 2134.571085754319 2.1346065829809136e+03 2134.776286575765 2134.924128030735   
5501 82515 0.02388247655793867 5539.109413860109 2126.9677538791816 2.1269677538791816e+03 2127.315627852501 2128.35467617108   
5601 84015 0.021451458080215355 5843.136341369621 2122.2281676889934 2.1222929200043864e+03 2122.619810366365 2122.8485276335664   
5701 85515 0.019092303884191017 6008.766508935417 2115.2918690075644 2.1153517362447874e+03 2115.6032966889234 2116.0672842427944   
5801 87015 0.02173351905453703 6316.512255478642 2108.524105478522 2.1085241054785220e+03 2108.832043971372 2109.366694127648   
5901 88515 0.01733191291385988 6379.736846128611 2098.3083547646693 2.0983083547646693e+03 2098.5589631881303 2098.7062982250923   
6001 90015 0.024553542893924238 6724.6414313929645 2094.1280329485253 2.0941280329485253e+03 2094.543875216709 2094.823198906598   
6101 91515 0.029614401207459066 6943.401579409413 2086.7979275036796 2.0867979275036796e+03 2087.0765332381156 2087.735364273742   
6201 93015 0.017162615414158863 7249.3526440268415 2080.0967287191474 2.0801792948355246e+03 2080.2545710398385 2080.3860718849874   
6301 94515 0.017311543562215804 7599.57739326768 2076.7518395130987 2.0767518395130987e+03 2076.9060672232417 2076.9791962969457   
6401 96015 0.025550771387220592 7925.27056354665 2071.4253824303496 2.0714253824303496e+03 2071.798177685532 2072.2863716170573   
6501 97515 0.029530223926778953 8464.528359616457 2064.9594554329815 2.0650036709078649e+03 2065.23860871232 2065.667479941897   
6601 99015 0.031219588689070724 9458.346681010355 2054.137743326151 2.0541377433261509e+03 2054.7400567274244 2054.9951906886063   
6701 100515 0.0233663052804296 10329.513812188154 2048.1103783556428 2.0481103783556428e+03 2048.25642492456 2048.396724090362   
6801 102015 0.11720584067380367 11660.687206232842 2036.9747178491161 2.0369747178491161e+03 2040.5790852174464 2043.1873074705568   
6901 103515 0.055270408225391816 11751.482023010767 2017.0697160043683 2.0173946848662445e+03 2017.9339080913692 2018.9577761863243   
7001 105015 0.045739552228380095 12177.353339828744 2006.4417118025406 2.0064417118025406e+03 2007.4235885085486 2007.7754097947554   
7101 106515 0.0322452759812942 12521.655221869232 1999.1542714464217 1.9992231173605214e+03 1999.3460739130583 1999.6686174227223   
7201 108015 0.02428999622632473 13099.248588292703 1995.4461356894356 1.9955001105824485e+03 1995.5928861505622 1995.6729486950828   
7301 109515 0.02666502783396627 13883.189170311945 1992.4587644166477 1.9924587644166477e+03 1992.594992131211 1992.6602886459486   
7401 111015 0.06056139035848463 14521.159302657346 1989.831371675844 1.9898313716758439e+03 1990.095377368133 1990.715790604814   
7501 112515 0.01923629901183216 15101.437381624864 1987.0191079502495 1.9870191079502495e+03 1987.0582402015682 1987.0978412260977   
7601 114015 0.020473903965949586 15791.715038244143 1985.45765930511 1.9854576593051099e+03 1985.5311029838015 1985.554949873753   
7701 115515 0.027002969979312674 16160.605001212454 1983.3425193876913 1.9833425193876913e+03 1983.4271177006547 1983.5334848040854   
7801 117015 0.03152444566953306 17279.371605234483 1981.4278325333303 1.9814278325333303e+03 1981.5627935220061 1981.6791223589487   
7901 118515 0.0553879245632293 16796.396137218897 1978.55394568519 1.9785539456851900e+03 1978.7244668118706 1978.9330579010664   
8001 120015 0.07028514729223508 16888.55074196783 1974.3087168739858 1.9744310297164041e+03 1974.6739776906084 1975.1884706118635   
8101 121515 0.04476673383690097 17435.45472559353 1970.1913295230192 1.9701987501551587e+03 1970.3079548528617 1970.4708801422337   
8201 123015 0.04000444670342994 17593.591791627474 1966.335735517388 1.9663357355173880e+03 1966.512966507667 1966.6293067423367   
8301 124515 0.02538547187442829 18371.149679996404 1963.8556856564053 1.9638556856564053e+03 1963.919044396228 1963.9874096294259   
8401 126015 0.01566039344514908 18687.512786009826 1963.1373660714448 1.9631391783373870e+03 1963.1467833357815 1963.1610551109732   
8501 127515 0.014500122675497565 19007.446984323502 1962.826814082323 1.9628276511769348e+03 1962.834793203461 1962.8533654341627   
8601 129015 0.03229303681738492 19210.89391799254 1962.2785184041775 1.9622858857947958e+03 1962.320069740247 1962.3670379703335   
8701 130515 0.04220787431967225 19215.090897529957 1959.8025812708447 1.9598728173408524e+03 1960.175531864822 1960.4485306099348   
8801 132015 0.0010691856569021877 19782.02579422053 1959.425094787367 1.9594375365669812e+03 1959.4846787712527 1959.5514904863585   
8901 133515 1.6456575982977357e-05 20904.41091275483 1959.4205256169112 1.9594213868131610e+03 1959.4255353218769 1959.4322245836615   
9001 135015 3.8758381746689113e-07 21364.763331515707 1959.4199827584364 1.9594202486117615e+03 1959.4204920253565 1959.421638647209   
9101 136515 1.3244506481660907e-08 20848.717600219592 1959.419953307502 1.9594199626968702e+03 1959.4201017209186 1959.4201676455655   
9201 138015 2.025936279359725e-10 21368.16179239455 1959.4199490092356 1.9594199581032462e+03 1959.419965373666 1959.4199789091194   
9255 138825 2.8633903656537582e-11 20793.505543608102 1959.419948916254 1.9594199507366627e+03 1959.4199535747239 1959.4199574407032   
