% # columns="iteration, evaluation, void, void, void, xmean", seed=46, Mon Jul  6 01:10:19 2020, <python>{}</python> # scaling_of_variables: 1, typical_x: 0
1 14 0 0 0 -3.082107152625532 14.131671286122513 10.164648656881608 30.923223279931047 -12.494192179987028 1.7481963475058317 26.17291886641331 -36.39802159366468 12.29278473941054 -3.0897581040397992 -14.702313794927075 19.44856196267917 -17.678452383012225 9.229036509928957 -9.57090225454107 21.54932118976714 -35.257048497013486 24.369567428192696 8.300232663356653 -29.171244177892564 -13.465682558323158 -21.429549480244983 -9.611329607246255 -7.407343860891297 -19.130945022465774 5.419702682005381 36.25495626850555 21.34226857898036 -2.896253608246 -6.752545217070844
2 28 0 0 0 -20.05993075138277 0.2296714120419292 22.834673543791254 13.977943469659895 -17.36667857541 0.8672265856134846 15.085477666011517 3.973883023231714 43.126449284631306 -26.03102754726665 -21.541957791538564 33.00848366514746 -19.52809976726015 30.15546657523618 16.864007832646692 20.708117528813847 -16.644597805824752 -2.7222035546104735 3.0723266713772848 -18.754631994222937 -28.59273159069391 -36.26471814220315 -10.224315485070568 -4.915731710091704 -11.543437601854896 -36.3690338715239 13.498398000590011 33.36927932440697 -14.75174845816288 -29.926126602337874
3 42 0 0 0 -41.72367524678895 -17.76420378203283 42.46835333028539 -32.49308080566246 -43.62180793359677 -1.5377300549653075 -9.942608590529101 43.416227513093034 80.64740414801541 -74.5793041486439 -47.86937649528604 53.62724984140999 -35.067747408537564 54.83340292068279 19.614623706242536 14.845313903943895 20.786492259778313 -37.56170587054368 -3.759832489458935 7.977886552152036 -54.2147072385735 -54.23324991708677 23.402612794274212 9.297290480297725 -17.31916376202461 -89.09435724429505 -31.42672531613862 75.02486867008666 -39.99277108337095 -64.4244349390061
101 1414 0 0 0 -30.128801858213915 -153.95732769779067 216.75012234719614 -208.5662174814384 -118.49273149670319 -13.423085888948481 22.13772379261514 -112.18804748805098 107.71317908372389 -126.15439239306936 -110.83444418475362 207.8704645748401 -6.028190464735133 97.56402051190042 -36.63487900158114 -3.2181355707540593 123.73906003594476 -52.731847153809156 116.2873004813204 -70.4803390173281 -90.24430285697295 -161.44651021289582 -51.42119149553047 198.77334101379247 -16.986063101756635 -89.17127017076635 52.63031411108023 -106.35080178630103 -154.60194218951935 -137.76495094376693
201 2814 0 0 0 -29.86021823529398 -153.71486612790875 217.15375827796967 -208.73096475762216 -118.32002967214918 -13.388765634131552 21.87454724356388 -113.98090216125536 105.1617931995618 -126.28879877421014 -111.04312214531787 207.74018393068724 -6.661947157510037 97.68802155272323 -37.39395289111875 -2.416401218540114 123.02424783675804 -53.01350361621428 116.12265092766654 -70.50899091281421 -90.73146985928575 -161.31014384812596 -51.91400765297222 199.04147199100163 -16.60499788384361 -89.73616892431883 52.52881796594974 -105.03169492557831 -153.0721550504332 -137.77150256983086
301 4214 0 0 0 -29.88645643304528 -153.68970126823496 217.13282256072182 -208.72433892170795 -118.30639537461191 -13.396761101443962 21.821354270949136 -113.94004354105583 104.98765301142595 -126.25158026819847 -110.99656888741475 207.73098423873736 -6.6756518622994365 97.68659254022397 -37.42582298562025 -2.421995651090311 123.0278437890417 -53.01445375059073 116.12596082528987 -70.5033493634583 -90.71993789231354 -161.314102704671 -55.01263535586598 199.0314668193495 -16.59842008295037 -89.70784964136828 51.85665229350548 -105.07159911650939 -152.99397216352332 -137.78826080585497
401 5614 0 0 0 -29.85862940066173 -153.70184079324423 217.1526395864141 -208.71745363964752 -118.31870145075419 -13.383386996226657 21.846524025717706 -113.94901176486941 105.04931415693949 -126.28322137587173 -111.02355446729088 207.73508820123592 -6.689061993259129 97.70017479555976 -37.422952204017825 -2.4181628651682874 123.02778609230289 -53.02453715338698 116.13152833857782 -70.51090706226411 -90.72225167095543 -161.31043587556215 -55.59629579382207 199.04148156936995 -16.597657705599225 -89.72554971379533 51.81851742869739 -105.0501267092274 -153.04127939220905 -137.78028052237215
501 7014 0 0 0 -29.858592213017914 -153.70194946252917 217.15233168414323 -208.7176019083706 -118.31882334970766 -13.383113849991156 21.846261075399045 -113.94874017613091 105.0499985834396 -126.28297985284435 -111.02383340514992 207.73517069232648 -6.689220557989775 97.70017770946647 -37.422984898229565 -2.4183130291279658 123.02766575384568 -53.02467681022229 116.13149733224252 -70.5109150561442 -90.72203392969035 -161.3102804509406 -55.598666421018166 199.04154740376867 -16.597749531010077 -89.72576407334934 51.81758074350189 -105.05000198955105 -153.04109398960497 -137.78024771437484
593 8302 0 0 0 -29.85859258859204 -153.70194940031266 217.15233157732087 -208.7176022215021 -118.31882348055453 -13.38311362912675 21.846260924954418 -113.94873923684902 105.05000013054698 -126.28297892782857 -111.02383433993266 207.73517087011663 -6.689220112286642 97.7001780157312 -37.422984834383534 -2.418313246683475 123.02766621207677 -53.024676946402295 116.131497468684 -70.51091508080373 -90.72203392993534 -161.31028069370677 -55.5986554170519 199.0415473730025 -16.597749456620154 -89.72576458011447 51.817582420350526 -105.05000024735534 -153.04109401224883 -137.78024676241193
