% # columns="iteration, evaluation, sigma, max axis length,  min axis length, all principle axes lengths  (sorted square roots of eigenvalues of C)", seed=713657, Thu Jul  2 11:11:37 2020
1 14 46.97416903681799 1.0000483345014077 1.0 1.0 1.0000016666680556 1.000003333338889 1.0000050000125 1.000006666688889 1.0000083333680556 1.00001000005 1.0000116667347225 1.0000133334222225 1.0000150001125006 1.0000166668055563 1.00001833350139 1.0000200002000015 1.0000216669013906 1.0000233336055577 1.0000250003125026 1.0000266670222253 1.000028333734726 1.0000300004500045 1.000031667168061 1.0000333338888951 1.0000350006125072 1.0000366673388972 1.000038334068065 1.0000400008000108 1.0000416675347343 1.000043334272236 1.0000450010125153 1.0000466677555726 1.0000483345014077
2 28 44.38811089894769 1.0417092610429428 0.9682121474995089 0.9682121474995089 0.9768600221817221 0.9780094591646399 0.9864832156462441 0.9927442197094641 0.9954820221453269 0.9980635479931491 1.000007620445819 1.0000100170072195 1.0000112795001428 1.0000146224731368 1.0000154504647538 1.000018945316801 1.0000192369748195 1.0000216263053803 1.0000242822920276 1.000025328788965 1.000026527412692 1.0000275159451752 1.0000304349922242 1.0000376269799558 1.000039507806171 1.000042633138593 1.0005534880209919 1.002109445000901 1.0024838471736057 1.0050604644457721 1.0117505761622956 1.0205409563364591 1.0417092610429428
3 42 42.19734395981017 1.0408594608272945 0.9516250784576638 0.9516250784576638 0.9676961928651254 0.974318388148269 0.978348064634125 0.9807092865967759 0.9867477989617914 0.9879548355708409 0.9938649739167937 0.9944505864933694 0.995996697548257 0.9969340549119713 0.9988885238393869 0.9992888373639819 0.9998441853796245 1.000020041227011 1.0000265440763658 1.0000380022139428 1.0003756984291252 1.00044611635752 1.0012700449969854 1.001514027986505 1.0021807805097371 1.0025279305033148 1.0047020352367824 1.0087045754122101 1.0119373430734073 1.0152590413932374 1.016290158874436 1.0290174431432666 1.0408594608272945
101 1414 44.40213939034801 1.6491528888961124 0.7591096310978653 0.7591096310978653 0.7765813783194951 0.78831289999211 0.7928115962963662 0.8163061599635947 0.8210770659126658 0.8404055925594861 0.8459998242177265 0.850462094734859 0.8697458411935556 0.8874825308708523 0.8991398230658191 0.9100488520804031 0.9245508361628154 0.9400844027208805 0.9515770296269647 0.9575373505019283 0.9746210680556637 0.9844002754398241 0.9872871066987353 1.0065631595072473 1.0196804260228072 1.0455410827928753 1.0691116104513492 1.0933137831938986 1.1226278624985124 1.2238409263041163 1.2894610282545824 1.3562061595634731 1.6491528888961124
201 2814 19.77783147347193 1.6563038288737135 0.6388998127900414 0.6388998127900414 0.6532196403410194 0.69367100030209 0.7091786766262876 0.7161469014499028 0.7289802667524902 0.7377931884095839 0.7718099728895126 0.7943382870810543 0.811097713994201 0.8410021527135446 0.8484719958699309 0.8646098595914592 0.8738788386019894 0.8952125604566716 0.900305712764998 0.9318608772896123 0.9401306905723766 0.9595363060300236 0.9745011132260384 1.0232735966245032 1.046413947747114 1.0763658990196658 1.1118063523427406 1.160224411229065 1.1988476350673438 1.273172606206734 1.3768358087859436 1.4686217611312655 1.6563038288737135
301 4214 6.338581652250553 1.601233005665095 0.5702807698693412 0.5702807698693412 0.5813424432863429 0.6176911804816547 0.6360815849856157 0.65207743455234 0.6896528538561514 0.6941614455704737 0.7066473628805631 0.7342326801207238 0.7663068104020552 0.7911836184886368 0.7925457445758181 0.8039876973476524 0.8121047053795332 0.8344365407189068 0.8785914319270507 0.8883214625305914 0.9068278639247628 0.9374336734792795 0.9553870065957257 0.9922020837969607 1.0377642360869412 1.0703962364224289 1.0927941517924775 1.1461294185270747 1.2150829812070745 1.3212583082166203 1.3283860890534072 1.4392001497657567 1.601233005665095
401 5614 0.8971546728622622 1.3542608313807907 0.515414135124277 0.515414135124277 0.5314171775786735 0.5663258484865555 0.5911505004749963 0.6200106400249181 0.6364127600579889 0.6707916990019882 0.6814824618379586 0.6949791939908804 0.7044692616491353 0.7139761217738798 0.722217387409651 0.7439589440374649 0.7469313794748459 0.7729657113145092 0.793867108937521 0.8418523373261706 0.8560132106408224 0.8737353896046071 0.8968205622811097 0.9398100070239811 0.9756923446469911 1.0011089003063918 1.0575833930188696 1.0757943350713286 1.097804781166286 1.1430680529715895 1.180385749855998 1.2796182222098298 1.3542608313807907
501 7014 0.10373017957889809 1.2579671561997676 0.45560859997263203 0.45560859997263203 0.4883658388970687 0.523268250376529 0.5301095791496077 0.5620000765591021 0.5774706127085947 0.5851433530934458 0.6142659375673398 0.623603648810295 0.6352641655437543 0.6509983634095424 0.6635834563930945 0.6965666164016933 0.7052975667009396 0.7288505668152513 0.733535470814225 0.7613484867052883 0.7733909334621074 0.8170639774155068 0.8544079951840298 0.887695959729321 0.9163878839332065 0.9256567850098427 0.9657974936832407 1.004992969606916 1.0479196603603842 1.070429956724045 1.113155691547001 1.1574859721722703 1.2579671561997676
601 8414 0.027952460470948615 1.2390416680547174 0.2928869429957772 0.2928869429957772 0.43290995889482453 0.4653173242363605 0.4898716553853058 0.49266355747763974 0.5086651082376626 0.5428285631469404 0.5566823284179724 0.5635209815092185 0.5807195905007024 0.6142666131926036 0.6377775412658452 0.6825616721065716 0.688873654196562 0.7005619929090604 0.7309115850636492 0.7401638452830753 0.7671645054625482 0.815543898208839 0.8271506986728162 0.8633437526718498 0.8669409486265343 0.8959758303547237 0.9018411763004812 0.9818602868757313 1.026210059386486 1.0741135743702257 1.1136809097005074 1.1219713446583666 1.2390416680547174
701 9814 0.016523193678159437 1.1933869286912213 0.17366436455126497 0.17366436455126497 0.3847145062935722 0.42239272237139036 0.44934203350538443 0.4810457682690916 0.4989525328580101 0.5027173916496653 0.5212174689026257 0.5462449273744688 0.5748066365471621 0.5796277275729266 0.6119671005343383 0.6386687800522459 0.6582758534537271 0.671331472479043 0.7023948819359114 0.7291433531063682 0.7455732567289196 0.794478512197991 0.8281207594358666 0.8343836354484447 0.8738346783307946 0.8968936237571917 0.9267835371619654 0.981333603028505 0.9869217437387809 1.0601865935949895 1.1079525809391857 1.1321943615087156 1.1933869286912213
801 11214 0.005765121765487242 1.16192886553216 0.09847835552630094 0.09847835552630094 0.34687850463521885 0.3924486288464927 0.4048681841075642 0.4406602069372911 0.4571809490764826 0.4775387811823918 0.4878087432706052 0.5341608228396036 0.5523018233712909 0.5617972568183809 0.5738248813190117 0.5944607281905798 0.6154053707564988 0.6547254408802095 0.6887036239310982 0.6969343803762019 0.7328496555941065 0.7720442274119608 0.7892704335303208 0.8121972732472382 0.8847332458470482 0.9160322838452211 0.9404079326139291 0.9696322707680285 0.991192894243753 1.0447747231671998 1.08914438761262 1.1247944658083369 1.16192886553216
901 12614 0.0022296208374630684 1.2672110228654845 0.054373372048348204 0.054373372048348204 0.30383350257885305 0.3539937841631729 0.3800926413929428 0.41506478634074573 0.42408379602380913 0.4474622674446924 0.46297410655310106 0.47724159110319564 0.527156136641489 0.5445972580410665 0.5507486534686267 0.5683130752395401 0.5812579288022245 0.6091290731673175 0.6400313470512605 0.694846829530638 0.7341221811790248 0.7547006745226919 0.789965756036975 0.8154160997579358 0.8602744246758078 0.8956228271064962 0.9160373486665868 0.9315973545052182 1.0060726177958552 1.0494215402527105 1.1147484615862526 1.171443509997404 1.2672110228654845
1001 14014 0.0025945709487439628 1.3057185809716578 0.031562317859839206 0.031562317859839206 0.27241258353133 0.3510768120567551 0.3631810304143244 0.3963708552715985 0.40200910335294765 0.4154275882833535 0.4538901690740551 0.46192978214635055 0.4878337707221939 0.4987132984322175 0.5246395776880661 0.5508802818661963 0.5576797063297099 0.5896549631215052 0.6237600598616116 0.6617037863709954 0.6995118868406633 0.7207071319710491 0.7764556046032686 0.8195517482801807 0.8613234076354014 0.9026062094501445 0.9180517379397873 0.927960022190587 0.9730993088730017 1.0436765615782213 1.1208324578580269 1.1771342800928848 1.3057185809716578
1101 15414 0.0024366196845000583 1.3620856533712742 0.018059693193377194 0.018059693193377194 0.2637717793416658 0.3055928038850357 0.3367400707973109 0.3635246532576884 0.3931754907803809 0.41423438633138154 0.427908905174442 0.43944056293668055 0.46087200514003535 0.4854599925999948 0.5120587301611561 0.5491292607075416 0.5536767156952184 0.5607618165609287 0.6013703563723932 0.6757112374797521 0.6968473115666814 0.697715998431696 0.7717239401426289 0.7983520267729127 0.8104612496257235 0.8543583578148789 0.8940042801840208 0.955123347323292 0.9923079673120594 1.049280447079009 1.0721281511166982 1.1597027659923702 1.3620856533712742
1201 16814 0.0011098515911372481 1.2344850505540765 0.010478989031251947 0.010478989031251947 0.25898732768826976 0.29599752838047944 0.3338699668888573 0.3351891896131321 0.35591502910441275 0.4039828853329396 0.40650286953165743 0.44191890242135207 0.44895661496682915 0.4739180038261291 0.49274188002741226 0.5014163587898283 0.5261132546035321 0.5519751081287114 0.6002934558622518 0.6274137378083433 0.6709621381695164 0.6943314497632457 0.7133765685438599 0.7583497911666226 0.7916853264641889 0.8301524159436552 0.8491432738598301 0.907114222374845 0.9316808266868566 0.9814709807781641 1.1361889795165476 1.1398133469880867 1.2344850505540765
1301 18214 0.0008692196517887646 1.1913973094646544 0.006071246144733778 0.006071246144733778 0.24571415049384462 0.28343757919356033 0.29634036544817377 0.32267930577298964 0.3403428395918548 0.38065650348026875 0.3873263036442442 0.4083979887348218 0.42191284726570183 0.4611834641981656 0.4788892482922238 0.4922320821288543 0.5062364666422123 0.5679824720933492 0.5760341353544857 0.6299110387502229 0.6440540562296302 0.6662964811121732 0.6975025046690871 0.7112080032011414 0.7537934864876443 0.7814539320672326 0.8590990407852792 0.8731145323122095 0.9188901803762987 0.9739807047075792 1.074944850593441 1.1548801015237322 1.1913973094646544
1401 19614 0.0006045692437780772 1.151134202410668 0.0035355665275783555 0.0035355665275783555 0.23974483203566668 0.2742658749946982 0.30514447437341097 0.31627470894280774 0.3420597992721088 0.36728424729520104 0.38643890297756156 0.391011927939784 0.4012639787621338 0.44747575977199233 0.46703973010306027 0.4821997686793078 0.4902095842320218 0.5309356744198097 0.5438211774684033 0.5648286183705524 0.6161295972130197 0.6354797448391731 0.6886428742370502 0.7103861683251095 0.7323136055205968 0.7641390880750026 0.782033697289107 0.8538427395833842 0.8761131347322648 0.9353783912072742 1.0174852363461047 1.0676628233853438 1.151134202410668
1501 21014 0.00037785777103263726 1.164582627387338 0.0019155093966358374 0.0019155093966358374 0.24082670465278708 0.27001089029133063 0.2780873327666559 0.300477202729055 0.31735912912295183 0.3304373688625464 0.35072019060673904 0.3866992793329174 0.4165195617881924 0.4286618485663696 0.46926841529109464 0.47669872630773735 0.4852929326938655 0.5156297964541349 0.543005479698423 0.5623628363775252 0.5861746344827645 0.6052980526547079 0.626938007579441 0.6911349016025288 0.6964640414500047 0.736575743144014 0.7657808087792589 0.8141374901242693 0.8815019839542665 0.9669707078412436 0.9752444450017945 1.0688593698730446 1.164582627387338
1601 22414 0.0002692841550885415 1.1243677100336582 0.0010598892415621558 0.0010598892415621558 0.22992378329585705 0.25515971203127524 0.2646552202780876 0.2900122572625792 0.29766609126024335 0.30358667016915547 0.3434592538045291 0.35129441653436966 0.39776435489962464 0.43445568367005816 0.46332239523820545 0.47360119165499837 0.4945776506469515 0.5235247425416827 0.5530219395641444 0.5584070615822179 0.5644866544485185 0.5824811261905427 0.5962419731119265 0.6327145276818106 0.6668150721057311 0.6929389709578612 0.7444029926891411 0.8094774632371157 0.820746338814282 0.935621726801227 0.9587270727174139 1.0016613367163973 1.1243677100336582
1701 23814 0.0001499783931048539 1.1077373533132926 0.000625120263191129 0.000625120263191129 0.2226419906922631 0.23955126966400778 0.24830380030300905 0.2708765130804997 0.27713262658055016 0.3068988208898205 0.34583283304441514 0.35717346846207354 0.3797987674741866 0.42525558006754227 0.4280951984367529 0.4610937172248155 0.48622338833643225 0.49412602096974056 0.5173897757405405 0.5413198856948371 0.5605444740177232 0.5738853552095725 0.5896993720060422 0.5949288919237387 0.6359910741361086 0.6968078178293775 0.7371959681561282 0.7547356494219633 0.78314823735675 0.8619568959476074 0.8856387379346093 1.0142223389519351 1.1077373533132926
1801 25214 8.930271691599989e-05 1.06155376683999 0.0003441213504865396 0.0003441213504865396 0.21205543203065588 0.2229365237790697 0.23801969197798994 0.2544188864439879 0.27681568746169893 0.2925241117353049 0.32009942880550374 0.33973928652302515 0.35789689784709106 0.3876079276671852 0.42629650002077174 0.43648255816273446 0.44981811823104856 0.4754066398320906 0.5048011993261875 0.5262516331871268 0.5361260590849707 0.5548871443016165 0.6012359214395188 0.6133155658531455 0.6209367633856911 0.667653950516458 0.70848828035611 0.7494310326169938 0.7773953765577151 0.8278172875361198 0.9085041925408051 0.9513776612327876 1.06155376683999
1901 26614 6.885492591118433e-05 1.0304949855076513 0.0001917312669214762 0.0001917312669214762 0.1954289029944743 0.21832712123483541 0.2324641187528401 0.24224565961277755 0.2609482576281345 0.3013789846409534 0.3089674905586104 0.3275845881275213 0.3425596569849359 0.37776542590099477 0.388760381552976 0.42172912993553174 0.4323558598726968 0.4503187670316729 0.48796017915523726 0.5135610181266265 0.5245068329701422 0.5683236854324868 0.5900456248106911 0.6278314649365051 0.6377704198871443 0.6578877428278025 0.6983326853685173 0.7321313915817633 0.7578074624204071 0.7983573809741696 0.8466221076252682 0.9544508344946179 1.0304949855076513
2001 28014 3.704158394461039e-05 0.9555542223412289 0.00010939068060537098 0.00010939068060537098 0.18424084922030673 0.20034026316132098 0.22826638776076194 0.23921357204931304 0.2590595038991019 0.2828777890800014 0.31434102354636884 0.332917757119099 0.3456145863586929 0.3658323129162278 0.38471576304593064 0.41634846562579514 0.4232040565103206 0.4363910411881647 0.45804189519971755 0.47334738927588077 0.4911638840132845 0.5232441751465234 0.5467533435165588 0.5970643000609148 0.6069959060395048 0.6242058630946553 0.6705356001101039 0.6852025844526692 0.7335713092804462 0.7390232586592616 0.8260279881862271 0.8861313181246542 0.9555542223412289
2101 29414 1.9894313157847262e-05 0.9198556434098752 6.600717488058403e-05 6.600717488058403e-05 0.1697947373268152 0.18293897665295814 0.2180195708027322 0.22884203057032015 0.25597501216989965 0.26805547715293526 0.29044654270889414 0.3090000917588245 0.3408914072843436 0.3463773686835482 0.3706186124327741 0.3862770306950419 0.40694280357532087 0.4218674343818363 0.4440501699038728 0.4521429128639881 0.46783545542151217 0.4887429576511272 0.5347715619052837 0.5503536281368729 0.6030900482365843 0.604831371332404 0.6274820205046494 0.683435875757295 0.7009985438971991 0.7553871374518655 0.7702500748158191 0.8887756998987147 0.9198556434098752
2201 30814 1.1658658474406302e-05 0.9285143952894624 4.059445245224294e-05 4.059445245224294e-05 0.15402212889941108 0.17441272485396966 0.20762531838756526 0.22272468825310623 0.23858659626433235 0.2593904543035724 0.28999446063230633 0.3011077705043402 0.31731470938575707 0.3293017569905054 0.3402791220008756 0.3639211230792548 0.37267148234322206 0.4012682448259254 0.4120380000256395 0.4268889512314221 0.4564470353914381 0.4917411641895041 0.525447768466683 0.5638359429663986 0.5733472590532067 0.6187380963972995 0.6358167024175861 0.6742804841330263 0.6835755652066833 0.699023049487052 0.7389010587169833 0.88105965686612 0.9285143952894624
2301 32214 7.906661271577975e-06 0.9044488612589819 2.496329509598849e-05 2.496329509598849e-05 0.1608924629130116 0.16730156151676717 0.19586146846620758 0.21829374652551187 0.22460691640273625 0.24455109827562743 0.27245124129599213 0.2841982204097614 0.29987166294887774 0.31933414455456754 0.332996436678654 0.3362506903564251 0.3609133900857366 0.3665922954298461 0.41052972139321864 0.43743635269930514 0.44815284887125983 0.4773729329811719 0.4986717010647363 0.5081014261797233 0.5626263921241014 0.5800446868931227 0.6402315502493633 0.6448114810740843 0.6794909968118839 0.7085371742725325 0.7662255430092998 0.8588571195502649 0.9044488612589819
2401 33614 4.990948647255289e-06 0.9069977593011405 1.422738464209548e-05 1.422738464209548e-05 0.15545363469095994 0.1691467798357143 0.18582919337070047 0.20054069811894487 0.2185091457687743 0.23170770135900573 0.2585319495411417 0.2674244119182261 0.27575120754383886 0.30428195621845305 0.3215820098036343 0.3401850371434185 0.3576123346089558 0.36842819512786346 0.38833802578454635 0.40595810365799123 0.44293490621683834 0.4526648727183217 0.4830408839195668 0.5169367785595446 0.5387699323106842 0.5662497237510404 0.6160792697922698 0.640989485743556 0.6517143880535559 0.69959744931427 0.7422392447100608 0.8251346557430642 0.9069977593011405
2501 35014 1.6425894931748082e-06 0.8758015575131931 8.38250790608456e-06 8.38250790608456e-06 0.1452919850270868 0.16731913389022032 0.18421009638883967 0.18699572738561115 0.20954198077522349 0.23580415732295648 0.23902481196474912 0.2675109783140944 0.2721677982942154 0.2776082450822625 0.3082828987868013 0.3216419096050386 0.34466803164821763 0.35090469177370454 0.3625669364548876 0.3967570189330387 0.39882142486508254 0.42305229373836495 0.4647561091477753 0.4847666532644985 0.5060461552171291 0.5457105477090909 0.5835592230659796 0.60267723249507 0.6199393623448504 0.6979028053103017 0.7353275828867859 0.7593278484804518 0.8758015575131931
2601 36414 2.1817449783405395e-06 0.8592109319081381 4.8490886089618864e-06 4.8490886089618864e-06 0.14529847013843886 0.15381109705692303 0.17630244523983943 0.18657693373602616 0.19470113853794044 0.22123625603022518 0.25126828486197034 0.25601279529339566 0.261332656582886 0.2771412041084449 0.29510267716982597 0.3084378727375513 0.31701139175097426 0.3330525440205602 0.3597844742304514 0.4014816505431822 0.40949780216498755 0.4280396401597587 0.45175598710766574 0.47876038704553076 0.5073458637754795 0.5270524964043255 0.5491485898150188 0.5879271174673077 0.6035644386142921 0.6573117482371533 0.7159771019629834 0.7377428542665248 0.8592109319081381
2701 37814 1.039695494250336e-06 0.8294192703272542 2.7827831248542624e-06 2.7827831248542624e-06 0.150175997708803 0.15805763436036857 0.16681393010369086 0.17541904320643484 0.19260254086738074 0.2084896782409077 0.23113969234461199 0.234904130876746 0.2586387419956998 0.2681509356294487 0.2827253501824982 0.29532566413655853 0.3079602148818738 0.32532411242106585 0.3682422611194304 0.3795218810173088 0.38897432416810745 0.42590367015268804 0.43812898583947796 0.46507778266853356 0.5035798327569285 0.5090224717379488 0.5369777666668706 0.5544789612683553 0.5626923845980807 0.6479940086387525 0.6656705012892264 0.7151057901182158 0.8294192703272542
2801 39214 5.034688497924111e-07 0.7985107119739026 1.6402930744170317e-06 1.6402930744170317e-06 0.13674611235102294 0.15198654463745095 0.15625738949722767 0.16534655282852037 0.19494235192787382 0.19757609977912666 0.2157270689021836 0.23943068233777312 0.25240059776981005 0.2711052529995223 0.2777787578765231 0.2786350564785445 0.2978308187830094 0.32473114749639137 0.3440472097950599 0.3730409038284965 0.4001211541923793 0.4014312610226878 0.4264707143113394 0.45149635422204754 0.4802651174742014 0.4974599938832154 0.503926471591653 0.5478194205582764 0.5510777409629454 0.6181205986141657 0.6410539399399445 0.6894181255340868 0.7985107119739026
2901 40614 4.890834333784008e-07 0.7643747139877834 9.343495903422838e-07 9.343495903422838e-07 0.12572018223715395 0.139588437932507 0.15710821455545876 0.17522203149268342 0.18261941786073996 0.2016015929846037 0.21254246770117569 0.2264577383977423 0.234409280798946 0.2537936196111265 0.2661641289753876 0.27191623684178345 0.3129353876176799 0.3262839923230306 0.33732567564427723 0.3521621242297027 0.3789890366303877 0.3890121193007722 0.39659669999746294 0.458741949606345 0.4635304989242191 0.4771200246947867 0.500320558089011 0.5261857471289338 0.5727601036327472 0.5843135816102747 0.6096081044980917 0.6586685916400826 0.7643747139877834
3001 42014 4.7180354495257407e-07 1.2839583837264703 0.8381911430296296 0.8381911430296296 0.8488227419971256 0.8559887484094117 0.865446119652546 0.8804566663097431 0.8839377117118683 0.8932525221161034 0.902085305571772 0.9086122508575675 0.9257721529227464 0.9308554853286893 0.9428212605342098 0.9514667104446124 0.9607421722841233 0.9641324491230084 0.9705280845040825 0.97392555280364 0.9792791105038782 0.9930211408993501 0.9980409411485276 1.0205406964178187 1.0294880191925688 1.044169715358609 1.0594945112270673 1.0862247154671654 1.1053279897411612 1.1286223404674194 1.1855442667738756 1.2799882330878176 1.2839583837264703
3101 43414 4.2326173120599415e-07 1.5739536464953319 0.6847069715430046 0.6847069715430046 0.7042474766774124 0.720539169999524 0.7379470404408562 0.7428565395379291 0.7723692288079265 0.7855818678014674 0.8050836667603677 0.8245969475626105 0.8413394999200962 0.8504459472088476 0.8833366337923148 0.8858945848101416 0.9022336291877698 0.910680640215605 0.9293695947158244 0.9457702998174413 0.9610203387022138 1.0034858991528182 1.0198993588209615 1.0338690443811516 1.062192758330843 1.086760821564226 1.1176799325191547 1.135015435901619 1.200469368644109 1.2082484879763122 1.2656564614845471 1.3457471244847947 1.5739536464953319
3201 44814 3.432875480258399e-07 1.745976511697334 0.5734516746654439 0.5734516746654439 0.6124547075312641 0.6256857890937915 0.6521085548416319 0.6712830611852653 0.6786685408587922 0.7178766963236248 0.7408408452459947 0.7501341970298903 0.772445495981059 0.8171497307994682 0.8300507292592104 0.8370026058202958 0.868984057799307 0.9001700846094924 0.9067674145456064 0.9276709140405216 0.9340180715386693 0.974579680969777 1.025520949982721 1.0323725759726805 1.0653030721152508 1.086308099859636 1.103125509306371 1.1479577760706194 1.2210488032570703 1.2604672257858216 1.299286061663988 1.5131505615144831 1.745976511697334
3301 46214 2.8317509692212133e-07 1.7276907346871524 0.5287590227811011 0.5287590227811011 0.545210388156128 0.576956682747848 0.5940077725854209 0.6136966217843269 0.6358712913785345 0.6528169495392238 0.6860527273376763 0.7017784307134253 0.7327879644003734 0.7575837805843487 0.7743686418163404 0.7838940058097605 0.7963670252265503 0.8117255891570085 0.83697214051791 0.8606568861751825 0.9139476535689794 0.9357354247973835 0.987079269343785 1.0271113811669503 1.046751045330613 1.0885952015347118 1.1048607618013717 1.2194257306005756 1.2769261072057643 1.3668601545365013 1.4585016330881868 1.5222432625757154 1.7276907346871524
3345 46830 2.965780535427472e-07 1.6996201144868601 0.49570722176164755 0.49570722176164755 0.5193635758242591 0.5592661712071176 0.577188505894191 0.5934307538388585 0.6232616476599112 0.6470136411399183 0.6596314659973529 0.694113023886494 0.7205164652920866 0.7255172123710992 0.7348394732560396 0.7581645216751587 0.7909398580734821 0.7940741982747401 0.8451143913905526 0.8870150808450971 0.8907951947356635 0.9590361080840526 0.9829930865615556 1.014954700411596 1.028578226184933 1.0670095153887817 1.1392725744431214 1.195039045938744 1.296133774135794 1.3458676468491673 1.4398867045390316 1.564753524876388 1.6996201144868601
