% # columns="iteration, evaluation, void, void, void, xmean", seed=36, Mon Jul  6 15:11:13 2020, <python>{}</python> # scaling_of_variables: 1, typical_x: 0
1 14 0 0 0 15.245475326473601 24.108601320334465 -34.82851108594421 -15.796158073876144 31.715635926368872 30.33252095909949 -27.044126565240102 -7.283875044834108 -32.38022609783946 -17.12754200410586 21.13234856483098 9.578455432344054 -7.563531679780039 12.05996719660275 13.779935781326417 60.62961449750497 21.881937257576155 4.368126329404477 -14.005532744766944 -2.5441879751912118 -12.246843888641216 -6.932157908522984 34.964113066564 19.434156742485335 -7.014851812034465 -38.0788636580892 2.6046999448551063 1.650151415917831 -41.4406239703051 20.166519222461822
2 28 0 0 0 34.86436045094355 54.9849752277908 -28.78625394723362 2.418321895766381 60.24848567701549 37.76494138413133 -45.9755467571278 -11.906528669386114 -59.645441623995005 26.777890732104186 30.899420469409748 21.95338126059301 17.805227097073466 40.96016992081715 -1.5068692867612423 95.72825313560743 0.7395008084524655 18.051122890589838 3.4552348983457524 -31.64839161626703 9.467935513657075 3.7896322322466167 49.07544597317358 6.013469117651436 2.1884926396029343 -62.41518871290657 37.73911016670561 16.557777394798105 -51.786947379548685 59.65588013734566
3 42 0 0 0 19.713490856917236 51.54312816284402 -35.533261109611026 32.14513424901736 72.27222169344661 30.991930180560125 -77.42450243211236 3.9037951841334646 3.8680368239559186 26.621408443444054 1.9484601747763648 -1.0840538603703216 17.43077306671308 75.20885151133302 -4.774364808673097 117.43736524974967 -22.14317133901343 -26.300121685705918 -1.402875979486895 -16.9047740899488 -1.444923273054096 16.078568647412684 86.50342910455782 -11.24563750879513 40.19756841539624 -99.779447083688 87.22040301442006 -11.634936898408935 6.38352743558287 63.41995731795919
101 1414 0 0 0 153.96557387766953 33.60981029584584 -137.76007241107268 51.10115544584194 186.94463740047195 -149.2100684896611 -157.42441570632255 238.87625743552618 158.3022769781443 -12.59465134535552 -183.86734557672546 201.00834190083708 16.690452252372744 -51.93614279010705 -1.8559229116590668 43.358075291324525 0.04879445917537395 43.553643532228044 -45.87010854631717 -35.44871127081199 -147.04703923444347 54.68772341109757 270.8543939902882 -18.894099821462127 419.9884749068863 -103.18059678129154 -21.069074578733694 92.70236589445491 -136.0698775191979 34.535367443360656
201 2814 0 0 0 150.5446672365932 33.41965699918983 -141.34479291392535 47.27519120800501 186.81578281809394 -150.9607067763681 -157.5200757502353 237.93104511456238 157.63636869533693 -12.09104162725352 -182.0865724236611 200.755775806971 14.193373071371722 -52.278844930550555 -5.565826148937426 42.34406639502047 -4.565881113033944 38.977313447824024 -45.36819610172585 -35.749910791284094 -147.82350813049808 54.71208201206661 267.06008105218496 -18.875352397243134 420.58634170582184 -102.29273039889773 -19.686576603805108 95.18697213959797 -134.94038818955084 32.17990321615784
301 4214 0 0 0 150.6031152380795 33.42751652391674 -142.5566779823001 46.23438675447787 186.68689423549955 -150.95304271048573 -157.58125917978796 237.85080383135332 157.68768720554564 -12.122380780221494 -182.12863597746468 201.03764122000965 14.268419426316587 -52.27588304853811 -6.397777820961956 42.19113148719635 -4.595705820500473 38.64863331535281 -45.32365253837554 -35.83407232598479 -147.7722349649993 54.68592965869466 266.2275689679836 -18.860368647926133 420.612260287286 -101.95480911462876 -19.420527660016635 95.1778542836351 -135.18121724553512 32.13909612749483
401 5614 0 0 0 150.60183779271188 33.455428623820204 -143.05181154819067 46.16866645678685 186.75441671036344 -150.95856334207545 -157.65242623755188 237.8540078387261 157.67208574310288 -12.102554279660865 -182.16395150893638 201.11316639894355 14.511748655533182 -52.423366988612386 -6.749216357967234 42.007203657413115 -4.5982784713081974 38.92387457831031 -45.30357065995894 -35.849323114279784 -147.76906470097916 54.66203733526411 266.0693497074944 -18.82629914228422 420.5901149302567 -101.4245556525141 -19.489045176643046 95.24486480811102 -135.32608124629715 32.205499316962694
501 7014 0 0 0 150.60531913855192 33.419158667830274 -143.110771342847 46.67065873230889 186.93437136984255 -150.94675094834622 -157.96071045564656 237.84885702814353 157.69623676266573 -12.108663147289391 -182.11095974604027 201.59876566291305 14.944102491413878 -52.51377901395355 -7.1047770864127875 41.56299492420337 -4.596440615796919 39.444545431517774 -45.33881327519163 -35.840810818005366 -147.79016304950778 54.69880911311807 266.2955894704699 -18.83912797000065 420.62090911656395 -100.16438691808548 -19.412002431774095 95.18172287373453 -135.68669632569402 32.2539246827338
601 8414 0 0 0 150.6039642282061 33.43669146600904 -143.04599373985207 46.6342324279605 186.92587773321677 -150.93467251950304 -157.97390004159544 237.85026160703893 157.67435300745146 -12.128334861238033 -182.1094118947012 201.71501226862122 14.945032326897724 -52.474242723454104 -6.946342639290349 41.53523354997142 -4.5957477899089705 39.25174776287226 -45.32426827384591 -35.84320170715406 -147.7845632938947 54.67547331807591 266.2385988946006 -18.84171345006285 420.6083824021856 -100.06496691983726 -19.514896772568566 95.21381480995271 -135.64493189695128 32.207136533815664
701 9814 0 0 0 150.60402582108514 33.42893038226656 -142.9400684705799 46.560980657229635 186.89884915483174 -150.94456876470807 -157.92933139069208 237.85011315474864 157.6897696092171 -12.117585171710862 -182.1249004630886 201.75192667115272 14.945239128931597 -52.40552392043958 -6.8109681236821835 41.53151043913603 -4.595751220633519 39.082068953152415 -45.33052490440467 -35.83816052610124 -147.77079493212696 54.68185702705923 266.25235441641763 -18.85111985298525 420.6147095296502 -100.07206030036896 -19.576340201407508 95.20043208142782 -135.56678973436678 32.17548195555258
801 11214 0 0 0 150.60400207476093 33.428430808774905 -142.92375322360675 46.55838199248853 186.89539971858395 -150.94230951525788 -157.9219919950152 237.85011351137973 157.68649529817873 -12.116491232344835 -182.1234002732142 201.75256777624412 14.941065086287919 -52.398314429947504 -6.791847684683106 41.536388799528915 -4.595728004028732 39.06993517537237 -45.329756030917274 -35.84059804648804 -147.76732541267265 54.68190714155762 266.2622153162816 -18.848850046516503 420.61294306614775 -100.0810499837851 -19.578628851271368 95.20045232783845 -135.5545572986211 32.171751197220345
901 12614 0 0 0 150.60401225230234 33.42963454634836 -142.9183304749017 46.541866540309655 186.8866067455379 -150.94586649007445 -157.91137240187402 237.85011074335452 157.68904384530688 -12.114973193638521 -182.12011508278079 201.74910429444782 14.943302081981933 -52.390352089358935 -6.784830918308143 41.53887803271407 -4.595734985007259 39.05364620903853 -45.327962573806424 -35.84367697848245 -147.77367672550318 54.68439909588878 266.25811941171787 -18.846481086998196 420.6173528810015 -100.08759083525628 -19.572021896945454 95.20615636683797 -135.53174518250552 32.16884540734081
1001 14014 0 0 0 150.6040156887741 33.42853731110398 -142.91126001031225 46.53683136064977 186.88210690155194 -150.9436493169756 -157.91316816858307 237.8501024945638 157.68862460232015 -12.112562912013564 -182.12145286048442 201.754948280851 14.94607995424819 -52.384226866347895 -6.781999251343522 41.53423933040097 -4.595731668497099 39.04716322305298 -45.32842182436884 -35.84302459380109 -147.77564316522484 54.68577549061884 266.2587730642755 -18.844750366235647 420.6150204770616 -100.07723733612384 -19.563001699400605 95.21256832693281 -135.5139246073265 32.16656109029045
1101 15414 0 0 0 150.60400453709207 33.42774222607176 -142.90208992737428 46.53081688498436 186.88087208581047 -150.94340305787523 -157.9288780368693 237.8501188613338 157.68625975351725 -12.111360188586413 -182.1192034590966 201.74897598549265 14.948164145320193 -52.37990790453272 -6.795618201123943 41.53190979660718 -4.595727006322378 39.055556666051665 -45.33574518806778 -35.841123442823175 -147.77580207249636 54.68761476539239 266.2573538083017 -18.840644976603148 420.6139268985592 -100.0676718499158 -19.52732017807182 95.2134914370436 -135.4853523921915 32.175639941829296
1201 16814 0 0 0 150.60401717217502 33.428164104911474 -142.8887451674205 46.53776298894034 186.89429397545547 -150.94466113386295 -157.94469170626908 237.8500997495686 157.68697480389974 -12.112769014373724 -182.11791310376668 201.73647442716847 14.959321359140464 -52.37374975788472 -6.799623766419446 41.52548653225998 -4.595736711608673 39.056881910428324 -45.332032178653186 -35.84158921484382 -147.77227171272298 54.68585020216834 266.26303848883816 -18.844782557699542 420.61483467500665 -100.04724226714822 -19.506607235572492 95.20909273110482 -135.44991765013629 32.18950388831852
1301 18214 0 0 0 150.6040150920375 33.42885436937624 -142.88198297815066 46.540445417049916 186.90157730146447 -150.94445648213934 -157.95516732918492 237.85009988643782 157.68923789757775 -12.114062741797767 -182.12160684324525 201.72487813060684 14.966918679742902 -52.37900640834958 -6.805906921205005 41.52172688208431 -4.595735125764977 39.06486166227591 -45.33038063296787 -35.84159682721463 -147.7745067917804 54.68523282613489 266.26292651778493 -18.84693711104301 420.6131377439189 -100.03816921835079 -19.49635743705151 95.20819425694494 -135.44270450289906 32.2006919083921
1401 19614 0 0 0 150.60401274764746 33.428972153693024 -142.87630545254083 46.52313201820348 186.9067985185804 -150.94388345682725 -157.96976319743777 237.8501031609692 157.6899178754087 -12.116846476891089 -182.1218559159586 201.70810142437446 14.983330359775541 -52.39080034105965 -6.802742297983317 41.51326368501355 -4.595734346039888 39.07036191664681 -45.33213705991688 -35.84167054629522 -147.77222004878533 54.68426020811654 266.2637931148244 -18.84764339245907 420.61416962025055 -100.01968976757094 -19.49733663588072 95.2102359531317 -135.43680407805445 32.21864294153882
1501 21014 0 0 0 150.60401091458306 33.42882730151077 -142.86584452278893 46.49206454519371 186.90767041316832 -150.94409244210934 -157.99998792341069 237.85010368216368 157.68918154636364 -12.115279816588595 -182.12067801156206 201.68368348061642 15.003738711700722 -52.407729956799095 -6.790747628024565 41.500923904816915 -4.5957328243191995 39.07194774462841 -45.33154744637347 -35.84246772967033 -147.7737719585747 54.68451713528163 266.2589864680349 -18.847654856758687 420.6137395073404 -99.98644924956096 -19.510341135592903 95.2089611638343 -135.4521350002787 32.24561205891539
1601 22414 0 0 0 150.60401239127197 33.429456018654946 -142.86198900716292 46.49161693420701 186.90637093464252 -150.9459908361223 -158.00987583996758 237.85010330670985 157.68710216327653 -12.113866901242433 -182.12116603284363 201.67409050567514 15.010167377323837 -52.40520150916389 -6.789393733077465 41.49761485866613 -4.595734577387742 39.07250235115361 -45.33095513943787 -35.84160707344881 -147.77509479801017 54.68642803050513 266.26230516676276 -18.846596899140767 420.6138838104417 -99.97790955547126 -19.50695337478425 95.21038143972193 -135.45386038603093 32.25508677521138
1701 23814 0 0 0 150.60401484021392 33.42792378190039 -142.866232375993 46.500475739806994 186.910195069057 -150.94436004772385 -158.04686740627628 237.85009996252668 157.6879892346229 -12.114605123120565 -182.12068755452103 201.63696190596173 15.038327258513746 -52.38991996578566 -6.787578640269399 41.48220501433262 -4.595737189578674 39.06622390094419 -45.33144127744919 -35.84171452960832 -147.77431149794086 54.68364848391696 266.27168112853354 -18.84618190231582 420.61428169652214 -99.93862383532243 -19.503650922324493 95.20959081696193 -135.46223966168972 32.29165485792254
1801 25214 0 0 0 150.60401386403964 33.427995846373356 -142.8714173585431 46.505512106531995 186.90743773527348 -150.9446383309119 -158.05388081872312 237.8501022593144 157.6880287739165 -12.114299660485202 -182.12065661395525 201.62958331976387 15.043393337263783 -52.3818031692999 -6.78698561665169 41.47947318954842 -4.595735148378347 39.061632135715215 -45.33172590106069 -35.8414375553512 -147.77450574998522 54.68438587670691 266.2739858480587 -18.846571149197597 420.61457413109684 -99.93190159271163 -19.500737003015143 95.21046746365823 -135.4642508254756 32.29893392855959
1901 26614 0 0 0 150.60401379650162 33.42820907398295 -142.8723051516923 46.50680765271668 186.90428728735367 -150.94473702540324 -158.0584021209092 237.85010228491115 157.68830927976245 -12.114756047207456 -182.12033242095174 201.62417924209194 15.047939539062751 -52.38390218769953 -6.787310867941187 41.476986569804346 -4.59573513504123 39.06105463982031 -45.33180022806782 -35.84162164450172 -147.77357850301283 54.68479837735211 266.27191542717924 -18.846648958143803 420.61408206952524 -99.9261567106142 -19.501690753892436 95.21090814645495 -135.46053772008193 32.30404783553457
2001 28014 0 0 0 150.60401386503227 33.428115122587336 -142.87479955320822 46.50866878010248 186.9002855432371 -150.9449208451121 -158.06076933176175 237.85010226536505 157.68837733300953 -12.11475167043319 -182.12071236483368 201.6225052817781 15.04884796008631 -52.386409742106586 -6.787565499124108 41.47643142739277 -4.595735180105018 39.05965173964264 -45.33182144495007 -35.841672870417035 -147.7739726163626 54.684943759384836 266.2671649762222 -18.84655139708562 420.61434584976973 -99.92466432424781 -19.504096837339773 95.21030359889241 -135.4596029050289 32.3058713006295
2101 29414 0 0 0 150.60401387632652 33.428188689685214 -142.87384667126014 46.509902245060665 186.89849791057648 -150.94464737795107 -158.06174040059196 237.85010227093917 157.6881136356951 -12.114578991500137 -182.12075793858597 201.62161888415991 15.049630440618383 -52.38701648742882 -6.78778180993699 41.47597053382226 -4.595735189796593 39.059839405960375 -45.33198107116468 -35.84144757285973 -147.77409237961493 54.68492256666784 266.26723472971406 -18.84650903230773 420.6144089060331 -99.92348375815278 -19.50541868046531 95.2101717965365 -135.45923246985308 32.30686838600529
2201 30814 0 0 0 150.60401384944728 33.428179202558354 -142.87361716601703 46.51048016344288 186.89802409087096 -150.9445738511502 -158.062210155135 237.85010226792969 157.6880626955636 -12.114634458484796 -182.12078076276964 201.6214040240624 15.049482778525707 -52.3862042896131 -6.789446108531666 41.47605636490445 -4.595735175212288 39.06004795611957 -45.33193026804936 -35.84148596332465 -147.77409367210961 54.684863224564104 266.26865968175014 -18.846474314607736 420.6144973153349 -99.92338010795073 -19.50685907739902 95.21021139219816 -135.45873513711996 32.30707800409063
2301 32214 0 0 0 150.60401386822647 33.42827877666198 -142.87324755720513 46.510323802856874 186.89814322813172 -150.9446608787614 -158.06240630747607 237.85010225803126 157.68828532001345 -12.114668591447069 -182.1206378097337 201.6215897718714 15.049411134043629 -52.38550292412629 -6.790405964364516 41.47605231415599 -4.595735182808019 39.06033649243792 -45.33192835323903 -35.841547150960714 -147.77415190223215 54.68478995488596 266.269564792222 -18.846628469460367 420.6144702008481 -99.92336106595815 -19.50794626662847 95.21020910592823 -135.4581828882789 32.3070557865764
2401 33614 0 0 0 150.60401385622532 33.42829625085425 -142.87356950152574 46.50970897020967 186.89800753905766 -150.94468642492353 -158.06255361681454 237.85010227190526 157.68830219070713 -12.114588315441665 -182.12068265706642 201.6214929813133 15.049552807099044 -52.38541909959558 -6.7905722422262516 41.4759339690246 -4.595735176396914 39.060394474782335 -45.33198144236964 -35.84151095947491 -147.77418393419165 54.684824138522586 266.2692061162201 -18.846634865498803 420.6144658769094 -99.92317040873682 -19.508345362787896 95.21019017708937 -135.4578971370571 32.30721972787364
2501 35014 0 0 0 150.60401385704682 33.42834242016509 -142.87375938798652 46.50933478619638 186.8982018976103 -150.9446613658682 -158.06232399846522 237.85010227119642 157.68829166637258 -12.11455508218327 -182.12074010702966 201.62166842083624 15.049428372533054 -52.3850912446416 -6.790509251021139 41.476003591677696 -4.595735177189134 39.06068919935159 -45.33194198003052 -35.84148995930473 -147.7741645361102 54.68482888550974 266.2693286373234 -18.846626467084143 420.6144737615043 -99.92340348500494 -19.508426728825366 95.21014007318591 -135.4577522643686 32.30703811918518
2601 36414 0 0 0 150.6040138571931 33.428330377287985 -142.87383798205968 46.50933614200995 186.897971151819 -150.94464122021313 -158.06233649799404 237.85010227042272 157.68828211208776 -12.114592810178895 -182.12075729990588 201.62171445256527 15.049436076615851 -52.384832075595845 -6.790102207766269 41.47598770628045 -4.59573517746928 39.06109550066142 -45.331920595839854 -35.84150986102039 -147.77419303514725 54.68486207751229 266.2693013916104 -18.8466169838385 420.61445901995 -99.92338405584607 -19.508427262839888 95.21014042004398 -135.4574666328377 32.307031092390496
2701 37814 0 0 0 150.6040138569818 33.4282944859226 -142.87389341070644 46.5093766990569 186.8978221040582 -150.94464847578433 -158.06244282166958 237.85010227097484 157.68827002702693 -12.114596314553818 -182.120733041444 201.6216639667169 15.049451110656344 -52.38477499464652 -6.789990416447165 41.4759795867834 -4.595735177321486 39.06129133979208 -45.33192746650773 -35.84148130907565 -147.7741794429268 54.684845808435874 266.26927136121566 -18.846620830167694 420.61445321954966 -99.92330089829684 -19.5084231023377 95.21013576703803 -135.4574454513378 32.30708989938891
2801 39214 0 0 0 150.60401385686032 33.42829375878945 -142.87394726655236 46.50934619703138 186.89778742201145 -150.94465110501383 -158.06243489340255 237.85010227109862 157.68826325325213 -12.114593801428224 -182.1207260250578 201.62164975323904 15.049455085220485 -52.384755106600394 -6.789979873989313 41.47598276796738 -4.5957351772282475 39.06132158502633 -45.33192959310315 -35.84147805933175 -147.7741886269162 54.68484478351955 266.2692649006185 -18.846622944017113 420.614455904387 -99.92329976818337 -19.508443658995 95.21014372803184 -135.45745354940252 32.30708873181447
2901 40614 0 0 0 150.604013856874 33.42829346994175 -142.87395369250237 46.50934909761122 186.89777987885643 -150.94464730141797 -158.06244641454148 237.85010227109296 157.68826155996157 -12.114593802017332 -182.12072262518407 201.62162521179187 15.04946770432197 -52.38476253714045 -6.78998759545264 41.47597822131523 -4.595735177239017 39.06132522524073 -45.33192748688318 -35.84147619651323 -147.77419471106393 54.68484379311168 266.26927221488353 -18.846626806571194 420.61445534472995 -99.92328606007688 -19.508447191345343 95.21015197793889 -135.45745514900085 32.30710344515605
3001 42014 0 0 0 150.60401385687092 33.428288843292485 -142.87392789081383 46.509354638995646 186.89778921089294 -150.94464819664714 -158.06242949288975 237.85010227108302 157.6882618475671 -12.114595619058061 -182.1207208223767 201.6216401815626 15.049459417598447 -52.384770504281896 -6.789994891353566 41.47598214585266 -4.595735177237568 39.06132524312618 -45.33192650937857 -35.84147313284477 -147.77419499117516 54.684842961692304 266.26928043549714 -18.846625669184547 420.6144578458491 -99.92329863088766 -19.50844391242447 95.21015797172748 -135.45745235327865 32.30708646467696
3101 43414 0 0 0 150.60401385686774 33.42828540576438 -142.8739130276721 46.50936333521677 186.8978183219264 -150.94465434772997 -158.0624438302192 237.85010227109967 157.68825916501277 -12.114595027253264 -182.12072326230532 201.62163336991648 15.049472744545486 -52.38476635459596 -6.789987290699123 41.47597222105394 -4.595735177235139 39.06134444278871 -45.331925990251385 -35.84146997366806 -147.77419867858674 54.68484138039733 266.26927048087276 -18.846627430118403 420.61445742661317 -99.92327420001529 -19.508466986145585 95.21015268515643 -135.45747329567615 32.30709869142325
3201 44814 0 0 0 150.6040138568701 33.428281356262445 -142.87389235843636 46.509371866224896 186.89786810193 -150.94465412298484 -158.0624464269343 237.8501022711001 157.68825746816336 -12.114597240865749 -182.1207227981324 201.6216149797566 15.04948559097252 -52.38473457808885 -6.789988821069776 41.47596969127122 -4.5957351772363415 39.06134140970313 -45.33192634498597 -35.84147609664552 -147.7741989701347 54.68484649129354 266.26922122822805 -18.84662923817825 420.61445777848763 -99.92326310224658 -19.50850458108317 95.2101581869936 -135.45745421017213 32.30710992372456
3301 46214 0 0 0 150.60401385687143 33.428281866810416 -142.87388413427175 46.509377101745564 186.8978784415514 -150.944653028435 -158.06243360464677 237.85010227109467 157.68825752300367 -12.114593981284411 -182.12071978399968 201.6216187749051 15.049471541635603 -52.38472005949206 -6.789977621334045 41.47597986116861 -4.595735177240207 39.06134294097385 -45.33192765012846 -35.84147171952801 -147.77420051839732 54.68484681404661 266.269191954611 -18.846626971709412 420.614456337895 -99.92328814499058 -19.50850402792312 95.21015943308255 -135.45745799594968 32.307099633212225
3401 47614 0 0 0 150.60401385687126 33.42828398689343 -142.87388091280988 46.5093817733441 186.89787996207755 -150.94465214049887 -158.06243105534384 237.85010227109618 157.68825803573262 -12.114595090965011 -182.1207202198407 201.621621363468 15.049468612612944 -52.38471953354652 -6.789976716521972 41.475981276793085 -4.595735177238289 39.061351200323145 -45.33192794366776 -35.84147220432291 -147.77420048522663 54.684845505489285 266.26918661501634 -18.846625245245068 420.6144556911856 -99.92329038029179 -19.5085076181928 95.21016063377274 -135.45745813886325 32.307096709654786
3501 49014 0 0 0 150.60401385687106 33.42828508527934 -142.87388179790975 46.509386410907005 186.89787818804007 -150.94465109947163 -158.06242768862236 237.85010227109612 157.688258255557 -12.114595967362467 -182.1207205389397 201.62162477062 15.049466137874573 -52.384722513575966 -6.789975950651145 41.475982740483545 -4.595735177238131 39.061356304456645 -45.33192806236841 -35.841472329702064 -147.77420009511778 54.68484523052851 266.2691856321925 -18.84662554198639 420.61445573422253 -99.92329311967207 -19.508511149740308 95.21016048489214 -135.45746048355417 32.307093025453604
3504 49056 0 0 0 150.604013856871 33.42828508102649 -142.87388175838535 46.50938643005664 186.89787823888057 -150.9446511080951 -158.06242774662138 237.85010227109612 157.6882582705458 -12.11459596906381 -182.12072054709063 201.62162472041283 15.049466185830783 -52.384722511487176 -6.789975961203375 41.47598271335596 -4.595735177238129 39.061356311158214 -45.33192805846727 -35.84147233010174 -147.77420008978933 54.68484522585512 266.26918565995487 -18.846625538566606 420.6144557351546 -99.92329305225394 -19.50851113061622 95.21016047942588 -135.45746046800596 32.307093082084144
