% # columns="iteration, evaluation, sigma, axis ratio, bestever, best, median, worst objective function value, further objective values of best", seed=48, Mon Jul  6 01:45:39 2020, <python>{}</python>
1 15 50 1.0000490012005196 17338.928398280892 1.7338928398280892e+04 21087.22163825827 22710.556558244843   
2 30 47.512963864403105 1.0375413554490922 17338.928398280892 1.8178171204845610e+04 21346.329390376137 23127.732994314847   
3 45 44.463830754886324 1.0534311974606416 17338.928398280892 1.7638050980644657e+04 20906.40711674829 24381.100735422187   
101 1515 0.26244439597497254 1.4567895531885675 9409.113733829967 9.4091137338299668e+03 9479.130694260675 9544.963164023684   
201 3015 0.002396186423614419 2.45055489091205 9241.605935094076 9.2416059350940759e+03 9241.879009576467 9422.40442902716   
301 4515 0.00047965979426989536 7.016412005269895 9239.857126157443 9.2398571261574434e+03 9239.945804898665 9420.453776263263   
401 6015 0.00025647864164833465 13.754965495779349 9234.684872955886 9.2346848729558860e+03 9234.696331332161 9415.292115489458   
501 7515 0.0021653988696960238 17.152539765923407 9232.878407853514 9.2328784078535136e+03 9233.066983698947 9413.609677197448   
601 9015 0.00023008521404315895 21.914198001109966 9231.27832896551 9.2312783289655108e+03 9231.289296034876 9411.873743732733   
701 10515 0.0006126755457900514 29.725438293512113 9230.568175063674 9.2305681750636741e+03 9230.595245103257 9411.156268378058   
801 12015 0.00021204418906355284 40.44506941363136 9229.445255884 9.2294452558840003e+03 9229.453847153127 9410.036392967872   
901 13515 0.00027405929442382825 82.93321866260023 9229.162011596585 9.2291620115965852e+03 9229.1714672674 9409.751258437744   
1001 15015 0.000561793940694367 100.54536641055982 9228.314730499293 9.2283147304992926e+03 9228.328335090337 9408.916973076977   
1101 16515 0.0007047850190634147 117.35605717262366 9228.030267549688 9.2280302675496878e+03 9228.056160272223 9408.630830308548   
1201 18015 0.0005345861672624657 127.26289106093516 9227.299370930405 9.2272993709304046e+03 9227.322639796583 9407.908792911985   
1301 19515 0.0003001261604670309 130.394970020131 9227.098093369043 9.2270980933690425e+03 9227.108814675896 9407.69586453993   
1401 21015 0.00043715731888567614 144.99591929272563 9226.645087189521 9.2266450871895213e+03 9226.662595166976 9407.246192126202   
1501 22515 2.3087472106382512e-05 202.1725710869483 9226.573941640268 9.2265739416402685e+03 9226.574420010431 9407.16369402976   
1601 24015 0.0004124611332929619 356.1637933122398 9226.472707344148 9.2264727073441481e+03 9226.478894432012 9407.067641527117   
1701 25515 0.000672330004329207 353.4139435603456 9226.023467921003 9.2260264877074696e+03 9226.04889196722 9406.630481642966   
1801 27015 1.1923840911143486e-06 327.1765740800523 9225.9915746306 9.2259915817685014e+03 9225.991623637354 9406.580757040754   
1901 28515 4.1480559768643e-05 446.2302689150869 9225.980494263613 9.2259804942636129e+03 9225.981701687044 9406.571257189411   
2001 30015 5.573037318834332e-05 622.5335687084887 9225.932640408031 9.2259326404080311e+03 9225.934266652277 9406.522214316778   
2101 31515 0.00010796271539029695 622.4688914111812 9225.795438290746 9.2257957242399170e+03 9225.797714884107 9406.384416408997   
2201 33015 2.593439712711507e-05 576.7086546241958 9225.761679724159 9.2257616797241590e+03 9225.762416800455 9406.351610272843   
2301 34515 1.4716398287354565e-05 819.8837275748019 9225.753732708397 9.2257537327083974e+03 9225.75396349719 9406.342793365764   
2401 36015 5.910755144487163e-05 941.1242649003086 9225.737438515682 9.2257374385156818e+03 9225.738941051895 9225.739970105817   
2501 37515 0.00017245593802585682 903.963765298264 9225.643581049693 9.2256449561134687e+03 9225.64735821202 9406.238591473611   
2601 39015 4.438142258665954e-05 921.6701928215374 9225.618687826576 9.2256186878265762e+03 9225.619473752626 9406.20839466975   
2701 40515 5.830945300581649e-05 956.6648669109717 9225.593059813167 9.2255930598131672e+03 9225.593913836372 9406.182989790099   
2801 42015 9.413768585510781e-05 947.7290235094024 9225.530192058928 9.2255301920589282e+03 9225.53234995538 9406.120607462664   
2901 43515 3.6192103423146813e-06 1049.0280544805546 9225.522057848977 9.2255220578489771e+03 9225.522150481667 9406.111266257923   
3001 45015 2.9205550197878262e-06 1781.9592656057969 9225.51963448375 9.2255196344837495e+03 9225.519699715382 9406.10879955163   
3101 46515 7.794645505578962e-06 3501.6289531991038 9225.517123959471 9.2255171239594711e+03 9225.517238315748 9406.106268061507   
3201 48015 6.476960367899877e-07 3626.917630333778 9225.51180696612 9.2255118069661203e+03 9225.511826571603 9406.100975885909   
3301 49515 3.990619235464033e-06 4072.765440455966 9225.510883673911 9.2255108836739109e+03 9225.510934006032 9406.100089715434   
3401 51015 2.125100113710303e-06 4059.184434459611 9225.510254133076 9.2255102661776637e+03 9225.510285347893 9406.099430594577   
3501 52515 3.9177892896256655e-06 3852.405748104398 9225.508900269297 9.2255089002692966e+03 9225.50894497521 9406.098091530388   
3601 54015 3.1792661751933236e-05 3525.890371348939 9225.501754502799 9.2255017545027986e+03 9225.501909898536 9225.502099298375   
3701 55515 2.3546760478542113e-05 3172.3284351477937 9225.489563967567 9.2254895639675669e+03 9225.490095233845 9406.078951726744   
3801 57015 4.973150178796153e-05 2731.3931690146637 9225.469447930089 9.2254694479300888e+03 9225.470584854254 9406.060655876316   
3901 58515 2.8466961207645763e-05 2593.529556773111 9225.448315681286 9.2254483156812857e+03 9225.448671300052 9406.037792960573   
4001 60015 1.1787558720612894e-05 2575.720739987704 9225.442002314534 9.2254420023145340e+03 9225.442058900357 9406.031258817755   
4101 61515 1.5921577876549017e-05 2703.264060763056 9225.435967780468 9.2254359677804678e+03 9225.43602028596 9406.025107011628   
4201 63015 3.4178101731564627e-06 2886.850675389838 9225.434921061884 9.2254349210618839e+03 9225.43494069442 9406.024085675326   
4301 64515 1.2936679907935138e-05 3004.5066993439905 9225.433892065952 9.2254338920659520e+03 9225.433987238266 9406.023119665186   
4401 66015 2.645166916276595e-05 3023.969167103987 9225.42922925322 9.2254292292532191e+03 9225.429501255137 9406.018580737886   
4501 67515 7.965872413435101e-05 2753.528684423914 9225.40961522055 9.2254096420946189e+03 9225.41077256326 9405.999282763369   
4601 69015 5.49348547484787e-05 2339.4569323372684 9225.376967605023 9.2253769676050233e+03 9225.37765693145 9405.966558125529   
4701 70515 9.580581184981694e-08 2307.2803979591577 9225.374820135712 9.2253748203190098e+03 9225.374820890052 9405.963978831642   
4801 72015 8.04137320666766e-07 3772.5564457118844 9225.374770988772 9.2253747709887721e+03 9225.374777797324 9405.963931928396   
4901 73515 1.2507574268973792e-06 4322.0037437701485 9225.37450299628 9.2253745029962793e+03 9225.374508950308 9405.963670820978   
5001 75015 5.689603186209557e-06 4411.84522868694 9225.373784487685 9.2253737863173483e+03 9225.373801840327 9405.962973074247   
5101 76515 1.835987664081081e-05 4208.448915635496 9225.369556757227 9.2253695567572267e+03 9225.369731652821 9405.958890781598   
5201 78015 7.265403044000039e-05 3859.4951553230726 9225.358900241696 9.2253589002416957e+03 9225.359722304705 9225.360443372174   
5301 79515 2.543881216486277e-05 3469.826294991171 9225.332952393104 9.2253329523931043e+03 9225.333034589154 9405.922160647675   
5401 81015 2.0554071723414784e-06 3685.617718386466 9225.332509974372 9.2253325099743724e+03 9225.332517696294 9405.921672027273   
5501 82515 1.0697749748244353e-05 3778.117566229036 9225.331871674787 9.2253318739061833e+03 9225.331894390192 9405.921061089683   
5601 84015 5.729065769042958e-05 3724.589466892605 9225.32581245 9.2253259918767490e+03 9225.326333392362 9405.915389178328   
5701 85515 1.1620109927535416e-05 3406.046845305995 9225.319364322535 9.2253193643225350e+03 9225.319392158237 9405.908537116018   
5801 87015 8.906770552598686e-07 3526.6121805608373 9225.319259832742 9.2253192598327423e+03 9225.319263096828 9405.908417072716   
5901 88515 3.9601190402138775e-06 4944.219803434274 9225.319078907005 9.2253190789070050e+03 9225.31909279012 9405.90825039123   
6001 90015 3.3640023834152763e-06 6321.260502989274 9225.318846588683 9.2253188465886833e+03 9225.318855701598 9405.908013069877   
6101 91515 3.581701243924397e-05 6759.476332303785 9225.317889624655 9.2253179088380020e+03 9225.31799607192 9405.90712127379   
6201 93015 3.05084877169348e-05 6346.8993649990525 9225.313227971223 9.2253132279712227e+03 9225.31339864046 9405.902508691735   
6301 94515 3.5062510223060925e-07 5966.449547019392 9225.312960248399 9.2253129602483987e+03 9225.312961517808 9405.902119800854   
6401 96015 3.376046975807544e-07 11094.758395895378 9225.312905128556 9.2253129051635715e+03 9225.312906111645 9405.902063487316   
6501 97515 4.870336254459554e-07 16607.332484644892 9225.31288480517 9.2253128848051692e+03 9225.312886282914 9405.902044193568   
6601 99015 1.7057472425053003e-06 17288.899456346313 9225.312827727355 9.2253128277273554e+03 9225.312830712326 9405.901989437725   
6701 100515 1.0020128414410086e-05 16134.324329552206 9225.312433373281 9.2253124333732812e+03 9225.312461269286 9405.90163509418   
6801 102015 2.4178852812029197e-05 13544.041718458626 9225.3105363328 9.2253105368384586e+03 9225.310663940249 9405.899936791191   
6901 103515 3.738824600366266e-05 9939.300165913319 9225.307478625655 9.2253074874093254e+03 9225.307540970274 9225.307633126777   
7001 105015 1.596216729652989e-05 7535.0028233663825 9225.304808128147 9.2253048086193976e+03 9225.304880389845 9405.894005273274   
7101 106515 1.6999065034072287e-06 7617.1866015303485 9225.304612827846 9.2253046152195402e+03 9225.304621655152 9405.893776192801   
7201 108015 5.915010699289529e-07 7837.705861837798 9225.304422837384 9.2253044228373838e+03 9225.304424561695 9405.893581811511   
7301 109515 5.09132607594004e-07 10329.646135143174 9225.304360492655 9.2253043604926552e+03 9225.304361143126 9405.8935197482   
7401 111015 4.810822383646711e-07 13990.182424762603 9225.30433685433 9.2253043368543294e+03 9225.30433755919 9405.893495876995   
7501 112515 2.5766277066730447e-06 15182.00157825954 9225.304261461026 9.2253042614610258e+03 9225.304269504983 9405.893416761615   
7601 114015 1.5382606838108266e-05 14832.73808976141 9225.303601238564 9.2253036012385637e+03 9225.303634517508 9405.892750799492   
7701 115515 4.644151368208728e-05 13568.246227251359 9225.299238394926 9.2252992383949259e+03 9225.299538699128 9405.88869273172   
7801 117015 3.90495844424542e-07 12725.246215516012 9225.29769849421 9.2252976985767509e+03 9225.297698953493 9405.886857087697   
7901 118515 6.229474845134652e-08 14906.330055764769 9225.297694867864 9.2252976948678643e+03 9225.297694944065 9405.886853569791   
8001 120015 2.509283645079322e-07 18164.06513784251 9225.297670898242 9.2252976708982424e+03 9225.297671242957 9405.886829622246   
8101 121515 4.7237021507853454e-07 21123.096271533617 9225.297665734866 9.2252976657348663e+03 9225.297666305309 9405.886824875759   
8201 123015 2.0324124339852784e-06 21919.662770085564 9225.29764489034 9.2252976448903391e+03 9225.297646835204 9405.886806447037   
8301 124515 8.271036674882365e-06 20975.69892557747 9225.297503304944 9.2252975033049443e+03 9225.297524850213 9225.297534512603   
8401 126015 3.459006872021174e-05 19660.2180668125 9225.295700080622 9.2252957322951715e+03 9225.29584082023 9405.884931528612   
8501 127515 5.089189621320511e-06 17677.562678155427 9225.294360637707 9.2252943613865737e+03 9225.294366033733 9405.88352344681   
8601 129015 5.143797354566815e-06 19275.872123367157 9225.294298128205 9.2252942981282049e+03 9225.294301352282 9405.883460308447   
8701 130515 1.800027602781974e-05 19749.293455613366 9225.293918727655 9.2252939187276552e+03 9225.293949419449 9405.883103835373   
8801 132015 4.208667908581188e-05 18840.765525330287 9225.292046064425 9.2252920460644254e+03 9225.292106281715 9225.292181988334   
8901 133515 6.3375966923824e-06 19559.01992665838 9225.291780977464 9.2252917809774644e+03 9225.291785285754 9405.880941787951   
9001 135015 3.8787069384994664e-05 21350.76678116399 9225.291191027776 9.2252912022280798e+03 9225.291275703332 9405.88037503406   
9101 136515 9.746591828273046e-06 20056.609725265047 9225.289852544951 9.2252898529447248e+03 9225.289858163154 9405.87901756208   
9201 138015 4.824897059825928e-06 19707.51582666399 9225.289812177993 9.2252898121779926e+03 9225.289814311674 9405.878974619283   
9301 139515 1.8438861070150775e-05 20629.053224784486 9225.289594508715 9.2252895945087148e+03 9225.289612852923 9405.878774488447   
9401 141015 3.061281464371015e-05 18944.623048536236 9225.288921505073 9.2252889215050727e+03 9225.288953163765 9225.288974729483   
9501 142515 6.624296484467853e-06 18895.250066653374 9225.288433867141 9.2252884338671411e+03 9225.288435958704 9405.877593749936   
9601 144015 1.1107711186031644e-05 19900.181506494067 9225.288398260172 9.2252883982601725e+03 9225.28840156162 9225.28840542435   
9701 145515 3.5582625287600404e-05 19018.242373242294 9225.288021480854 9.2252880214808538e+03 9225.288041257783 9225.288056936566   
9801 147015 8.220202972038607e-06 18716.212792626906 9225.287730864124 9.2252877308641237e+03 9225.287732271663 9405.876889475758   
9901 148515 2.2250781404771714e-05 20927.46758784223 9225.287621339401 9.2252876213394011e+03 9225.287637992662 9405.876795533259   
10001 150015 2.4184665938166072e-05 21146.684358258557 9225.287025131387 9.2252870251313871e+03 9225.287036639907 9225.287039395542   
10101 151515 2.4195811358941186e-07 22844.31153818365 9225.287011997281 9.2252870119972813e+03 9225.287012035838 9405.876170540861   
10201 153015 2.22628679564274e-06 30572.27633009997 9225.287008213289 9.2252870082132886e+03 9225.287008408173 9405.876166873955   
10301 154515 1.938690792947433e-05 32504.757929921543 9225.286950823684 9.2252869522380515e+03 9225.286959794577 9405.876118830163   
10401 156015 2.1773665562028487e-05 31265.133847900397 9225.28668939333 9.2252866893933297e+03 9225.286699101047 9405.875871133587   
10501 157515 5.96328500957279e-07 30984.129388887937 9225.286654251699 9.2252866542540469e+03 9225.28665430549 9405.875812821987   
10601 159015 4.480669152423364e-07 35018.26927326492 9225.286652006926 9.2252866520195112e+03 9225.286652049157 9405.875810540152   
10701 160515 3.3338071698468697e-06 36812.84045680245 9225.286646286566 9.2252866462865659e+03 9225.286646638593 9405.875804892128   
10801 162015 1.647803007602122e-05 37019.09553147189 9225.286585487367 9.2252865857097204e+03 9225.286589665046 9405.875745171672   
10901 163515 1.1642638284201219e-05 36748.70460542103 9225.28652898519 9.2252865289851907e+03 9225.28653231964 9405.875689730648   
11001 165015 4.9038390101966686e-06 37482.061124409745 9225.286488081698 9.2252864880816978e+03 9225.286488882157 9405.875647085693   
11101 166515 2.7934058259934757e-06 47347.604699555326 9225.286479761538 9.2252864797927978e+03 9225.28648022387 9405.875638669453   
11201 168015 6.396770773494405e-06 61044.716715736446 9225.286463153441 9.2252864631534412e+03 9225.286463612414 9405.875622404661   
11301 169515 1.5802205887663095e-05 46828.45793511481 9225.286429799085 9.2252864297990855e+03 9225.286431261738 9225.286433266438   
11401 171015 2.8523337779343555e-06 41551.55184350866 9225.286374180918 9.2252863741809178e+03 9225.286374450285 9405.87553263352   
11501 172515 2.3895863699360754e-07 48423.956088587256 9225.286372501147 9.2252863725087445e+03 9225.286372536784 9405.875531049429   
11601 174015 7.466883193847054e-08 67213.35333483474 9225.286371760492 9.2252863717604923e+03 9225.286371768183 9405.875530292895   
11701 175515 3.3216398166822696e-07 75155.54898782859 9225.286371179996 9.2252863711799964e+03 9225.286371202403 9405.875529721265   
11801 177015 3.225048085135517e-08 95202.76687287365 9225.286371020256 9.2252863710202564e+03 9225.286371022701 9405.875529553618   
11901 178515 1.8307213240001535e-07 131525.3121000458 9225.286370859618 9.2252863708596178e+03 9225.286370870685 9405.875529399676   
12001 180015 1.4871808507588648e-06 141189.84370935947 9225.28636976305 9.2252863697630492e+03 9225.28636979682 9225.286369903677   
12101 181515 6.367737027345037e-06 140261.23113889378 9225.286359953709 9.2252863599537086e+03 9225.286360437934 9225.286361306555   
12201 183015 1.0413227057401305e-05 130350.87852012181 9225.286324062185 9.2252863240621846e+03 9225.286325220584 9405.875482380961   
12301 184515 1.7335305390140397e-06 130421.51610610349 9225.28631842074 9.2252863184207399e+03 9225.286318470673 9405.875476943507   
12401 186015 1.0365668309691402e-05 131160.6694624485 9225.286305112193 9.2252863051121931e+03 9225.28630596138 9405.875465422436   
12501 187515 8.537308592169084e-06 120342.99156936578 9225.286265890612 9.2252862658906124e+03 9225.286266398913 9405.875424694179   
12601 189015 1.199191730811516e-07 112592.140514432 9225.286262707465 9.2252862627074646e+03 9225.286262711359 9405.875421241011   
12701 190515 1.2435174913037475e-07 114549.6162625614 9225.286262637901 9.2252862626379010e+03 9225.286262642278 9405.875421171666   
12801 192015 2.0749625256831412e-07 152840.9059873015 9225.286262514466 9.2252862625144662e+03 9225.286262518704 9405.875421049535   
12901 193515 2.240833417963261e-06 163168.24976065435 9225.286261671283 9.2252862616712828e+03 9225.286261712536 9405.875420216908   
13001 195015 9.122815293308798e-06 159868.48987315805 9225.286250872088 9.2252862508720882e+03 9225.286251703099 9225.286252234826   
13101 196515 2.9597638740216667e-06 140654.51894088418 9225.286238847997 9.2252862388525882e+03 9225.286238916353 9405.875397466869   
13201 198015 1.8230234937126846e-06 148896.82633508756 9225.286237861417 9.2252862378614172e+03 9225.2862379197 9405.875396477879   
13301 199515 1.221370390595414e-05 154050.6651972176 9225.28623124148 9.2252862312414800e+03 9225.286231981947 9225.28623277124   
13401 201015 1.5236704379806748e-06 145080.03592075428 9225.286218018731 9.2252862180187312e+03 9225.286218040328 9405.875376562186   
13501 202515 4.961821219575481e-07 159827.48830662243 9225.2862178169 9.2252862178168998e+03 9225.286217825478 9405.875376357066   
13601 204015 5.061830674962055e-06 179401.1406384666 9225.286216176873 9.2252862161768735e+03 9225.286216290813 9405.875374810448   
13701 205515 7.514568175530303e-06 183656.62758956637 9225.286206503335 9.2252862065033351e+03 9225.286207027233 9405.875365587215   
13801 207015 5.044605597291972e-07 181958.56171667777 9225.286204657163 9.2252862046571627e+03 9225.286204665304 9405.875363192768   
13901 208515 4.410688890941113e-06 196402.20535024573 9225.286204046946 9.2252862040471337e+03 9225.286204103315 9405.875362574143   
14001 210015 9.846714296558092e-06 200678.33031298188 9225.28619883181 9.2252861988659133e+03 9225.286198998225 9405.875357883668   
14101 211515 9.657962530672235e-07 218288.24891176 9225.286197832602 9.2252861978326018e+03 9225.286197839767 9405.875356367313   
14201 213015 6.628014826178149e-06 240645.5450971843 9225.286196852321 9.2252861968760681e+03 9225.28619694476 9405.875355535198   
14301 214515 6.2001382097341245e-06 243957.13732144042 9225.286192257736 9.2252861923174733e+03 9225.286192390726 9405.875350875023   
14401 216015 2.4078367899726506e-07 245117.5072067065 9225.286191898778 9.2252861918987783e+03 9225.286191899615 9405.875350431596   
14501 217515 6.029284759308077e-07 275740.38184073573 9225.286191838008 9.2252861918380077e+03 9225.286191844283 9405.875350373142   
14601 219015 3.7410663475880154e-06 282146.20150567486 9225.286191201922 9.2252861912019216e+03 9225.28619125771 9405.875349788153   
14701 220515 1.2329484762603235e-06 261497.53282614876 9225.286190232639 9.2252861902326385e+03 9225.286190240988 9405.87534877121   
14801 222015 6.556086611609175e-07 261380.26990586845 9225.286190044855 9.2252861900448552e+03 9225.286190047507 9405.87534857844   
14901 223515 1.1347968806392406e-06 299595.0411535626 9225.28618993253 9.2252861899325308e+03 9225.286189940922 9405.87534847343   
15001 225015 6.80612260062411e-06 323474.31198661245 9225.286188909291 9.2252861889092910e+03 9225.28618899014 9405.875347592446   
15101 226515 1.200363663490118e-06 324623.16426606785 9225.286187919255 9.2252861879192551e+03 9225.28618792564 9405.875346453497   
15201 228015 2.43859828453979e-08 362797.0825865748 9225.286187902335 9.2252861879023349e+03 9225.286187902466 9405.87534643381   
15301 229515 1.0828894401443289e-07 714522.47110528 9225.28618789664 9.2252861878966396e+03 9225.286187896965 9405.875346428298   
15401 231015 4.0995706844279024e-07 817210.0087158994 9225.286187876369 9.2252861878763688e+03 9225.286187877438 9405.875346407358   
15501 232515 2.794864929981021e-06 803787.6438376224 9225.286187655945 9.2252861876559455e+03 9225.286187664646 9225.28618767846   
15601 234015 4.081342817734523e-06 653722.9914114787 9225.286186979974 9.2252861869841836e+03 9225.286187000558 9225.28618702913   
15701 235515 2.0402673578718186e-07 602685.7855592788 9225.286186870317 9.2252861868704058e+03 9225.286186871068 9405.875345401979   
15801 237015 2.8098553661415213e-07 701267.7517448096 9225.28618686122 9.2252861868612199e+03 9225.286186861591 9405.87534539303   
15901 238515 1.0520818575702673e-06 761815.7533991197 9225.286186794267 9.2252861867942665e+03 9225.286186800153 9405.875345330516   
16001 240015 3.754270622397672e-06 773627.9281485936 9225.286186421043 9.2252861864219813e+03 9225.286186442656 9405.875344957723   
16101 241515 1.1895594467235567e-07 716508.5198604199 9225.286186213298 9.2252861862134669e+03 9225.286186213834 9405.875344745109   
16187 242805 2.2325925751035614e-09 1.2734760581251503 9225.2861862087 9.2252861862266418e+03 9225.286186339712 9405.875344740183   
