% # columns="iter, evals, sigma, 0, fitness, xbest" seed=43, Mon Jul  6 00:48:13 2020, <python>{}</python>
1 10 45.43889126656348 0 501920903.4401612 -14.422009138333673 -53.385920196698954 -53.88058368096097 -39.83928573577475 -74.30361515046174 25.70708095266824 42.59082092761566 47.93534957154644 -31.32545544950714 15.397243504144997
2 20 43.16511487739291 0 1453909561.7633297 49.062600477573866 26.293632912219522 -1.1002705214563058 -10.522624504058717 -15.537838477583307 58.79343739270629 13.823398252970865 12.969525739943446 4.324906614558195 20.13751618979589
3 30 39.7925683240613 0 1584350044.4755142 24.324052320834085 33.56091528527917 14.312822483499692 6.173496865487305 -38.55626901003993 -1.5376714154360478 11.08570284531111 -4.4843542754755035 -14.254047473628258 53.7203115089041
101 1010 0.7389389728642615 0 20368.246879435566 36.03793290475738 52.1446906907932 6.880077615757086 13.054390792377168 -61.86766544787672 -10.857821200995561 -14.561721925541658 -5.088321364240967 53.77707097845274 88.10338488909144
201 2010 0.3235286392981329 0 2900.912175851591 42.043333272110836 48.16532780965737 11.102938008126502 19.837051987812014 -55.84073560359286 -10.069900846525977 -15.623423495508288 -4.4327467174470225 52.600392905755534 86.88139960489649
301 3010 0.8058517724281602 0 1734.2422319763618 57.706868952682186 51.22157742404144 9.263167115461334 21.164016783730066 -41.376368358363315 -4.1246049711537776 -21.384431729996486 0.2248103409887358 42.86481967254073 77.45069926836327
401 4010 0.009303678054273238 0 1329.613532244239 65.24339246230731 48.73904599166627 8.554884699840526 18.449559755262065 -34.485829294902686 -2.9625074294359943 -24.3175766695474 1.1350211566412012 40.94998362084748 75.59427595660709
501 5010 4.0622436476191404e-05 0 1329.6112897091239 65.25881571902252 48.738417606028655 8.549764342485098 18.45411875342729 -34.47154260332546 -2.962132380417308 -24.32312365001466 1.135286740789169 40.94936508660616 75.59367403037004
588 5880 1.374190931305941e-07 0 1329.6112896986128 65.25883297355763 48.738412013638275 8.549751920809648 18.454122610639136 -34.47152729674777 -2.9621184048675526 -24.323131185185638 1.1352977115355234 40.94934224588491 75.59365183975615
