% # columns="iteration, evaluation, sigma, axis ratio, bestever, best, median, worst objective function value, further objective values of best", seed=878581, Fri Jul  3 09:35:59 2020, <python>{}</python>
1 10 46.44199368351607 1.0000450010125153 24018.349580257407 2.4018349580257407e+04 38705954.88485134 6642418227.616858   
2 20 44.00074618410187 1.1779378179328321 24018.349580257407 2.4547463671582726e+04 59993312.36174353 588994976.7161974   
3 30 42.72942076265765 1.208371463989783 2823.29591600694 2.8232959160069399e+03 7526404.999102819 94778876.93093275   
101 1010 1.5847754657632922 17.061941512288524 1227.1466162004963 1.2326306241629961e+03 1236.2008903188282 1249.3719132304109   
201 2010 0.3760553228947279 73.74539447097933 1222.1101942326572 1.2221101942326572e+03 1222.1722005866982 1222.2495581387655   
301 3010 0.6088481487683335 110.94656379577732 1221.233715112064 1.2212672384557220e+03 1221.287663428577 1221.4811566425574   
401 4010 0.34331954505848417 123.458204980855 1221.1073641997023 1.2211092050757989e+03 1221.1118762827336 1221.1234597907796   
501 5010 0.004278431499844289 179.30894943001053 1221.1042786977569 1.2211042786977569e+03 1221.1042787625863 1221.1042788994462   
586 5860 8.270928504644775e-06 277.39854821654956 1221.1042786626754 1.2211042786626754e+03 1221.1042786626754 1221.1042786626756   
