% # columns="iter, evals, sigma, 0, fitness, xbest" seed=38, Mon Jul  6 12:19:26 2020, <python>{}</python>
1 14 52.75718477546282 0 4315351653.636337 74.47288135571493 -35.39843877144324 -33.02133310380821 99.78858794928753 1.2932583762439034 -23.265033132876383 99.99950082277488 -32.87703474640098 24.911227046815046 2.342544464549377 25.762144316630625 64.08370856240809 76.7108551377552 -26.02440068713282 5.843008166881133 86.05585437514728 19.433220965948145 -91.89245534904606 -19.779099932953237 49.43685619421508 32.30085120221475 -59.58669120890461 6.776229092795911 17.21864543471999 -82.98125040535194 3.344174992949947 -14.236656608315473 -54.37174643930541 -13.101159978931944 19.514968468196
2 28 56.37159425771735 0 4329331320.329291 58.79064272438413 -44.617326812861556 -7.926590060074215 80.76219472915975 -28.351762103302164 18.68925568370362 39.490773386533135 -69.38930659070914 29.613996653426575 -9.685897554847854 18.405792479367058 99.99999619048053 81.13495830189227 -65.63726119078525 36.35031550097249 62.6683224092374 3.539541460996926 -94.70217717156046 20.115766686386593 69.63112831552712 52.84848748736755 -13.735438554090962 -13.212423600559227 40.65940771508121 -45.67229205951651 10.43630878759723 -18.470224262837505 -61.89235518842209 -48.91332774999514 -5.373540843893439
3 42 57.37792412124977 0 5844936136.925623 23.147200277489677 -32.095664371206595 2.556403855313617 40.720773197948546 62.726713830981346 47.082032786270915 67.90432920472605 -34.71435322838896 -15.33974807132382 -13.833292379944883 26.5596184190615 27.05770926933051 28.726972115429863 -24.534963115298698 27.114324230200125 -28.114977398278235 2.8550261783752724 -62.86708672062781 67.5614489856853 -24.166221282602407 37.050762949912084 30.226769147393547 32.94481479391747 34.25560530155837 -60.23944682290007 -33.90889308123336 58.982817626299315 -95.541289579871 -35.53691454816389 -98.54073109305322
101 1414 0.022273681995415653 0 234995.5029941538 98.8814569369747 4.266531772183879 -10.317504171978076 -3.994318286894307 -2.9475953034803273 37.23522144221666 86.96207215666159 49.88633452068247 2.0639008367635423 84.32057857116419 -13.542629767061927 40.95006672589086 70.49288815286154 -30.64857605644297 83.02754605624332 -57.41411672195926 83.27205534501466 73.12129472559698 10.342588279672299 87.25463326398568 72.38844611668537 60.433406292071794 64.98341308439748 -18.630902269912593 -95.64843618362552 -78.51421426536191 -26.769913668772855 -42.96412417545658 -96.07867819045875 -97.91546946322136
201 2814 0.059430231844060315 0 152895.81596815895 98.93792299555349 3.569081774624722 -9.602588467374282 -3.7454172702599293 -2.9666700249328426 37.191813190618014 86.36037332064998 48.71055561662825 2.0741617528569107 84.04955139240522 -13.399042582390111 39.14231389091504 70.47788370441515 -30.954855454935018 83.7383522568164 -58.04950964543721 83.35860141723286 72.7408933129461 10.59540454440264 88.62315667701196 72.34393970474937 61.197309362024185 63.979502204748094 -16.254500363978224 -95.12967377095667 -77.12796651834645 -26.30377675697728 -42.162296997117224 -95.80257865023367 -96.50680665627566
301 4214 0.06063393883913393 0 46627.37469203525 99.27492754816485 3.2931820761125623 -7.249925072204226 -2.7688576775995344 -2.9275286108986482 36.99649406524858 84.6301316127673 45.49456833006187 2.1270523366046583 83.13606638223928 -12.990057061249933 33.01487659916411 69.61179244931512 -31.877543097513037 84.85818442896047 -60.98197633375179 83.28048803473591 70.85616305955429 11.46550997130069 92.5183150548246 72.01933890854482 63.796711464395884 59.909417450104065 -7.917872674759075 -92.71059710029405 -72.06920099494246 -25.4863196596133 -40.236082360541026 -94.86818089557647 -91.11647489196781
401 5614 0.027626805654811615 0 38978.304335949266 99.55165274613734 2.7975055544796286 -6.031015372307252 -2.077874962986885 -3.144413272558566 36.8279799251698 83.34943578235765 43.638401737025106 2.1617641554391556 82.38454994204042 -12.633104446100752 30.125811166841473 69.03551705443368 -32.70649438012611 85.56889792982545 -62.32855038022288 83.07794718028259 69.81026264428019 11.486852126573893 94.37398358067449 71.78909662055241 65.60440753313534 57.100537108226675 -4.288670132638847 -91.26662650751743 -68.6024074624616 -25.144158367133667 -39.04760935926082 -94.1168440521771 -88.3591516509152
501 7014 0.0650008132109842 0 27203.913981626567 99.8968476735511 2.5573507180194266 -5.485008626281224 -2.7795255062738162 -4.307483979173698 36.70390296309119 82.38038506149714 41.629794054028785 2.193359164862927 81.80868211699391 -12.374290434974144 31.220613436949463 68.73819840974085 -33.62874532699954 85.79908751694273 -63.47933685115825 83.52304977274004 69.94610537776012 9.779800821918144 95.82058683748191 71.61153938650384 66.01280222467167 53.02217233143175 -2.877788256523419 -91.19745540723197 -62.68010560817456 -23.209277564599166 -38.04492782104422 -93.52740499018857 -88.00165723982474
601 8414 0.08279589638488528 0 15974.135808139072 99.6404108931076 1.6211034154962023 -5.858119104186416 -4.67322275742297 -6.9346680456931455 36.35801978128691 79.60264069330994 36.01930801667216 2.2913820386134334 80.18015094380993 -11.597757107508066 35.0338946999896 67.38827746247652 -35.05101048120226 87.09516651408305 -65.49823655201885 83.69206388414645 68.0647531732508 5.085590428250526 98.17897266327391 71.09366359085135 68.14111656926252 42.00831825079832 1.0908188095422324 -90.5116285600713 -47.69072060443122 -19.294096465591 -35.465529264988575 -91.8470698276399 -87.63940050444864
701 9814 0.04395152520205532 0 13644.26770068 97.16847603820874 0.531304148565473 -4.926738174832734 -6.138224251086956 -9.588066890311952 35.91233825097099 76.20254210921209 29.753432907474156 2.424112088336155 78.12095484053884 -10.643124664088399 38.70167678870632 65.55341623184339 -36.459061073810865 88.95787235867161 -68.47060124012819 84.2303844008197 66.46781362789014 0.26804352217254745 99.784845117507 70.44733960794105 70.85549817699282 30.49438769863942 5.561374763471292 -89.1878073538309 -31.85871936213971 -15.89717686472752 -32.62026821694141 -89.74788443050738 -86.7851465606528
801 11214 0.034353060007638526 0 11148.117373030986 84.49362154371994 -2.6902632908930286 -0.7423406529085596 -9.148498357821174 -16.823561411995012 34.514622842846734 66.21470463249223 12.55425652029193 2.8226111152669255 71.56159104898336 -7.582634347827742 42.578850832465754 60.978368352673044 -41.70377903822005 94.48391140441089 -77.41278460231251 84.32455374488285 61.68368051249141 -12.30767342785066 95.24844682619415 68.38051626349107 79.89843098850528 -2.2799355463706075 22.037311613529532 -83.96367614482634 12.18591892906744 -6.839268357076813 -24.30446725664838 -83.05291916376603 -80.57521632587992
901 12614 0.08878469401453595 0 10258.679573489038 80.82475491847501 -3.5687539400603434 -4.981410914113308 -12.244349726247153 -19.57387566083352 33.91849334202537 67.91076862835564 12.426506248213899 2.989395765122697 68.7660540923043 -6.280268670936011 54.95987107841571 61.036016155092376 -40.74073933311644 95.78469116811686 -74.95549338984631 82.30502908335914 63.06455816197777 -17.86890089600601 98.71753944930518 67.50187140156456 77.92488583442682 -5.758125905514198 14.90292951853258 -86.2582943646743 18.063428806050865 -3.810767931524432 -23.433911599152175 -80.19503742548886 -87.48932781242235
1001 14014 0.24311325372458964 0 6263.471581868317 76.5837076338336 -6.207420068626741 -5.313044248143224 -9.662139415305536 -21.402633397687136 30.910702720705395 74.2163372296659 13.686094333736666 3.8493422948314424 54.65466390022439 0.2941396421479686 52.3510763702605 62.23182538528702 -40.16157450910577 99.34251559241541 -73.81607049186377 72.52762652961893 61.60483565190091 -19.95172507320916 98.78243549379783 63.06169728253175 82.6827052166503 -7.266483129166225 17.21599731020874 -82.089807141153 15.64864610812944 -1.272032127255653 -20.64332998715574 -65.77348553157852 -82.54744154423878
1101 15414 0.06243464243548955 0 2206.5562161412686 68.61091876227601 -11.501459319068198 -13.062500072219965 -4.821975791604503 -26.557398795350526 23.942259810225938 93.45415280542032 19.317124673889637 5.82614798565229 22.023770517661063 15.521932770069126 56.99243835557752 65.7052416267318 -35.139975458955576 95.46664078065157 -67.24372543076305 51.54382111074362 62.18985883434155 -26.124095229990644 69.29309094236447 52.779903650720485 90.67584262686427 -4.807971522243767 13.842962819803528 -76.26860620948715 2.3091253701764742 6.45779833849286 -13.783194292476423 -32.44197562979187 -80.97421215736208
1201 16814 0.005258888138523523 0 2190.618232031814 69.16367690004583 -11.250973768785698 -12.723877083127846 -4.775229211929558 -26.273681515298414 24.102929590804266 93.0084288523169 19.754690248164543 5.779493193347654 22.778942032208278 15.16952904366675 55.99979164899877 65.73423976671337 -35.31390574942857 95.81622164333376 -67.22452426135055 51.870372902044316 62.31467720440449 -25.50639862022092 69.75777227237072 53.01752413588622 90.58024230731613 -4.086859035574525 14.047250385156897 -76.22957212431788 1.493066278422333 5.7843282823035445 -13.959830920921805 -33.212918261408824 -80.76140186478293
1301 18214 0.0433794202120322 0 2161.2160244409574 70.50207029279085 -11.023978269505305 -13.794907929089076 -5.270017362884479 -26.28206928232835 24.05595472539421 91.55250238230232 20.930771981301664 5.792666539122308 22.56083218262438 15.271839945698531 54.56023547253568 65.24542051837015 -34.80731215730581 95.03307200848958 -65.42362768084553 50.4003153255072 63.226925914363534 -25.385283834638784 68.4379891377217 52.9485005699307 91.30903865299658 -3.6158545995158917 15.10921355048765 -75.37107422703471 0.3949243701310934 2.988507253064854 -13.203282695581002 -32.989747088424124 -80.67296958399436
1401 19614 0.006898849113402213 0 2149.186552182873 71.01306081389274 -11.059233543201179 -14.394028810732745 -5.676091814956674 -26.633601176340925 24.012041266325323 90.54774303710337 21.26230932956555 5.80529918317212 22.352884681664108 15.368035815473092 54.27566227439344 64.96472041612972 -34.55456772285408 94.48921866916982 -64.4504627453359 49.591313915650716 63.58685368931427 -25.573479839502824 67.75288792488698 52.88335727943402 91.72228224188805 -3.95674691630189 15.429185267307892 -74.85065494799714 0.5139511294198655 1.5646439462796722 -12.900148629481619 -32.77812547478653 -80.99365974294997
1501 21014 0.0002729971069016432 0 2148.7366092517336 71.07309375851486 -11.039751565489283 -14.416951640075018 -5.7214949462781455 -26.697216705587792 24.032186776295543 90.41539192123098 21.2592612226162 5.799561543405077 22.44733100262735 15.324054239425664 54.26058016119858 64.92452091570529 -34.549106079594374 94.51600506447724 -64.3773877158566 49.59612751539678 63.62674900155841 -25.572790911649264 67.79562281540188 52.913135993345236 91.72603814378695 -3.9905607512191366 15.406343608784226 -74.83043214318042 0.5604525043608817 1.4998917505504672 -12.918402057561659 -32.874518682210926 -80.98828179798753
1601 22414 1.1036697672581313e-05 0 2148.717690536193 71.073611067694 -11.039188895387149 -14.417667703034562 -5.722355209257849 -26.6970926765874 24.032740174936137 90.41175657018361 21.25689626457165 5.799413168574197 22.449887969084728 15.322848385949454 54.260342636452386 64.92384206604683 -34.549269865630095 94.51553800769854 -64.3772579854882 49.59654779420484 63.626018853565796 -25.572979235451328 67.79871042288127 52.91394549420096 91.72577146616334 -3.991336061274235 15.407448541643163 -74.82959107386047 0.5625284053955966 1.4996975607543732 -12.919176227292349 -32.877123953483185 -80.98780950423645
1701 23814 7.71181292709753e-09 0 2148.716778805349 71.07360343316662 -11.039203447747832 -14.417688161299806 -5.722369195191416 -26.697096741945245 24.032741945389002 90.41174360024453 21.256908011390912 5.799412798534661 22.44989545935752 15.322845077172602 54.26034319192556 64.92385832829261 -34.54929352927888 94.5155198700509 -64.37724455362203 49.59654465465618 63.62602498921828 -25.572988598708747 67.79870771999683 52.91394806541709 91.72578624387211 -3.991331590095171 15.407467161408237 -74.82957835854688 0.562551007996376 1.4996590852858418 -12.91917271177467 -32.877131679195344 -80.98779844493114
1801 25214 4.466634076283769e-10 0 2148.7167771193594 71.07360343250278 -11.039203450944974 -14.417688157793057 -5.722369204087255 -26.6970967505088 24.032741949395316 90.41174356042478 21.256907961059902 5.79941279748917 22.449895477831717 15.322845068459078 54.260343194268785 64.92385831290485 -34.5492935249547 94.51551985789239 -64.37724455796013 49.59654465614615 63.626024968997086 -25.57298860886587 67.79870776744085 52.91394807144371 91.72578626079951 -3.9913316289452467 15.407467194693178 -74.82957833985033 0.5625510509653395 1.4996590952286302 -12.919172708339953 -32.877131698336804 -80.98779842875408
1901 26614 2.9755125587651666e-09 0 2148.7167766071375 71.07360343266916 -11.039203450309088 -14.417688179156379 -5.722369288837523 -26.697096750214016 24.032741978141868 90.41174331547721 21.25690781125797 5.799412789471361 22.44989561110529 15.32284500557608 54.260343221156 64.92385828043058 -34.549293526616836 94.51551985200871 -64.37724451668939 49.59654465691515 63.62602498010071 -25.572988656916067 67.79870792537434 52.91394811343099 91.72578627305913 -3.9913317634112118 15.407467261871783 -74.82957825801081 0.5625512173638185 1.499659137426542 -12.919172708421238 -32.8771318348997 -80.98779845457136
2001 28014 8.728002998431177e-09 0 2148.716772364878 71.07360343252736 -11.039203452085516 -14.417688404483302 -5.722369939797319 -26.69709674824917 24.03274220133682 90.41174139175881 21.256906642507573 5.79941272818872 22.44989664439808 15.32284451870356 54.260343531814634 64.9238580163815 -34.549293525935006 94.5155198232205 -64.37724418263545 49.5965446546135 63.62602510928846 -25.572989087690218 67.79870910614451 52.91394843892476 91.72578629412703 -3.9913328024221437 15.407467711064685 -74.82957765373253 0.5625525719562177 1.4996594809858068 -12.919172706034026 -32.87713289326758 -80.98779870395975
2101 29414 2.6687234851758003e-06 0 2148.7155905324144 71.0736034797797 -11.039204221979615 -14.417738481554453 -5.722542924473493 -26.697096756596935 24.032802148829287 90.41121257289137 21.256555172745625 5.799396314512211 22.450174313320957 15.322713404291699 54.2604270941793 64.9237835667615 -34.54929347871259 94.51552457240949 -64.3771744701333 49.596545501288276 63.62606232339951 -25.573114576345176 67.7990490907709 52.914036003814715 91.72579799299871 -3.991628185795036 15.4075921635317 -74.8294114067895 0.562936623902516 1.4997918362841747 -12.919173318191332 -32.877417532228506 -80.98785294149107
2201 30814 0.0029438512583469085 0 2148.398302222088 71.07643911109474 -11.039937555666402 -14.455619108517373 -5.734890656346957 -26.69889188207782 24.037797642211242 90.32327860944585 21.176223952448762 5.7980704835167955 22.47301300507084 15.311990570114574 54.276564572773495 64.91690180738877 -34.54876049562849 94.50672189473725 -64.3428253402648 49.59132463696021 63.64204276940879 -25.59806442226079 67.82816827888914 52.921250949639926 91.7200088654618 -3.999068286444949 15.388099882662134 -74.77082399043586 0.5717357506868552 1.559073118756416 -12.919643432734548 -32.90075506063937 -80.96680830247462
2301 32214 0.0013159986408938311 0 2147.61399403993 71.07517550087576 -11.017235135168688 -14.560038908453718 -5.790525555107143 -26.694967082813935 24.051661983743745 89.97329494183954 20.86550779241923 5.794023946653291 22.538560764396863 15.281459245401429 54.311476739974005 64.94557257030785 -34.537043241023504 94.48730157834058 -64.24236502356621 49.57623734066924 63.696016721644895 -25.668203924484516 67.93071955022151 52.9418647376574 91.7239064435523 -4.028365116813992 15.368975661021977 -74.49774854874914 0.59193860402533 1.775612812957157 -12.918854646918764 -32.96772661247876 -80.88647915691138
2401 33614 0.0036966665879064205 0 2147.308697198606 71.04610662847537 -10.999987037869868 -14.511676154912637 -5.784832877119254 -26.70971824453601 24.039235361097617 89.84081307850569 20.753172560807734 5.797550114124344 22.48040802648751 15.308585521057724 54.339859250969255 65.0589796887188 -34.541108229133485 94.44758409358747 -64.2300804850963 49.567329706291794 63.72680035393111 -25.672047892542736 67.86979903385924 52.92354256955775 91.73844902630864 -4.0036605235157365 15.38883837405195 -74.36434628058176 0.516133893407897 1.9643822715579062 -12.898914477316925 -32.90832984725461 -80.92256718297372
2501 35014 5.360528090374922e-05 0 2147.200140985351 71.03297593291063 -10.992560096220522 -14.451418364179885 -5.779975896533897 -26.708583351226476 24.039070318024248 89.80106288770358 20.743157366953337 5.797622012092139 22.47953694035442 15.309002763499786 54.32875363980953 65.11866883292306 -34.54610307669541 94.45530671467705 -64.25379265957747 49.57632414809207 63.74182959767447 -25.65994330265309 67.85334406085803 52.92328582794789 91.7332182291631 -3.9962372893980005 15.400126266942289 -74.34714750179768 0.5056409909205115 2.0201138214021905 -12.893504091244813 -32.907402446665635 -80.95701556711617
2601 36414 2.594109337142632e-08 0 2147.1991779235636 71.03297971391876 -10.992567156550344 -14.451427975381826 -5.780038064512731 -26.70859596966338 24.03909224533408 89.8008159822488 20.74301914793346 5.797616814163382 22.479637376309483 15.308957529852142 54.32875576268807 65.11857455616936 -34.54609641985418 94.45532800728522 -64.25375561065076 49.57631687341669 63.74187114978119 -25.660023976755383 67.85346565437285 52.92331767752668 91.73322816061193 -3.996353445242018 15.400113697326912 -74.34706090337238 0.5058431856133438 2.020151864562177 -12.89350801867529 -32.90750488643819 -80.95693158415364
2701 37814 2.6093261465402035e-09 0 2147.199177079646 71.03297971639705 -10.992567157609649 -14.45142796789782 -5.7800380888572045 -26.708595968672473 24.039092267523102 89.80081587923607 20.743019158444454 5.797616808071701 22.479637479313936 15.30895748185349 54.32875574211335 65.11857456911699 -34.54609642308159 94.45532801900659 -64.2537555608117 49.57631687758936 63.74187114434338 -25.660023977108125 67.85346571977138 52.92331771025616 91.73322816702557 -3.996353484970364 15.400113718468075 -74.34706090869412 0.5058433158534683 2.0201518417259323 -12.893508024181383 -32.90750499150303 -80.95693157141352
2801 39214 7.464593897201649e-09 0 2147.199176403697 71.03297971607978 -10.992567157631504 -14.45142785457085 -5.780038114437745 -26.7085959687052 24.039092331793046 89.80081521000373 20.743018858949686 5.797616790564601 22.47963777417462 15.3089573443404 54.32875566852818 65.11857480218379 -34.54609642396866 94.45532819023163 -64.25375549785238 49.576316877981725 63.74187128822078 -25.660024075108595 67.85346599362336 52.923317804621774 91.73322815864907 -3.996353658133971 15.400113796363653 -74.34706083578766 0.5058442667689746 2.020152409439732 -12.893508024263397 -32.907505293375046 -80.95693138858232
2901 40614 8.211684688115452e-08 0 2147.1991692656075 71.0329797130278 -10.99256715723165 -14.451427354376024 -5.780039473642796 -26.708595972520907 24.039093300889913 89.8008060971583 20.74301583169307 5.797616524164993 22.479642264628836 15.308955247811443 54.328755157433925 65.11857716175084 -34.546096423280105 94.4553299778464 -64.25375338230606 49.57631687924405 63.74187364171101 -25.660025432515113 67.85346959412257 52.92331922775426 91.7332279239883 -3.996356138716424 15.400114064968873 -74.34705953817056 0.5058553659774248 2.020157172447919 -12.8935080193208 -32.9075098879225 -80.95692968015717
3001 42014 0.0010166655978066598 0 2147.1780124448087 71.03286872388432 -10.992658696941076 -14.442786583401288 -5.777417755575906 -26.708649113825373 24.03973254325888 89.79282833329623 20.75461042831224 5.797461347659194 22.482650266864994 15.307563485285572 54.32239140685286 65.1310291410179 -34.54587278707883 94.46830147440656 -64.24947379933471 49.57615095834377 63.75333776697798 -25.661343072848638 67.84677597637753 52.924273487493394 91.73141937289805 -3.9923210722965132 15.39043943027731 -74.35489365873006 0.5396715204750819 2.037129613848063 -12.8933461864028 -32.91057201991454 -80.94730741808681
3101 43414 0.00034492786184708716 0 2147.125497790983 71.03272265311412 -10.992199769534412 -14.42057315033988 -5.7702368723893045 -26.708443584041245 24.039857252366133 89.76848748410323 20.78620125864744 5.7973948826788355 22.48319241932805 15.307300025311175 54.301867855062206 65.2028321392069 -34.54594630439107 94.49017003862497 -64.22023290155968 49.576531707619054 63.788305472229155 -25.65421265910186 67.81027695526507 52.92444229219717 91.72305025787571 -3.963968202870299 15.371135711805954 -74.36339845768164 0.5879856978211819 2.086799941339755 -12.893395462946033 -32.911137413754126 -80.93083673210987
3201 44814 0.0014322325239020473 0 2147.0997281046994 71.03270732202711 -10.992106071545367 -14.403889248013344 -5.768547411936082 -26.708398459336887 24.041030734416623 89.73595480069176 20.802098912870676 5.797063698101484 22.488700275762397 15.304728037600123 54.29326444257185 65.26464969486382 -34.54590309536654 94.48208947967927 -64.17803967143658 49.57666457298899 63.804695045329 -25.639609367878023 67.78760821195971 52.92616891709042 91.71224118319324 -3.946707454045838 15.374333578224803 -74.3633733785723 0.5877282243445734 2.0844303294645297 -12.893471139656427 -32.91678064311485 -80.93523882245628
3301 46214 0.0014208579811944729 0 2147.050080150374 71.03279927595088 -10.99271884070298 -14.386971141613458 -5.761129735455383 -26.708751945853578 24.035391491083725 89.69737341599705 20.819602625912992 5.798675615324445 22.462267532676663 15.317063428150043 54.306019344168426 65.37892956236006 -34.54573500125887 94.45572511437864 -64.09204134695023 49.57608605860812 63.820364928842565 -25.637966913195015 67.71538341806712 52.91784379550597 91.68409018175547 -3.949866887349278 15.379802575115358 -74.37793833528842 0.5708371537389496 2.0974841237909505 -12.893362598270524 -32.88973677857748 -80.94277747750283
3401 47614 0.0005274996833411999 0 2147.014280845761 71.03327396460165 -10.99223011698317 -14.407822509183928 -5.7579395023287905 -26.708446116634942 24.03260053470616 89.69836184804156 20.841403583173964 5.799469242856559 22.449208246546476 15.323161849891088 54.32845130535673 65.47133506155404 -34.5457381456103 94.42505026710984 -63.993875174437306 49.57639115290444 63.817790979934244 -25.64639326490834 67.64852297039633 52.91373011745705 91.6544144007085 -3.9597479050003566 15.374135881640852 -74.42900654466523 0.5613645082418657 2.086131911981661 -12.89381030085874 -32.87641091973071 -80.92761513527154
3501 49014 2.860833982562945e-06 0 2147.0108869049272 71.03327165211729 -10.992254257970881 -14.40994334048785 -5.756700562420478 -26.708459010646262 24.032179781440302 89.70147529700311 20.844724609031132 5.799585577436245 22.447275474271294 15.324055270242765 54.33188005223304 65.4816318492659 -34.545761534152135 94.42195784953178 -63.981881190528924 49.576376918393265 63.817716687055196 -25.647749366068325 67.63953376385734 52.91312418512078 91.64995048678327 -3.961944363718229 15.373025123986276 -74.43884501062891 0.5605289512984655 2.0858783642162346 -12.893808017895969 -32.87443593352027 -80.92650402316784
3601 50414 3.9394008589001874e-08 0 2147.010839763361 71.03327164369773 -10.992254338560791 -14.409939587710218 -5.756701114091746 -26.708458952856468 24.03217917538427 89.70146969442267 20.84473579587049 5.799585749658782 22.44727280368332 15.324056535043477 54.331877579560086 65.48164551723113 -34.54576170747314 94.42195830817148 -63.98186874669014 49.57637691377326 63.8177221412092 -25.647749603139175 67.6395212082912 52.91312330792377 91.64994686043937 -3.96194454965555 15.373021502126575 -74.43884993374834 0.5605361555162744 2.085875666286313 -12.893808136061613 -32.87443320785778 -80.92650537689406
3701 51814 5.269768762915652e-07 0 2147.010820791761 71.03327164837506 -10.992254332786512 -14.409980838989629 -5.756688098414648 -26.708458962109145 24.032171108140652 89.70151853834454 20.844753472532688 5.799588077617017 22.447234928805983 15.324074247587355 54.331929428099066 65.48172075894524 -34.545761706720754 94.4219099941687 -63.98174656080627 49.57637691782725 63.81769972293435 -25.64777122447643 67.63943543569039 52.91311130269659 91.64990663456166 -3.961974025952133 15.373014266420919 -74.43893542629263 0.5605006596814803 2.0858513732906556 -12.893808134243644 -32.87439456555629 -80.92647853819963
3801 53214 1.0400032869077496e-05 0 2147.008998404378 71.03327178536404 -10.992254178533061 -14.416298268493417 -5.75454389841541 -26.708458654037575 24.031000357263473 89.71068891267447 20.848300282136968 5.7999217341217015 22.441744497464924 15.326639040686226 54.339802852189536 65.4927779739606 -34.54576173257651 94.41533484468938 -63.964209055073525 49.57637698160041 63.81413757046201 -25.651059651962015 67.62666220433681 52.911376151116684 91.64384470123039 -3.9665650427654757 15.371678602292121 -74.4536204227161 0.5561924567030871 2.0826415299283343 -12.893808023812404 -32.868792756811935 -80.92219610879891
3901 54614 1.1926325592570203e-07 0 2147.008958070624 71.03327164536768 -10.99225433537271 -14.416314657037928 -5.754533790593758 -26.708458952012933 24.03099811087185 89.71072414455386 20.848322236362755 5.799922237834412 22.441734027366465 15.326644045518847 54.33978931040255 65.4927790239702 -34.54576170651135 94.41532758726095 -63.9641959302067 49.576376915490066 63.8141236448981 -25.651047818060675 67.62665792252017 52.911372814735614 91.6438602111892 -3.9665447782208494 15.371681204847158 -74.4536342992515 0.5561858293966679 2.082613958861342 -12.893808136845886 -32.868782104724524 -80.9221833522418
4001 56014 1.057814449608045e-05 0 2147.008896663041 71.033271601976 -10.992254420535243 -14.41684347834811 -5.754131021394147 -26.708458991613867 24.030846475500404 89.71227709042026 20.8493355754721 5.799965054716127 22.44102252847219 15.326976750861043 54.3405678264875 65.49437956562493 -34.54576167613097 94.41462270507408 -63.96202087625613 49.57637689689786 63.81372090065784 -25.65132571146438 67.6248362983678 52.9111488134929 91.64307013956576 -3.9670309308898593 15.37156917897281 -74.45598901108325 0.5558176186960679 2.082059635996112 -12.893808167040287 -32.86805500912423 -80.92161878777
4101 57414 5.859125867538441e-07 0 2147.0085712762107 71.03327164614669 -10.992254342455793 -14.416297560692783 -5.7532082921208385 -26.708458955404456 24.030793464216124 89.71519941069585 20.85203212199342 5.799976960884593 22.440768784797143 15.327094544695665 54.340220035962474 65.49585450081503 -34.54576171190789 94.41507754367639 -63.96138433109252 49.57637691298164 63.81358700454186 -25.651004052185613 67.62335799417713 52.91107518083032 91.64246274380903 -3.9669507897375675 15.371519004409057 -74.45994121183251 0.5571882506826853 2.0819211227198218 -12.89380813896101 -32.8677931642268 -80.92096756471739
4201 58814 5.897655103480855e-07 0 2147.008566390708 71.03327164548512 -10.99225433374131 -14.416376924650262 -5.753135921562457 -26.708458950832625 24.030768594774294 89.7154996178759 20.852216186676905 5.79998396539214 22.44065218886564 15.327149008642518 54.34034468557176 65.49607826847745 -34.5457617071043 94.41497545947864 -63.961071831218305 49.57637691520342 63.813512325587595 -25.651043045824736 67.62307167276848 52.91103851656436 91.64234223195317 -3.967026569595274 15.371501699096203 -74.460343955056 0.5571236339011136 2.0818217201299696 -12.893808136175268 -32.86767401344045 -80.92088408202736
4301 60214 1.0374127266435473e-06 0 2147.0085515748833 71.03327164373454 -10.992254340797922 -14.416507385975217 -5.752936885857306 -26.708458956074516 24.030716559663386 89.71635388905409 20.852704274687035 5.799998409628457 22.440408332459782 15.327262694650171 54.34058251576628 65.49643272050454 -34.54576171216968 94.41483180321292 -63.9605792728706 49.576376914620326 63.81332394727016 -25.651099007541035 67.62250658690158 52.91096222501287 91.64211171353213 -3.96716908532871 15.37146230312205 -74.46132810966456 0.5570253549144013 2.0816162346364258 -12.893808140247927 -32.867424689383235 -80.92070820727605
4401 61614 6.910350941204527e-06 0 2147.0084575831493 71.03327163440966 -10.99225435027524 -14.416265605355855 -5.752673538210713 -26.70845897921679 24.030722879483225 89.71826627761129 20.853084171202415 5.799995472999859 22.440439847859267 15.327244489318828 54.34057873401456 65.49458475733668 -34.54576167795909 94.41546559749463 -63.96254029917898 49.57637690823529 63.81294296159595 -25.650951327291637 67.62322910114523 52.910974011102326 91.64243250781922 -3.9671649908348265 15.371442343925878 -74.46199618963124 0.5568718539097688 2.0817754294115587 -12.8938081177071 -32.867456648521674 -80.92096387141012
4501 63014 7.365208575373209e-06 0 2147.0083245705973 71.03327164482556 -10.99225434718534 -14.417017030509129 -5.752409852093232 -26.70845893541782 24.030640179548513 89.72014124482205 20.852403682525672 5.800020472148439 22.440050260408782 15.327423258827425 54.341991996922324 65.49320327985367 -34.545761711708195 94.41519783522013 -63.96265926863606 49.576376915400914 63.81208726272038 -25.651504226352955 67.62324873066899 52.910850204498416 91.64219380296089 -3.9679775446820416 15.371293346999481 -74.46301994470262 0.5559143285130403 2.082146318851316 -12.893808145308784 -32.86706205675884 -80.92084706286064
4601 64414 0.00014423791996085838 0 2147.0070742922894 71.03327135843688 -10.992253455950188 -14.412472065414342 -5.749187129889221 -26.708459715432816 24.03115333657933 89.72135708850163 20.851566215181585 5.799882330160799 22.442436283930874 15.326307923862913 54.34584450025061 65.49644065031276 -34.54576177430382 94.41609985825147 -63.959151825222364 49.576377198783604 63.813117883522665 -25.650171344576307 67.62161314435878 52.91160726097635 91.64067061784891 -3.9666209972574564 15.371436409769137 -74.46572648386042 0.5534901542037005 2.0910362423584483 -12.893807775725149 -32.869512367101684 -80.92065529897852
4701 65814 0.0003593757530828758 0 2147.0021501856045 71.03327429172495 -10.992260055214627 -14.398508561780785 -5.733994256264583 -26.7084653109192 24.03375521655226 89.73665857653685 20.850236501237948 5.799136191323387 22.45463757315008 15.320622432687184 54.36879460399078 65.50798812761539 -34.545759975915715 94.42132753730486 -63.93561612087234 49.576370850541245 63.8137480959891 -25.647325211092976 67.6145216277815 52.915447203164234 91.63207830153067 -3.9586573167611845 15.365865003231583 -74.48669954448027 0.543060111467355 2.1323981680868886 -12.893807618918782 -32.88197046018882 -80.91068683040103
4801 67214 8.593559090311742e-05 0 2147.0008583311164 71.03327221024102 -10.992259925956427 -14.39856456990412 -5.731322780614111 -26.708462708527914 24.0352067281925 89.7427800050142 20.84834912500444 5.798727780863343 22.461447738146433 15.317447738451772 54.37428625206299 65.49529038194058 -34.54575804591673 94.42428688902397 -63.93655485580311 49.57637081846461 63.81047313891858 -25.64755735457186 67.62272416360426 52.917586429063874 91.63303272273802 -3.9574135492745346 15.363264706457894 -74.48990546377841 0.5434371498515134 2.1347449856549496 -12.89380659806792 -32.88891937372442 -80.90616138164046
4901 68614 0.0004806595143951922 0 2146.9996475734392 71.03327239276857 -10.992259345742585 -14.397170387092368 -5.7263991826595255 -26.708462512087927 24.036987100824984 89.750795010707 20.856150553182804 5.798221030880477 22.469793777327254 15.313557413105448 54.38014973032857 65.4826290669948 -34.545758845000854 94.42346490397308 -63.926639138164006 49.576371616653404 63.806033277149794 -25.646435617676048 67.62689391113778 52.9202201057673 91.63173902202621 -3.956168267345387 15.361187364455533 -74.49972923002426 0.5427806783489473 2.119426315981776 -12.893806643143428 -32.89745112683913 -80.90240970520475
5001 70014 0.0015260843465119505 0 2146.9945920444193 71.0332736389648 -10.992261082693092 -14.37488503649351 -5.6944412143617145 -26.708454567193606 24.034659526626186 89.7695001575909 20.861204455206344 5.798870566444758 22.458889420741258 15.318644104319876 54.41636514363678 65.43936228120774 -34.54576568258427 94.42259465281685 -63.90861812786824 49.57637459707415 63.80627099465639 -25.653322324610173 67.6125887574695 52.91679094375985 91.6246941810115 -3.9453895574248152 15.3499908782846 -74.50110362059588 0.5333963686305481 2.1009342791006973 -12.89381242513233 -32.886309464268656 -80.88545769701747
5101 71414 1.5682788430540747e-05 0 2146.992644438418 71.03327161858442 -10.992254347849318 -14.367168288754124 -5.683769438612273 -26.7084589727535 24.033719456642686 89.76258998290912 20.862140542505706 5.799147036885561 22.45447380984575 15.32069972466508 54.42701340449565 65.43926380149341 -34.54576170356771 94.41785157231334 -63.88712467613297 49.576376914560115 63.810820280354534 -25.65454836556836 67.60010845722553 52.91539202706568 91.61843472524285 -3.9400408671072698 15.346769742755816 -74.49846052452584 0.5313595653364303 2.0963773850383647 -12.893808146883666 -32.88179760278605 -80.87792499752959
5201 72814 3.351099569113793e-06 0 2146.992629665498 71.0332716468258 -10.992254336422851 -14.367070731773973 -5.683781868305162 -26.708458951610183 24.033726837203456 89.76239912448183 20.862341628354983 5.799144984659688 22.45450885033739 15.320683656845782 54.42689380043049 65.43924620868255 -34.54576170714779 94.41788516831296 -63.88712110107491 49.57637691496738 63.810956656095385 -25.65448698914298 67.60009067566637 52.91540295746577 91.61845388087812 -3.9398902900941453 15.346728393995594 -74.49833549340082 0.531492662611555 2.0960258357505315 -12.893808135140493 -32.881832793320115 -80.87794714659884
5301 74214 6.8999853966385535e-06 0 2146.9926103762905 71.0332716481212 -10.992254336081485 -14.367134168908146 -5.683933142194644 -26.708458952199955 24.033678579074767 89.76243444665327 20.863464055873784 5.7991587039810595 22.45428257231046 15.320789651176671 54.42627315727514 65.43942345512517 -34.54576170937995 94.41779795215943 -63.88721602386585 49.57637691574079 63.811219680310415 -25.654283509710325 67.59965214985561 52.91533233516617 91.61849263502853 -3.939613096683979 15.346706107654313 -74.49856343349992 0.5318013301548774 2.0942291288509 -12.893808140689716 -32.88160034530829 -80.87819694292668
5401 75614 9.14207012428031e-06 0 2146.992593370312 71.03327164648684 -10.992254338265155 -14.367315618215581 -5.6836258229005185 -26.708458953270874 24.03360956127097 89.76295361276652 20.863838538862513 5.799178993676954 22.453957940535673 15.320940836752522 54.42683882330777 65.43946769141625 -34.54576170925423 94.41740178379456 -63.886336019328354 49.5763769139019 63.81118335018644 -25.654407274880384 67.598894104289 52.915230204403 91.61810075479795 -3.9396746029117264 15.34653472076068 -74.49926371894499 0.5314667181230277 2.093350350208757 -12.89380813935109 -32.88126916653891 -80.87801489390182
5501 77014 3.4573734133337775e-05 0 2146.992560488335 71.03327164599554 -10.99225433282419 -14.367202975954584 -5.682902384816145 -26.708458951997684 24.033503449113354 89.76290947267726 20.863668835414906 5.799210146930808 22.453460360808833 15.321172256066262 54.42784328215311 65.43938272003504 -34.54576170179133 94.4169977479765 -63.88523497761352 49.57637691079484 63.811613002704604 -25.654650837018863 67.59779199411713 52.91507445753652 91.61751121015604 -3.93951963690315 15.346185398365739 -74.49945790154149 0.5310981077204531 2.0930152017341697 -12.89380813649813 -32.88076152947173 -80.87753103081792
5601 78414 0.0004285799662637626 0 2146.992088549514 71.03327161028403 -10.992254388171094 -14.3639888432689 -5.675007440235358 -26.708458956011302 24.033627116803935 89.7605248736681 20.8591593672607 5.799175616007195 22.454038846506535 15.320902077224943 54.43315443710799 65.43748292680425 -34.54576177692199 94.41618163501623 -63.879928190792185 49.576376799444276 63.82040319210395 -25.65360399365113 67.59055687658307 52.91525980811954 91.6126412945386 -3.9364000115391553 15.344976999823391 -74.49944222422454 0.5289602277756842 2.092108478471571 -12.893808136468582 -32.88135740313738 -80.8746062085682
5701 79814 0.0012144035948856555 0 2146.9875181690263 71.03327123317413 -10.992255961015513 -14.368154408447966 -5.652230810710559 -26.708458015384704 24.03389292657702 89.74556298806358 20.82562356973822 5.799105178468471 22.455274612006946 15.320325216914897 54.425405046203636 65.4516211271319 -34.54576234301402 94.41175217357565 -63.89050671468661 49.5763772327328 63.89741277123275 -25.641886494365366 67.5333043849308 52.91565124978254 91.5704696708107 -3.940120809847023 15.347958087898173 -74.52480984379096 0.531469949049864 2.073566444907756 -12.893809470931625 -32.88261706916051 -80.87911988740561
5801 81214 0.00028935758767598097 0 2146.985661728167 71.03327142198512 -10.992255881753366 -14.362805691559727 -5.624702672538024 -26.708458017335868 24.03385321809967 89.74346513222653 20.80544682021487 5.799110718432377 22.45510132242805 15.320406208658154 54.42674691063399 65.44239487443673 -34.54576124179129 94.41341972674225 -63.89981224626584 49.57637771962552 63.95589862293585 -25.633028456331118 67.48893928308217 52.91559126280694 91.53941125479011 -3.9362798343739684 15.34546530357069 -74.54427398766296 0.533664658630272 2.059455262093779 -12.893808489520337 -32.882436814885345 -80.87696283134818
5901 82614 0.0017047840055743337 0 2146.9833816184773 71.0332706149376 -10.992255328370776 -14.367140720275023 -5.623542295130209 -26.70846288459875 24.033420581037532 89.72602085558074 20.806205304349252 5.799230036024806 22.453101684824844 15.321338760551859 54.42573208859212 65.43993911352533 -34.545761461725704 94.42109214349371 -63.90705914910646 49.576377084660656 63.99233032847346 -25.63011279650172 67.45308313707793 52.91496168426005 91.53627438402975 -3.937522336661403 15.346257325509088 -74.54157354714302 0.5326327291420512 2.068215682137761 -12.89380472944164 -32.88039309078389 -80.87674481558358
6001 84014 0.00041800366901250817 0 2146.980281198232 71.03327017841508 -10.992251879854992 -14.36473868375419 -5.619745991114104 -26.708471405352128 24.033906798884296 89.70451668914144 20.83054609283355 5.799093463169506 22.45535610656549 15.320288424149812 54.43825869783868 65.42196529176005 -34.54575680001069 94.44501845177308 -63.91236635425 49.57637512776305 64.05770688969173 -25.625053527412945 67.37710658805949 52.9156712442898 91.53561176271614 -3.937322275006089 15.344471960665901 -74.5453048989257 0.5254846562730222 2.0921793105848216 -12.89379806216688 -32.88270027668196 -80.87237506249673
6101 85414 1.3015758524805488e-05 0 2146.9801442313264 71.03327005342086 -10.992251816242906 -14.36496684608616 -5.6215756597670365 -26.708471003323588 24.033980883428452 89.7026133794823 20.83312509482886 5.7990732001227325 22.455697325354237 15.32012936119867 54.438159690794784 65.42210781024727 -34.54575679409169 94.44696392770483 -63.91285172627454 49.576374934973565 64.06026716702215 -25.625167414121705 67.37358274151933 52.91577807157216 91.53688365784151 -3.93754283610045 15.344411442863386 -74.54430502914046 0.5256101887632667 2.095139643143062 -12.893798231719325 -32.88304798861263 -80.87240644386699
6201 86814 7.801762288535286e-05 0 2146.9801004306314 71.03327005059111 -10.992251821744963 -14.365144652730537 -5.620938665723624 -26.70847099323771 24.033988740966358 89.70060189444013 20.83502761188223 5.799070667659633 22.455737615290815 15.32011025163086 54.43925232324099 65.42119793083151 -34.5457568125795 94.44970839392815 -63.91347949461826 49.57637493270685 64.06883393890618 -25.624732999405325 67.36371150897591 52.91579128474896 91.53624246965038 -3.9373820541569713 15.344039262260434 -74.54462282124226 0.5252856591933721 2.098376501395699 -12.893798256876156 -32.88308900449467 -80.87144364085628
6301 88214 9.304001975292634e-05 0 2146.9800483397376 71.03327005761574 -10.99225182260054 -14.364567222291669 -5.619047431235503 -26.708470989796282 24.03400873315357 89.69855099351425 20.834193409056784 5.799065354888188 22.455831524906387 15.32006733094187 54.4400017450139 65.42059909506465 -34.545756805222275 94.45155360765801 -63.91457193510604 49.576374921933756 64.07807654738363 -25.62397522921873 67.35441916455437 52.915819706485564 91.5340479243948 -3.937170986998163 15.344000970208924 -74.54468368264025 0.5249414392053495 2.0998339367915064 -12.893798241372735 -32.88318397613204 -80.87132958258562
6401 89614 0.0008199821006916956 0 2146.979111469322 71.03327024328584 -10.992251266475696 -14.36641064054378 -5.61443844752432 -26.708469807790344 24.03439631604681 89.71114187447279 20.835619448029266 5.798956963304009 22.457656543537666 15.31921781953414 54.435424028580385 65.42302754063023 -34.545756775276026 94.46068399260376 -63.91495783239708 49.576375135742104 64.09757840952815 -25.625151857725484 67.32094645725005 52.91639341724115 91.53348012137991 -3.9386456473830123 15.346056322312727 -74.53625728984795 0.5255569658264392 2.095320990849259 -12.893799203094863 -32.88504702510385 -80.87407392893871
6501 91014 2.4363695828736315e-05 0 2146.978265936244 71.03327086927601 -10.992250955165861 -14.370045479952324 -5.613141294568368 -26.708467932890088 24.03455747799808 89.72557222709709 20.843565044251317 5.798909153801798 22.458401474969037 15.318867917434043 54.4268184820039 65.42689607084102 -34.5457565815732 94.47452968717676 -63.91335118104354 49.576374771088965 64.1135421946349 -25.627037654928813 67.28476591728065 52.91662976681627 91.53944289789723 -3.9408117346966827 15.347410706092717 -74.51967088698206 0.5294728009460528 2.096137156359022 -12.893801274666906 -32.88580987510229 -80.87832036484991
6601 92414 3.4520144252076065e-05 0 2146.978250956906 71.03327086885815 -10.99225095628818 -14.370594607335844 -5.612932747493455 -26.708467935991678 24.03464067391337 89.72665434606286 20.84407484017665 5.798885925879675 22.458789753627826 15.318686951910765 54.426289308664174 65.42829055161512 -34.545756584692015 94.47572358655734 -63.91205724745194 49.57637477029896 64.11516999493003 -25.62713600615686 67.28109362874486 52.91675185645798 91.53965632471622 -3.941031735326483 15.347472944707146 -74.51899175109241 0.529958551927507 2.097594868678667 -12.893801279084197 -32.88620608310881 -80.87837797086362
6701 93814 6.808207809673945e-05 0 2146.9782411669885 71.0332708678977 -10.992250958202854 -14.371072868876853 -5.612606364228236 -26.708467939570145 24.03458261028879 89.72834343929067 20.845174215721865 5.798902773628972 22.458517328251475 15.31881401744337 54.42493086056418 65.42806280078736 -34.5457565848444 94.47703396043836 -63.912083180644686 49.576374771375 64.1166919570384 -25.627220215555667 67.27728919411521 52.91666572013435 91.5402795023169 -3.9414150236676964 15.347790014790878 -74.51776123315916 0.5305731520502377 2.0971866270357022 -12.893801275768267 -32.8859281868559 -80.87901390165348
6801 95214 0.00010768550398726236 0 2146.9782258518226 71.03327086540548 -10.99225096239177 -14.3714423949827 -5.612121004099118 -26.708467941551806 24.034622466168646 89.72858544725064 20.844572546817506 5.798891839970799 22.458704049874 15.31872666143796 54.423454546451545 65.42775173327288 -34.545756580529755 94.47657328132969 -63.91147975728384 49.57637476346226 64.11660156229837 -25.626598474376408 67.27756143241263 52.91672479678769 91.53985359846223 -3.941676998572708 15.348242525908447 -74.51772765896581 0.530860799813837 2.0965304947199033 -12.893801274839719 -32.88611884467749 -80.87998368822912
6901 96614 7.513833984904292e-05 0 2146.9781750498823 71.03327086811919 -10.992250955396754 -14.373760124401072 -5.611202128126412 -26.708467935672775 24.034515517638223 89.72799290591247 20.84474707717875 5.798921425465118 22.458202656983786 15.318961013422575 54.41836343096829 65.42449301611511 -34.5457565806678 94.47462423186961 -63.90879658088343 49.57637476795478 64.11568008601293 -25.624193170736078 67.27846694018126 52.916566919811544 91.53899024255975 -3.9430123797216994 15.34968973968807 -74.52029174123689 0.5324193387220078 2.0972292063227287 -12.893801276110631 -32.8856064849892 -80.88262203257835
7001 98014 5.842801936347642e-06 0 2146.9781715177514 71.0332708688336 -10.992250955149583 -14.374279187635159 -5.611535571323659 -26.70846793520336 24.034502400865815 89.7274303868183 20.845144887539867 5.798925385689793 22.45814204594035 15.31898904672475 54.41690572300041 65.42449330669429 -34.54575658176159 94.47390949632596 -63.908170404190656 49.5763747703468 64.11477699047336 -25.623471859947017 67.27969345805258 52.91654791587368 91.53891539723097 -3.943311838524681 15.350131812171329 -74.52125694322054 0.5328501948363282 2.097768629219893 -12.893801276468613 -32.88554440494124 -80.8833701417594
7101 99414 2.0075935804458833e-05 0 2146.9781712944173 71.03327086872028 -10.992250955613004 -14.37423201228191 -5.611529696850174 -26.708467936191994 24.034511338830534 89.72749424157706 20.84519379954249 5.798922855943583 22.458183658588126 15.318969603669085 54.41696565478048 65.42449608721132 -34.54575658179216 94.4738270017266 -63.908095398993936 49.57637476974473 64.11466956641752 -25.623628606820233 67.279676800749 52.9165610692458 91.53886753104311 -3.9433039437270576 15.350120206146915 -74.52120452650409 0.5328300215775528 2.0976119957941433 -12.893801276244794 -32.885586934106264 -80.88335139520126
7201 100814 7.206861395544555e-05 0 2146.978167524949 71.03327086650319 -10.992250956892931 -14.374412174273637 -5.611905755265328 -26.708467934949756 24.034526744468543 89.72750471332286 20.844998210634472 5.79891839016738 22.45825651668352 15.318935689702986 54.41661406328456 65.42447310359857 -34.54575658127957 94.47233410750118 -63.90841029168351 49.57637476929382 64.11421715734397 -25.6255048924653 67.27914223319092 52.91658402757565 91.53764532374126 -3.9434276641618347 15.350255245887922 -74.52107570099214 0.5328839699628531 2.097804054857791 -12.893801277872246 -32.88566139389511 -80.88358792354265
7301 102214 0.00044361204239459784 0 2146.9780951618586 71.03327086483756 -10.992250955193382 -14.374376688060277 -5.616443816044264 -26.708467939967154 24.034323254365354 89.72856714267199 20.845231338533996 5.798976114493383 22.45730275190101 15.319380494508545 54.416337688478706 65.42531504870847 -34.545756572337716 94.44135819670652 -63.90730430923267 49.576374763664646 64.0973437737317 -25.662112666261095 67.27455119795974 52.916283569366584 91.51487123958995 -3.943226959605477 15.350203661696748 -74.52193008854216 0.5330684152476124 2.0979076140703823 -12.893801267653815 -32.884687640907366 -80.88362636757458
7401 103614 0.0010384167534639851 0 2146.9775943016502 71.03327084606286 -10.99225100135851 -14.373859835950912 -5.661895815935339 -26.708468162687694 24.03454533778093 89.72599830324268 20.844750684013068 5.798913046198678 22.45834516855325 15.31889376203418 54.41720100883477 65.42661528415108 -34.545756526700835 94.15953667052425 -63.907076378111725 49.57637481765796 63.965772986035546 -26.006774332610206 67.2114916519958 52.916610761420145 91.29981009554277 -3.9431364147645294 15.35017754265377 -74.5212580845905 0.5327336983004045 2.099706832446408 -12.893801253273493 -32.885752783960776 -80.88303954854035
7501 105014 1.0852962967703237e-05 0 2146.9775520920866 71.03327084483871 -10.992250983144409 -14.37446500792173 -5.670621520296784 -26.708468166066407 24.034515034043718 89.72722753676913 20.845181479240207 5.798921781776851 22.458201184271502 15.318961442169194 54.41641779562616 65.4244478171357 -34.54575651954465 94.10636040196408 -63.90822409787563 49.57637481287037 63.93824866655396 -26.071317592659113 67.20302465497187 52.916566545585255 91.26032465454261 -3.9434193295604087 15.3502841458649 -74.52135625328279 0.5329724179905497 2.097906820145936 -12.893801236566627 -32.885604795536985 -80.88363872172448
7601 106414 6.381751704381057e-05 0 2146.9775519592895 71.03327084519691 -10.992250982833546 -14.374522644887442 -5.670543245499262 -26.708468164925232 24.034516059156388 89.72732861445017 20.845218304203325 5.7989215051565655 22.458205800464867 15.318959337769149 54.41626830058118 65.42448885512354 -34.545756519878886 94.10539636510623 -63.90827316017291 49.57637481204001 63.93792934071385 -26.072176184289305 67.20280647592739 52.91656803530742 91.259393386748 -3.9434747298386417 15.350333950709539 -74.5213564463618 0.5330017611360915 2.09803916435486 -12.893801236695989 -32.88560943880616 -80.88373210947009
7701 107814 0.00019330845122518658 0 2146.9775477175613 71.03327084649618 -10.99225098122592 -14.374468120173914 -5.6668029928464225 -26.70846816881547 24.034555523799867 89.72722524668063 20.845186704130523 5.798910006124122 22.45839090474888 15.318873013865263 54.41651812297284 65.42409376924934 -34.54575651909523 94.09928287547473 -63.90834103723387 49.576374814188654 63.93550259901505 -26.072385236225614 67.20693898189313 52.91662657062378 91.25227986842688 -3.943419781519193 15.350314843085258 -74.52128843086265 0.5327985515397415 2.0980448668290936 -12.893801235728585 -32.88579877963106 -80.88366834721975
7801 109214 0.0006024028638622875 0 2146.9774790007946 71.03327083612305 -10.992250987348958 -14.375263734513767 -5.592876955789034 -26.70846816997373 24.034417651855467 89.72699745805778 20.844896526414857 5.798949203671253 22.457745558019468 15.319173371861881 54.415700678560775 65.42391866481822 -34.54575652344678 94.0398107261365 -63.90686755005018 49.576374814573626 63.91449486264932 -26.015494574017083 67.28779256104096 52.91642373692662 91.16429791478618 -3.9439648077594818 15.350577271789364 -74.52288596650162 0.5330191236911332 2.096986411511599 -12.89380123190009 -32.88513966510752 -80.88408542651726
7901 110614 5.1618652621506417e-05 0 2146.9774102734177 71.03327084487557 -10.992250983353921 -14.374398919833151 -5.473294625500427 -26.70846816617548 24.03452060120316 89.7273764520806 20.845376877394653 5.798920159201112 22.458227432926435 15.31894918234665 54.41664604206576 65.42442897047698 -34.54575651962769 93.96138517979215 -63.90852505255512 49.576374813540674 63.886250844749924 -25.906417721063036 67.42406074974278 52.91657476559365 91.03710973470533 -3.943372274886054 15.350222256982859 -74.52097932032355 0.5328874873181348 2.0978701319701916 -12.893801236648075 -32.885631502000216 -80.8835149368243
8001 112014 1.9149602690023728e-05 0 2146.97741014383 71.03327084497312 -10.992250983039627 -14.374417825319796 -5.472001417385574 -26.708468165867814 24.03452812677202 89.72729604149795 20.845297102933642 5.798918058019834 22.458262590354508 15.318932801476677 54.41655846295759 65.42449262458216 -34.54575651956515 93.96164498824896 -63.90849661545059 49.57637481283931 63.886701660655234 -25.904374770333078 67.42525705209388 52.91658587934276 91.03655188667119 -3.9433872070252978 15.35023605091708 -74.52099361121526 0.5329467036166875 2.0979965761168673 -12.893801236578494 -32.88566755607554 -80.8835484447811
8101 113414 5.8890969602391724e-05 0 2146.977409729803 71.0332708452259 -10.992250983621776 -14.37435994292535 -5.47050117396039 -26.7084681665902 24.034516051566932 89.72721670664478 20.8452584008897 5.798921527848734 22.458205899989935 15.318959203766655 54.41667502107523 65.42440545095248 -34.54575651959487 93.96121134497176 -63.90851811044877 49.57637481297843 63.88665309562353 -25.903837421044074 67.42696271730506 52.916568072227165 91.03530404179429 -3.943361650949039 15.350212502513426 -74.52102920896343 0.5329005649407463 2.097981755623939 -12.893801236486668 -32.88560964325562 -80.88349555899504
8201 114814 0.0003859148974596732 0 2146.9774040638094 71.03327084607974 -10.992250980096996 -14.37426796057165 -5.455850440322337 -26.708468163716372 24.034577745595104 89.72684884422418 20.845514057222392 5.798903937477031 22.458495205050554 15.318824132521666 54.41666223203796 65.42457312277499 -34.54575652036863 93.96564786324357 -63.90836366524917 49.57637481109337 63.890085471379535 -25.900904748565978 67.44231918841004 52.916659092931695 91.02882799575735 -3.943394220596114 15.350234646103452 -74.52058035746732 0.532883907559949 2.098283040322808 -12.893801233331546 -32.88590479353708 -80.88357308362126
8301 116214 0.00027698813086244494 0 2146.9773665715334 71.03327084580579 -10.992250982956755 -14.37447306977691 -5.352227034982399 -26.70846816843914 24.034522878017615 89.7273453848933 20.84548228793247 5.798919265679655 22.458238529833267 15.318944082951878 54.41657240377769 65.4245225781696 -34.545756519035145 94.0170796354622 -63.908518344973885 49.576374812295214 63.91924323719027 -25.90248399337142 67.55461506230355 52.9165781786555 90.9978351521649 -3.9434294697076266 15.350309595470867 -74.5207612525972 0.5328206300970066 2.0974734755635596 -12.893801236163542 -32.88564295003014 -80.88360168821544
8401 117614 6.1553715661481435e-06 0 2146.977364532306 71.03327084486267 -10.992250983178288 -14.374445426750036 -5.327315233388475 -26.708468166071697 24.034518754887387 89.72739991937334 20.845427489776398 5.798920722451721 22.45821864218732 15.318953308314592 54.416519933062006 65.42450827004873 -34.54575651967512 94.02206784737781 -63.90831704967462 49.5763748128813 63.92351784323134 -25.90291270430137 67.58048016379016 52.91657203588608 90.98468195662812 -3.9434102426847817 15.350255294833374 -74.5209843861565 0.532940501835526 2.097998826376286 -12.893801236595037 -32.885622641477006 -80.88358360550711
8501 119014 5.345887388712305e-05 0 2146.977364493188 71.0332708449302 -10.99225098307183 -14.374466039890006 -5.3268345273547615 -26.70846816600287 24.034515208894206 89.7273849321216 20.84543768289756 5.798921713173519 22.45820212409069 15.31896104635374 54.41647322217685 65.42453089115243 -34.54575651959544 94.02236234576577 -63.90831188944384 49.57637481261225 63.92340673720426 -25.902412075433574 67.5807614468269 52.91656682895709 90.98482198883832 -3.9434225690744777 15.350271428865982 -74.52097353791292 0.5329537495471186 2.0980353931393636 -12.893801236703439 -32.885605776900945 -80.88360896860783
8601 120414 0.00015148454621093265 0 2146.9773641071056 71.0332708456414 -10.992250983727159 -14.374486108409387 -5.3210988295850035 -26.708468163968625 24.034510615251087 89.72747830372836 20.845434223184558 5.7989230228433115 22.458180617404167 15.318970998420658 54.416401461170075 65.42447903870018 -34.54575651921677 94.02553699183215 -63.90826065127524 49.57637481283973 63.921762884319065 -25.900621729393492 67.58469917906413 52.916560029731585 90.98570409791583 -3.9434370613384324 15.350279786188295 -74.52094979127207 0.5329881419498861 2.097921503386411 -12.893801236847212 -32.88558377268624 -80.88364911166471
8701 121814 0.0007101319842749854 0 2146.977353172805 71.03327084751396 -10.992250981850948 -14.374271203696734 -5.21113478306041 -26.708468166123023 24.034532878963173 89.72764475372159 20.845737745229112 5.7989168067017 22.458283062562344 15.318923234296314 54.41690965292228 65.4245572475014 -34.545756523437674 94.07978785204237 -63.90839037354013 49.57637481700885 63.857914100447005 -25.871915276494803 67.63027642732175 52.91659246544114 91.01702618582459 -3.943304236244701 15.350210804870086 -74.52092754689326 0.5326852520881289 2.098112529108497 -12.8938012395049 -32.885688794281265 -80.88341770932692
8801 123214 3.4531914907437386e-05 0 2146.9773447332072 71.03327084464831 -10.992250983128502 -14.37445703055199 -5.043346885261608 -26.7084681660878 24.034518537511538 89.72733921392363 20.845417535231025 5.7989207689941695 22.45821759621583 15.31895380814611 54.41649914930773 65.42453438042533 -34.54575651959198 94.15415256072079 -63.90832287208764 49.57637481278695 63.76565301762716 -25.827740814931104 67.70617407525566 52.91657171873305 91.05309587241618 -3.943410945841517 15.3502574523121 -74.52099798259563 0.5329546399790672 2.098009437545766 -12.893801236482632 -32.88562156784284 -80.88358786969454
8901 124614 3.265045740769604e-07 0 2146.977344726924 71.03327084487844 -10.992250983191779 -14.37445326156229 -5.04155392612159 -26.70846816606122 24.034519228138322 89.72734312196025 20.845399729792156 5.7989205861418665 22.458220841878955 15.318952282257861 54.41651031969913 65.42451443465504 -34.54575651965093 94.15416871610793 -63.90834829597881 49.57637481287316 63.7648605214371 -25.8272270021684 67.7073714013413 52.91657272798852 91.05256151154987 -3.9434134864348525 15.35025796292158 -74.52100381499223 0.5329441356099096 2.0980059409371896 -12.893801236599616 -32.88562489142133 -80.88358711458389
8932 125048 1.812010572400733e-07 0 2146.977344726924 71.0332708448808 -10.992250983192694 -14.374453438055996 -5.041556891650228 -26.708468166062964 24.034519195029272 89.72734323829319 20.845399909089696 5.79892059561623 22.458220686742294 15.318952354489761 54.41650997324994 65.42451430474577 -34.54575651965095 94.15416381230627 -63.90834839271824 49.576374812873816 63.76486561076425 -25.827226169717193 67.70737416328944 52.91657267915792 91.05255508227509 -3.9434136231117023 15.35025812066842 -74.52100371313274 0.5329441449560761 2.09800576905743 -12.893801236599929 -32.885624732659906 -80.88358736893889
