% # columns="iteration, evaluation, void, void, void, xmean", seed=25, Sun Jul  5 15:54:21 2020, <python>{}</python> # scaling_of_variables: 1, typical_x: 0
1 14 0 0 0 14.37107785000589 -31.454103477033275 -26.82818702213254 -4.0247448902987415 6.352496663655185 -4.76818402733265 -8.590482057851629 29.117327646142247 -40.08202636715319 -13.67945521064487 13.280440301382976 15.020058114967632 -12.692920118340618 2.3894246414993248 -26.204502943767206 0.4060066722377884 -3.3916455546673228 -29.422698518561614 -1.0091604261755964 39.44551595018421 47.91906994975134 13.016098911045415 1.0271006049602605 39.4794870149787 12.494960399410767 2.6919075008572757 -1.9046625850647758 -54.49648316669461 -11.794158413564226 27.828281758706012
2 28 0 0 0 0.05060694086500028 4.250242690086285 -1.4502960380809462 -13.432809700352188 -0.6050524826148189 -32.73327025912641 31.19500763434438 37.758246128561616 -21.83454384682008 13.606990157068362 39.96174132432305 47.725587306641486 -6.746044049482824 -18.29416309079443 -24.349068295666687 -19.945225925258853 6.822605078362262 -21.848641241246668 -16.802259715484745 13.287275451959776 38.56688730338814 8.895200570329974 19.01457964407805 37.87841258513683 39.573499741000916 14.117621548478407 1.6006148538485063 -21.05011348251017 -22.12748404568164 34.070256035963496
3 42 0 0 0 9.605024420317896 -20.613758507719144 8.986022316913136 -1.380570289065659 23.5401762328497 -16.056497801275047 20.30074478811373 34.144762475839954 -26.493820066659758 -5.759312394714305 28.316495871513844 57.7825757079206 9.493025758326597 -44.38844815561488 -44.5321315377105 -48.1184986079659 35.25404636279161 -27.247867394403485 -51.01039989446452 8.714891038750265 94.20596581926331 12.050196058516024 36.23063233187039 37.520118949517034 35.730586552828456 7.338588195014669 7.496911026596246 12.898992474126054 -5.034749652334206 55.28941530015734
101 1414 0 0 0 21.4310210024483 31.099496446452427 -15.649875887979537 -11.20719480084208 -26.534556893609853 39.528890661732774 17.328225986654324 207.52269861435568 -241.375361994693 12.802959676657881 103.43210014091972 177.69427133328418 80.9287916878336 20.558704051418726 -199.6223117077505 -139.06064315484647 5.317617115365427 3.925851896557075 -171.45519987818034 5.319707609595332 52.302347344623385 167.6976732945785 -138.8732621809812 214.43700446012966 22.102516380905076 116.34451908220278 -29.994997426991407 23.605064616099494 -44.99908401148772 88.0905091768104
201 2814 0 0 0 23.313674133076578 19.713102078961747 -17.231948256899507 -13.240202198510211 -32.81149889879661 39.143106226212204 14.492670842903662 198.29327882304617 -246.7416530528897 5.706198022375909 101.11783170013761 179.21088345591028 74.22607913457927 26.78748181300999 -285.8800108239457 -139.99605661909143 -5.32720733019738 0.9648906594377029 -166.07696084009376 18.095492591776896 70.99457757921934 172.46430999068622 -134.45445208347041 217.90630587881162 25.421331734170494 91.89520566293928 -29.325856572954226 23.219241504292306 -43.976790308799096 81.10395887995396
301 4214 0 0 0 23.03889746876243 13.57261245970131 -18.550376271137193 -8.224842231449056 -35.04200217865242 40.00978368963861 14.376104157634463 200.6317588409493 -246.17189191143837 0.31828171925880644 105.60704887477267 184.4868965987932 74.90990605475092 29.19147185197394 -314.9449940107369 -138.55176482597724 -2.0561778165264664 3.901781437837746 -168.54013355570592 14.108585088328978 68.39619675195603 171.03533575373356 -136.07041643847825 214.76582979880317 21.581647941579337 90.83005358871655 -29.446437263149658 22.534571681080035 -47.05408079168412 82.14609521274416
401 5614 0 0 0 23.1846459728136 13.878711149354181 -18.382371164642745 -8.315322611357892 -35.15000152018937 39.8778209139955 14.530263499759453 200.69949733909564 -246.26035871636915 0.34259710707065627 105.61485881546521 184.58914640673123 74.47929881587814 29.185307442887648 -314.9057680207935 -138.42724230490367 -2.0367512490601167 3.8693639280256664 -168.354069891303 14.051774747435312 68.58742919357893 170.77063914833596 -136.42979592761034 215.0761671335313 21.841713970655363 90.74405169000879 -29.271653471400768 22.38194480307949 -46.67446989996458 82.10452564981692
501 7014 0 0 0 23.182736495595574 13.85474583593622 -18.375552392718486 -8.32479399387929 -35.14640870479191 39.865348024840884 14.523010028010349 200.7092451094059 -246.26266645160118 0.33965336484887204 105.26975571255468 184.5836654085219 74.48385458069588 29.186179930718623 -315.2105860135966 -138.43041069883623 -2.043817648140069 3.874892831618174 -168.34588868739206 14.05251643765891 68.58285780707492 170.7694382596091 -136.4237574060381 215.07559012098784 21.842532005584353 90.75353871072153 -29.268831620218315 22.39385596733379 -46.6813106349443 82.09385229706798
601 8414 0 0 0 23.17962410964298 13.864125332515096 -18.375806845433484 -8.320794651857732 -35.14886453406283 39.86829913353807 14.522669872458936 200.70671080681916 -246.26281752535974 0.3394569515638326 105.0630824387123 184.58658321662605 74.48168835950815 29.186216621812793 -315.1650390524691 -138.43162013262418 -2.0415171838276667 3.8732985212664075 -168.35472271147268 14.053136236723466 68.5795198240773 170.76704708608392 -136.42505011299747 215.07498756462203 21.84195705288476 90.75385507169143 -29.266277639233415 22.39607624934188 -46.68014796769931 82.0979528928747
701 9814 0 0 0 23.17956501599087 13.864330378836572 -18.375866879145452 -8.320513299660737 -35.14931353159448 39.86860430719231 14.522029616282197 200.70665148902668 -246.26263899245123 0.3395094751525048 105.05028158211991 184.58673763239307 74.4820520217362 29.186205697382178 -315.1499538003779 -138.43164055645357 -2.041598770362951 3.8735520721035233 -168.35469759666242 14.052614816107326 68.5803450569288 170.76688250175286 -136.4254000752562 215.07506426925522 21.841940487399 90.75293791894109 -29.26585469330549 22.395726663178184 -46.680771078491304 82.09752577485011
801 11214 0 0 0 23.179550047234937 13.86435028213071 -18.375862165913556 -8.32051297136448 -35.149291978585836 39.86859104341567 14.522050934508878 200.70665275752023 -246.26262070933944 0.33952285348566524 105.05000393774385 184.58679001830333 74.48203586259936 29.186163940445603 -315.15000470804694 -138.43164610306394 -2.041608248278986 3.873546914360913 -168.3546956251754 14.052629637723975 68.58033122071889 170.76688151734996 -136.4253390484897 215.07503760819327 21.841912740844542 90.75293392757153 -29.265855709898528 22.395763770744036 -46.68079822671183 82.09751500152997
844 11816 0 0 0 23.17954984128493 13.864348598824384 -18.375861616327406 -8.320513186067338 -35.14929169794604 39.86859050054513 14.522051158934714 200.70665287901244 -246.26262089195538 0.3395229454760225 105.04999757315969 184.58678994552415 74.48203624683975 29.186163985465456 -315.1500000689054 -138.43164602588982 -2.041607565823578 3.873547277897731 -168.35469566040874 14.05262907812651 68.58033132909 170.76688151254933 -136.42533930416752 215.07503703119673 21.84191280314853 90.75293456100317 -29.265855556963352 22.395763880134783 -46.68079749317012 82.09751543305207
