% # columns="iter, evals, sigma, 0, fitness, xbest" seed=42, Mon Jul  6 00:57:40 2020, <python>{}</python>
1 14 50 0 3995066080.5932937 -44.9207335674179 24.59599956862374 -66.01188039026667 91.5733961585538 58.972399184081745 -23.458978095904826 -85.65758302609126 67.69440847176253 -5.727068623036797 61.891743967869814 -79.72271164050649 -29.969300579829465 0.2621902296613139 2.3490805844317215 -22.503798656471513 31.143275189522484 -53.38244498201564 -7.119175958192625 6.01496203174919 25.722756243988208 35.581929949008604 -56.23407274999674 -76.70852113099139 63.88629002243824 16.61636524029628 -37.42588620726569 77.56095967822547 5.783991988426209 58.96761096082799 3.3760872441121856
2 28 47.409424354629905 0 8896546044.224539 12.299957671094703 -8.901105902101829 22.464078068775414 98.87890493813836 -7.208664515508882 -25.51505226542509 -35.137186016728535 37.37602228200074 -19.222671006686124 13.015809816953357 -54.001027817565465 27.124259281779008 -8.814829294644218 34.622558695677995 -11.756455410254688 -6.977228921676023 -95.56934934804255 60.52577153338076 -19.070230815168298 11.561663994687061 -4.767208236040925 -57.54689701560944 -8.819281720072134 99.40882785712793 27.689477438953187 29.779518830377995 58.71769069986425 -2.2712494340628098 47.67792858076068 59.105745112041426
3 42 44.67491542781356 0 1826192744.098127 -41.5525206974852 -3.602568722911517 21.148672047929303 96.97851889717938 -55.81125083307518 -13.099363415317494 -94.98103966939848 -2.3096146628353473 4.829120684199133 15.204230327735107 -43.92865505444634 -54.19966150615932 37.703634818039916 4.439966760088151 12.655430025933622 -24.931141273874488 -71.67794829102729 4.311245007794437 -91.23762289023371 -75.90762702373712 -30.828867607644703 -66.78666535049616 32.28822059083174 57.91923517343017 -64.7289062276044 -33.4189131723443 91.86372633701546 4.7283952418368 -0.7635004675134098 -15.43109651790149
101 1414 0.03110739293609798 0 78211.78522377931 -49.71040273698183 -14.919774269971144 -80.24811347800406 14.781856935211625 -83.02618004165952 25.686068280262557 -0.9966646150094529 82.55511474222831 -72.0882023079122 -25.39374386636579 -40.366991598480524 3.014660730782854 20.476453570288605 14.37532708865751 4.57946598371047 16.80911451626266 -76.71438021770368 -7.262521779041393 -72.21041155173171 -5.4031912154599775 -95.02678931826507 3.131712091133077 -2.3749974560284017 84.21500336479187 -45.37730729440657 -34.80063137318747 -41.635211126692816 -7.677057645961225 -75.03964876592161 -89.03794068558533
201 2814 0.002790314784850449 0 77081.94751732996 -49.62767734083571 -14.889552716162248 -80.20198325571333 14.728828200881926 -83.07775313415063 25.64788577020567 -1.0891471276706925 82.50858449513436 -72.063976886181 -25.401759231259007 -40.379866268158764 2.9886485259566307 20.4012601427647 14.542176829184953 4.554776091699501 16.77114573153325 -76.71432183384042 -7.179218930998789 -72.25234404969356 -5.417453596287522 -95.02813962647801 3.2007776295568537 -2.50616954712813 84.15738909949172 -45.37611010421349 -34.7031740850585 -41.63839446086034 -7.69131009929585 -75.00122308773402 -88.94537901916252
301 4214 0.027000329371200366 0 69774.4139632562 -48.14462202822823 -13.546317112193048 -78.75912344473541 12.946073492583032 -83.69855110733467 25.75348924008012 -2.5136389417579776 81.29098020508592 -71.75420974860467 -26.117272426431082 -39.0389111635197 2.3530901268791373 19.24855315418197 17.30230304934358 4.389429320810813 16.187506085398166 -77.81143512343758 -5.876470662660632 -72.44563328607575 -6.241300627057151 -94.59481099702354 4.004050665347161 -5.163509688178663 82.89117641838476 -45.51466170891918 -32.97872805914635 -40.661143562540516 -7.949230058163387 -72.31721443825235 -85.87492453185995
401 5614 0.04186700055985174 0 16420.971055059355 -25.208904667650213 5.8519334252841295 -56.34181061567857 -17.15121300648301 -95.47306286033454 27.176581942552303 -26.237119532586014 62.04515776079324 -68.37730600276001 -38.19316388180829 -18.256902522887337 -7.763792588000505 1.5693197631620937 61.21276031246311 1.7892134429674502 5.826082125518354 -97.22238752676158 15.598008632930277 -75.58875303925865 -20.641379265325302 -86.67262169802332 17.10793515914644 -46.66585983105346 63.456112906076385 -47.04084332434092 -6.463849761895393 -24.875790250983734 -11.870067316020954 -28.853732888997563 -37.58288355989023
501 7014 0.0035659419786401815 0 13693.571626961062 -16.84701017752712 12.784976354907686 -48.298007442712674 -27.96407159394369 -98.50123830253679 27.449954248400317 -34.64090087151363 55.29449584351364 -67.09653848124461 -42.494401115252224 -10.77657749672916 -11.359801085487186 -4.857415938881637 77.01450253693307 0.8454539354636615 2.2207269754256838 -99.98282319367003 23.35050999974722 -76.77097350075883 -25.84897049186994 -83.8084569966811 21.84047869563135 -61.731179013230914 56.364996447970185 -47.491761983718945 3.205540205419259 -19.067656419020448 -13.298576376460387 -13.423182904513235 -19.985594621793382
601 8414 0.04228934416595476 0 11216.705068028697 -13.60214474266884 11.682137558651835 -48.324146320134446 -32.11731438774497 -98.29247263846212 25.823891844356538 -29.711870366540428 57.527385493124925 -67.8471162561959 -39.61820406903751 -10.15839327195513 -10.645996290681587 -7.356904382202491 75.44401740398084 0.4892452141841049 0.8942027892941775 -99.5689869601141 21.855137198014567 -80.00628321073688 -25.71718945482911 -82.96908858770482 23.371094627247874 -61.51545410642246 53.614899251526595 -47.96894692702582 6.962920246660475 -18.9389058424535 -13.851519102511602 -18.26729133378544 -19.89035402478535
701 9814 0.008004405747727362 0 3477.176060715614 8.140550150688247 3.9949040733782333 -47.723122649743 -60.99913530183226 -97.42708464775741 14.550564518701979 1.1341208879202842 71.4092514933284 -72.43717650756459 -21.48999413772251 -5.874641946687422 -5.678667751988732 -24.11037558410543 65.71804251334869 -1.9816767051681623 -7.317140839768938 -87.16450348483492 11.77193968584751 -99.67969772820578 -25.474920727179505 -77.84924399644112 34.998811723834415 -60.92180837863392 35.18017300063849 -50.868973707579315 32.101877345514815 -17.400864457304404 -17.572850632924194 -49.432926612601975 -17.122395309019282
801 11214 0.003764082450130296 0 3458.2297579142814 8.575349093651724 4.028337658693038 -47.59917002950091 -61.80332923947181 -97.40760720170987 14.554237369318487 1.7698225383829278 71.47958202260858 -72.43585649142264 -21.36536250736908 -5.644010992241409 -5.56971802761108 -24.445622384298115 65.81426256132897 -2.0307682464692025 -7.504825803163401 -87.01477855620662 11.710420759446283 -99.75565190719449 -25.53239630076177 -77.72774062076718 35.252230066929926 -61.101885081453624 34.811126561909106 -50.83887736110258 32.60451305844584 -17.276898529278004 -17.647155796630756 -49.77773428973237 -16.612367962045937
901 12614 0.036776317634239046 0 3215.929678576663 7.660101053797209 4.599555865318271 -47.761321324996054 -64.64604036284936 -96.37429022220438 17.299260120609336 5.795912356128573 70.6094302015764 -71.18567055171192 -23.69478289739467 -4.306666042920631 -4.064934128332942 -23.74051602208251 66.46554679536297 -1.9296408109811412 -7.5169695489472215 -86.52115656463587 11.888893094763475 -99.39044273689332 -24.78408175390673 -78.08502908066919 35.47020782830441 -60.59597388878356 35.58468541179329 -49.313498553352616 31.547114214846243 -17.020099297363736 -17.491819238389137 -52.18175074765912 -13.304709398210788
1001 14014 0.028338469126842215 0 2471.589251667446 3.753131014812701 14.081971832470996 -44.404925791681926 -91.76248746254623 -87.45339894695968 40.88007217034722 31.16927779094504 58.47545609079809 -59.52310773680534 -47.323376692611184 9.840693137935203 5.38787810457909 -20.728838871309982 81.31814282922728 -1.4854426581183688 -8.683877542828426 -87.75717083167233 19.021086280679263 -88.35762486723317 -21.47596494816033 -78.95987499627137 38.942420259379645 -65.18460255541612 38.89960987520536 -36.91260738627385 27.02742679149177 -12.27591242264162 -16.822347955180057 -59.56693650508727 21.78510315957226
1101 15414 0.017148108710164985 0 2447.6133095606892 4.01049367553509 14.871078833454074 -44.16860187324584 -91.57080165665258 -86.99889113609936 40.852298967041264 31.15838326562539 58.29890612076328 -58.42093745474317 -48.03198854252891 9.75090123874634 4.998364242619501 -20.928343072101384 81.81433179579714 -1.5145387031244195 -8.157264703344547 -87.922806059594 19.442931425939246 -87.69066342114876 -21.64726440246444 -78.75294591997252 39.05660386942905 -65.46200674886845 38.68112753827444 -36.731867277683826 27.325792600667636 -11.974741369434547 -16.86740944998705 -59.00530133857285 21.98905246218649
1201 16814 0.06120320068755717 0 2202.7940537261397 4.981940784936169 32.28037484285241 -42.09131331894983 -98.68411557872508 -70.89813051426984 51.57218638784802 52.287641335486605 50.74780214050578 -28.28853049591586 -70.87363064856649 11.373511161527558 3.7701771023133976 -21.67700421530436 91.45116229119994 -1.6240833915320676 2.6494881464785163 -85.21053340686056 24.160851243545753 -66.74779474837305 -20.413772966955076 -76.5904855427192 41.90220339240226 -62.79631642024108 37.85906573048274 -26.96550271162509 28.448910905529768 -4.038072450253326 -17.03402012127748 -63.205757321606484 36.179612729815354
1301 18214 0.03246068666675212 0 2142.561806467257 4.813819552512801 34.64046168571301 -40.42294409627447 -98.35001305970394 -70.16693212345228 53.20329590357996 51.806733832194965 47.946803844878076 -25.231694473759042 -74.43356573372895 10.621578644611589 1.8991169237551206 -21.547106243193234 95.2919387266025 -1.6055882699314177 4.120639148550813 -85.79472542603426 25.929394557900896 -62.229347340258585 -20.931156253135068 -76.14863677395036 42.210284818877206 -64.55482978695908 37.99992734466596 -25.90432400117628 28.255033946454603 -2.6816073207448228 -17.004023956921436 -58.29853933137326 39.517577650061625
1401 19614 0.018423939872540145 0 2084.118562683544 5.059583686995633 32.270660385464595 -38.18047925398782 -98.29888902592079 -70.2301955200285 53.720494055539156 56.22645428640846 46.640103647874106 -25.83661418244581 -73.8966626107957 7.345872423911934 -0.05422710187285711 -21.73658261853703 96.2364436975429 -1.6329407177651392 4.319940661907033 -82.1731533017511 24.19140400961844 -58.46983632212681 -21.10106480791668 -76.04400967309701 43.81348268385848 -64.22737029363378 37.7917754993328 -25.045200565359682 28.539103656821446 -1.5116086714804238 -17.046050139595472 -55.67844519713709 42.82143521288373
1501 21014 0.013407652046776306 0 2056.6489621852224 4.883636579912504 33.255998514432505 -37.54651840262043 -99.26785437486396 -71.34328596403836 52.229080800004866 59.3593098977488 45.94433822919661 -25.153120426286357 -72.67423181170408 3.8674204443943836 1.100858441201134 -21.6010335877601 95.23735236778532 -1.6130966641415885 6.094654446022108 -81.98693639209748 22.397465614006062 -58.65585773509042 -20.07406012013441 -76.66823541693532 43.95298655621775 -63.31930305006107 37.94103314749475 -23.15173341006046 28.335497188036204 -0.5888389250832654 -17.01601585963164 -55.13966848885406 42.88119128903125
1601 22414 0.03973542364406302 0 2026.133902237736 4.8701358090842595 33.71258686301089 -36.43784092253056 -99.68943437497025 -70.85854723364542 49.63718822119663 61.91860336828231 45.603691460764566 -20.383361700699616 -73.11232153782366 0.17435703016151965 0.7402111691817536 -21.59036613092224 91.32821130504315 -1.611448348237664 4.33948264986875 -83.34303812757102 18.907881145017598 -58.28021550942816 -20.219807259496847 -76.55414187579066 45.59701317222517 -57.78033418408608 37.9523634250304 -24.509635627738625 28.319955723520774 4.399755444330741 -17.013664688655435 -55.097804487618156 43.49289373462759
1701 23814 0.041176937463654924 0 2009.503644801808 4.713998630686889 34.74849950820683 -34.861635634772796 -99.95918201029694 -70.43342662268915 50.13496443595127 64.71294003711239 44.97717340747655 -16.953827615151816 -73.50116509938348 -3.644893043878791 -0.04074121186730832 -21.470327029307132 90.04632316563557 -1.5941887874792924 4.888705670337904 -83.50716628789033 15.926615594594589 -58.82534230721208 -20.02685579790828 -77.90078802751825 46.54546931680836 -53.924956379237905 38.08464071020475 -25.832557213890617 28.139413488320134 8.46495647590542 -16.98663198919228 -52.94552886460833 47.263262120463764
1801 25214 0.04036814754347236 0 1990.651150314985 4.868377032076777 34.75465602558903 -34.28883877164575 -99.99991986215313 -72.00188575170824 51.51099241666989 62.33609532653701 43.905080628436956 -12.482364227919026 -75.37259166745456 -7.157668594545183 -0.1060958767614059 -21.589333483935622 90.48830048322532 -1.6113469298131489 5.207627927184791 -82.84009470826722 15.11471012953379 -59.40044098910346 -18.876582057873144 -78.00985434737495 48.60970777332915 -51.453715247596975 37.953621492901505 -25.80356064435977 28.31810822929472 12.38202438183792 -17.01330419486488 -51.96918025295496 53.262620254848564
1901 26614 0.030614979726640172 0 1978.493858267658 4.937262213932612 33.01875878088267 -32.56454968680171 -99.91364396727138 -71.09220416402513 52.07859102084555 60.66981721244163 44.47369751658402 -10.345317555499708 -74.02505891875903 -9.112928025554886 1.3764126796271403 -21.64252646507613 88.74488220591068 -1.619171800873446 6.149358785897933 -83.43010987560473 14.723479330831703 -58.805671279652245 -20.61175856820665 -77.66828768794872 50.55343330642815 -50.06408256681572 37.895487623989595 -25.895275653992428 28.397756960117825 14.509736028219342 -17.025417187738462 -51.471892473802185 57.10999971241129
2001 28014 0.037544779311710665 0 1969.493014668364 4.933447571954482 32.57513382658775 -29.812661183817895 -99.96936322332017 -69.65555989469988 51.6623720261256 57.31837168151046 44.123828854595615 -9.682742762785232 -72.02352465945278 -10.613409875893776 2.074972365224777 -21.639420990960538 85.00009032925166 -1.6186159361181898 5.633181369492149 -82.94620979904367 14.658254194951757 -59.4403960651608 -21.742293641752692 -75.78733351016263 52.20854599992599 -46.954151752994726 37.898659203925604 -24.923707156244063 28.39300805134546 16.21672319154604 -17.02441512873429 -48.65908556778338 58.19672106547481
2101 29414 0.04734009391731875 0 1956.9425195024728 5.046576277101328 32.99263048788428 -23.924199106417195 -99.47316384044535 -70.79327775673823 51.579214205246224 56.57002370710863 45.89406210781413 -8.41556663511302 -69.20657483711874 -11.173470442718374 2.146634930352703 -21.72635414271192 79.15022703307548 -1.6315640444883954 5.252679874533544 -82.80976380087289 16.053940821648336 -58.7033467762875 -24.218488747566276 -71.79517895292813 57.07900891433609 -40.36041714483033 37.802883356490184 -24.756447523483793 28.52381870200038 19.633566700080593 -17.04381254502897 -44.74475488381563 58.37165389311147
2201 30814 0.044089885509864354 0 1943.3975127035956 4.993545412818793 32.99111899139667 -4.783759505646618 -96.67689596476323 -71.1169485898493 52.36927006710677 54.5905828882041 43.99340193813777 -4.263170893961498 -60.1768661699353 -11.76840429645048 2.8306081161647616 -21.685634251541323 64.78794126472096 -1.6255998297206358 6.266613194962828 -82.42300400977179 15.585901428665917 -58.88879643267137 -30.522705617272614 -63.55470938153897 66.43299866426945 -22.674445152502575 37.84797398125809 -25.550984248843395 28.462356671076904 25.80793296857603 -17.034666085232157 -33.52204907643994 57.339681757859104
2301 32214 0.04602405188322789 0 1939.764219474731 5.042724151985574 33.124211542298575 0.40977192568559545 -96.43476475346955 -71.21228058478863 52.67799725513775 52.91781196986983 44.174687462978824 -1.9054333455132038 -58.02784949530022 -12.726304450677302 1.8743022780509524 -21.72359674262775 61.79614408894501 -1.6310825368854047 6.048863238172691 -82.78996834411844 14.38697965944959 -59.120517506915434 -32.29111616408217 -63.427815446365145 69.06982111090565 -18.002389823817712 37.806037833633724 -25.15235699763298 28.51971590699909 29.967520662854106 -17.043173710073514 -31.2203022967122 58.564567519397926
2401 33614 0.047581103524043614 0 1930.8988192529812 5.040744972629276 33.0920879260639 1.9935417146103747 -99.97404181303835 -71.28693428695925 52.83306016232845 51.57201231857915 44.11342534606107 -1.6689470847599737 -54.04951801382378 -7.460060838069123 2.242065143420346 -21.72220234606545 70.18962332337111 -1.6309039934740661 6.047570519185104 -82.66897978356329 10.128497886880268 -58.87109969190166 -36.76730189809609 -75.74393830502066 62.23935057404061 -21.777207960910737 37.80770264408923 -24.984285839567008 28.517276822023 29.61275187994254 -17.042906422515614 -38.44668818902838 60.86190909871353
2501 35014 0.16058292598886012 0 1907.1055107398008 5.121990417732666 32.73471100110043 23.65661526233781 -99.862911635507 -71.28441894673114 53.36696572420174 58.09178571636699 44.703217016124626 -6.0585563388364765 -42.16039268461259 -9.832789004123486 2.7926398216593786 -21.784553617288697 87.9279705290345 -1.640060777512853 6.226608245080768 -82.09175908756211 13.882254297341895 -59.020791645513384 -42.71501384067578 -71.39266495553628 67.47534896730434 -18.2973538905783 37.739296356806335 -25.089736193249458 28.610879126154966 7.243045347789529 -17.056489297727342 -34.9870047897477 60.08684719648795
2601 36414 0.07156657664177861 0 1898.7667573298136 4.841741248175087 32.77061588628355 23.16418819213388 -99.72818361233294 -70.98069760711815 52.15757495927669 58.67663908712929 44.80944403502706 -7.766469097953604 -41.91688397011906 -8.86963163056877 2.0851248225803256 -21.568842744697058 91.08620291280421 -1.6081976324546368 5.684320977685947 -82.23663284195916 14.26923036339121 -59.08869527930122 -40.970067903110476 -70.18625971400073 67.42621284455824 -17.418613215281628 37.97660561978475 -24.988001801405265 28.287141155638437 5.3812773846401045 -17.008913932468406 -36.438892578984685 62.93856482482721
2701 37814 0.08658572177300544 0 1874.2000268473535 4.914315283251856 33.31816626908526 19.141376101631835 -99.99618150149496 -71.11812747291907 52.23269837488833 52.06013846537459 44.267312173539686 -24.552125285523132 -27.27491654527875 -8.231556633894378 1.7400309084752572 -21.62478172202975 93.62647093754609 -1.6165816265630057 5.8832757301386644 -82.86998402538413 16.04611320006394 -59.04766800130008 -32.77740477328033 -68.37440577659709 60.15342876410446 -10.544221171024583 37.91493597887751 -25.283023776219963 28.370866963010613 8.477257360390587 -17.02122157870685 -42.88012616638136 58.532717179474055
2801 39214 0.10312372689095052 0 1870.576430220762 4.982992851164439 32.96973590545214 17.287889755708427 -99.72240489519423 -71.37082221196016 52.73042325178169 52.26978466516163 43.981906315055035 -24.536978716040064 -27.824530322403092 -8.827670776216836 2.2310450898199607 -21.677420744499596 93.67076288102854 -1.6243433206990359 6.071593101248136 -82.70689979799032 19.935810133884715 -58.698507760310974 -27.27910114690782 -67.91447931393088 59.06573593386214 -9.650194275486912 37.856852419289055 -25.108617740471445 28.450267739914086 13.642522019205673 -17.0331214956296 -42.3781153126935 58.732226825173555
2901 40614 0.10419103583249897 0 1862.816115187025 4.947090163866476 32.85920548714751 23.154669796424425 -90.84516101625418 -70.77367084014537 52.304638395836015 52.817722940135184 44.753031172083155 -19.44256537261502 -27.364202332269947 -9.462342968434834 2.404300696142701 -21.6500231936067 89.10458211647959 -1.6202896389008101 5.991564688047023 -82.65042352805911 35.06346546316633 -59.04612215260141 -13.142390319309175 -64.39089998717441 61.737435977924406 -0.8100957846804547 37.887297570714594 -25.062056824899642 28.40894361457254 29.63007259780607 -17.026852009940594 -31.685681570973617 62.219706748734886
3001 42014 0.09704188183148789 0 1857.8607279620787 4.942743637757826 33.148782842479925 27.97926471326664 -91.67759842516942 -71.08223049401204 52.42131566386353 51.89532944778725 44.36338053197828 -19.821076349650696 -21.937487758386872 -8.697492201703277 2.036613522910913 -21.64683415377234 88.34645726260538 -1.6197351241717801 6.018964172961974 -82.81332798110144 39.96770524570989 -58.94956381163988 -7.014402700676764 -65.92460642904499 59.34093087961678 -1.4470638931681685 37.89082957088513 -24.856136128951526 28.403894335792216 22.453313137135645 -17.02602868732468 -33.09028970967049 62.30727972837129
3101 43414 9.075305592685106e-06 0 1857.3855164863444 4.945259005930921 33.113803812697455 27.075858962089637 -91.77256590134013 -71.21191716089092 52.463427220416825 52.104381993770076 44.33260289699607 -20.21744175253805 -22.23471860734773 -8.682644421514247 2.0483488508328747 -21.648533882149557 88.8838190434017 -1.6200457291096892 6.006419392368348 -82.74387560372195 40.07647262761128 -58.73871412096304 -6.632450225860497 -65.86624608866157 58.976956092021524 -2.0147638818020885 37.88871374844942 -25.211800478359486 28.40679862653552 21.524774834478507 -17.026473456928485 -33.561111306556505 62.17385918478702
3201 44814 2.3749603239384052e-11 0 1857.3849361998628 4.9452611827117465 33.11380676508247 27.075846392006287 -91.77258520925423 -71.2119319178615 52.463438254628315 52.10439868360089 44.332594004796356 -20.21742207179046 -22.23473968025851 -8.6826433668465 2.048358571136343 -21.648535548568972 88.88383170685633 -1.6200459694583762 6.0064144829452735 -82.74386131413966 40.07648400531492 -58.73870463140034 -6.632420140982866 -65.86626208636636 58.97694143425801 -2.0148436461787607 37.88871189523766 -25.211775611630994 28.40680112836327 21.52466961896995 -17.02647384249908 -33.56113853446833 62.17386685955072
3211 44954 7.932306328649708e-12 0 1857.3849354795047 4.945261182693481 33.113806765099476 27.075846391965396 -91.77258520926726 -71.2119319178471 52.463438254624954 52.10439868362824 44.332594004808925 -20.21742207169824 -22.234739680331025 -8.682643366918967 2.048358571169613 -21.648535548554946 88.88383170688832 -1.6200459694562725 6.006414482970461 -82.74386131410556 40.0764840052368 -58.738704631435326 -6.6324201410465875 -65.86626208645919 58.97694143422929 -2.0148436462493913 37.88871189525335 -25.211775611611646 28.406801128342153 21.524669618836644 -17.026473842495953 -33.56113853447283 62.17386685948788
