% # columns="iteration, evaluation, void, void, void, xmean", seed=40, Mon Jul  6 00:57:10 2020, <python>{}</python> # scaling_of_variables: 1, typical_x: 0
1 14 0 0 0 34.594527958365546 -23.70528111545144 15.945712094758346 -7.044316927782728 2.385668501411704 -27.2552111211084 -24.11527179128727 -20.75633134794153 -29.231302001064552 17.839392470419178 -27.235322836582437 -10.314272998487173 18.365992824566476 -40.70854583491362 -13.854191233575179 3.7308133865554036 38.48443999356314 6.957987604674725 16.16927443522156 -19.897994117701227 6.015831229506874 25.75550149803307 -24.827357930879447 17.13459921317391 20.31707820965249 -1.292121453597428 -12.849205061965343 -22.84768452338217 -45.31867824791331 -1.903964293780739
2 28 0 0 0 25.511772808357208 -20.236644579423267 43.50520733173892 29.388308828202174 10.57338164438109 -55.04237454803584 -61.730383491291974 -21.29094223622771 -32.25531287727703 21.578435357529955 -11.849908838750592 15.666894425711991 9.916312538007023 -47.22259645985645 -21.282935027900425 -38.439174622663856 30.581077345593684 18.70705342017483 22.57613414095702 -9.761155346316862 8.043780620233093 47.031007161150676 -20.075738667256335 31.92411722013055 33.04446067597276 14.10259557058428 -16.010081369255833 -22.945837002207014 -65.92609568121202 8.790895818180674
3 42 0 0 0 34.90345337753633 12.755580764996434 43.04016382189648 42.516405968847984 10.540660299284054 -58.30295183490424 -50.000245726858246 6.8225197051866004 -33.39679598140555 35.8214751124831 -42.33677731269455 -8.805841106282383 9.332096121516468 -51.78385859533733 5.507560118963681 -3.17891153404495 10.287050831904956 47.21050825556591 34.84709201933345 -5.157132761888487 11.649914967705175 30.996909083029013 3.209114802498817 37.97979410528812 -3.1583242156762097 4.338534713901334 -11.045243542348642 -6.694220754267892 -71.87806585823711 0.23464259063872817
101 1414 0 0 0 -43.556595565347976 485.1539940943474 -86.93083712795712 75.29899097365009 132.2829953221663 -153.84228539830826 -381.6784079664984 -59.20575228133286 -39.28507016114713 13.827847108947928 189.22947838532656 256.4136938535292 -381.1238420808617 48.57183591767533 -0.7698229611092131 232.37986257435932 -129.07130806445258 407.08159928564896 36.103823028103605 -186.4649696581784 152.18562014378477 -68.2338322080378 -48.37212430217658 -29.81164849720778 -144.4185709867119 220.05864219310752 195.59738825221112 24.89707311088656 -170.8093143325503 20.592787988782504
201 2814 0 0 0 -19.70175464049156 384.116455571915 -75.1436562970694 -63.42282866483261 65.42001219731702 -254.04550123852675 -266.5213496452837 -213.18426184194175 -80.976422944249 -7.658789009190641 61.52554892246285 331.4397020847996 -301.818411373335 60.53095708493116 211.21961989300374 68.79813331125955 -42.13637423298161 353.4264809646868 34.16284114832359 -140.30869315476775 167.14556556589577 -69.87018002793234 46.59780631317016 -91.48587893001466 -212.37602912674606 228.62478938699627 182.37325306292325 -25.169032220768106 -208.02850632945524 19.70860310526716
301 4214 0 0 0 -16.19257088315941 335.89918895777856 -34.51229773953533 -64.16265613119361 101.96975266252387 -227.09307120445817 -272.70472470480155 -182.28113241998554 -43.393822267561006 18.319258148594756 99.6160273326593 393.7850212879588 -250.37627316441032 42.0771827633269 113.72480752502393 69.38273093747586 -45.787131742653486 337.88975961050227 7.4910623798204155 -169.9566612388764 188.7524847781789 -31.218014139457583 56.95262157419734 -65.10333198825586 -233.06521749438056 284.61999283976405 235.99853426389737 -36.584859678851934 -176.87135331478234 73.45715370213502
401 5614 0 0 0 -39.838993833191786 307.41838782790313 -18.89839420194803 -76.40110651135892 101.36186437621757 -215.70308274800465 -277.8092855420101 -176.723680944651 -36.754256200477066 24.27781167395748 96.20341367495293 376.3119550819702 -235.90452025307727 31.493553522963317 138.34876256821423 77.8411419282272 -60.63412050608829 346.1607037356536 12.574675273391009 -183.34602405042094 191.7697810140064 -40.46186052825808 40.036753115449876 -57.02982774022976 -229.54539977280183 283.9873699048052 242.64568392397115 -10.857145155505375 -178.61625255805535 73.87435922701034
501 7014 0 0 0 -36.59479251556272 301.2619121702579 -9.225235282530363 -77.8854452672961 98.99810791144652 -201.82858402646846 -279.6915822733995 -174.8941443290784 -34.466940198133386 27.612694776570372 104.15457762919819 380.20824575724606 -238.69689028300817 25.170112603680266 131.07808055831956 79.45338121783988 -64.62459395243071 352.791595297818 8.134261511452497 -186.7630157561471 185.05519089102395 -30.0425835392994 44.12705938134677 -36.27161537323431 -245.6961687427214 290.0130553607588 239.30845859132938 -20.12193074664219 -179.6950895495765 79.92240680398743
601 8414 0 0 0 -35.43413993377047 287.6665461997688 -6.334898371761951 -82.41976636057551 94.21923434279024 -197.97286255712842 -278.9044143978242 -174.34054970498778 -31.20596775008201 31.858406360628976 100.920674090205 383.14613922992703 -232.37285069221667 18.647876760632954 135.5325847015522 80.04874785879379 -73.15446571890325 350.5391337017921 10.129206157864745 -188.13349168553808 184.33092625065228 -34.95955390827585 43.90890478997085 -25.556244045324792 -248.1316477728873 293.83699486415725 239.88081167617614 -22.410690667853856 -171.68227289003943 80.7130862684662
701 9814 0 0 0 -42.2963348283311 277.878004645884 -7.5710387968839035 -89.86192358019788 85.7980619895952 -190.88373168351202 -266.69453893550065 -174.2627184913739 -25.38467395427684 39.51009825393413 102.49551893098918 395.45364221391327 -218.6739861658414 10.874502977533336 136.37028989447865 86.6508387850736 -85.97959371717677 343.101884668151 22.13297968890237 -179.1391513244783 185.8959887730651 -28.262348428952965 40.62209090643537 -16.14455200859526 -251.9365571224998 300.96246240629085 242.43709881417232 -29.43482761674853 -173.67644013067877 81.24422562243996
801 11214 0 0 0 -27.043714979663612 273.7614779150732 -32.28500390534342 -95.99122214746153 70.09627057338713 -195.34947320445895 -251.954903980269 -185.72989590808413 -28.587108534208994 36.06499767412619 104.56093060033776 408.96643116733486 -198.09089036048502 30.56497514232054 138.50880865514983 78.92869811914538 -84.53287744553 319.54969782281785 22.980605120477772 -194.72726711167226 221.39949490687843 -60.633925642172294 32.46895120360625 -12.187524142333302 -245.40369765742744 337.37578466681094 259.28621523278406 -20.619026507823282 -193.79779937305233 92.33997796491958
901 12614 0 0 0 -24.507567893854407 270.5163907944071 -43.31330507904299 -102.80554021991584 61.41629056915528 -196.6259422379312 -243.88704181787182 -191.07448264014258 -29.161794864325547 35.58263580979241 108.71656434586282 422.61455366791847 -185.9893061151189 30.10229392074741 144.52046652049592 75.33409669717055 -85.24536110309745 305.74911446879514 22.52465033396046 -193.5822791237657 239.04620873694876 -69.67919047605996 29.350096642857753 -6.39543457873172 -249.12464909700506 354.47881703321497 268.09684158528427 -22.56408332070326 -205.2347141570272 100.92544131146828
1001 14014 0 0 0 -22.22180305075262 272.9281104595349 -44.71814668151101 -101.58878327513399 61.636169389171805 -195.1303371124718 -242.50405193968012 -191.15275115997164 -29.404997101673715 35.29773465114712 106.43978701102095 421.5316191776582 -186.2838569932301 29.817322802659987 146.60154175955546 75.3632805813842 -79.91420723143229 299.80212802334273 22.239845784886807 -195.38119356456613 238.90565701057676 -68.78177410463326 31.39842046539693 -9.873850551322711 -249.61632990236996 356.5455397323168 267.9002740506836 -20.95922344671836 -209.3283761051134 99.13770110948161
1101 15414 0 0 0 -21.85359252366222 274.32636481584467 -47.478549084028785 -103.23030942963399 61.75974283042699 -194.50600302655505 -241.95824104138964 -191.07958791391812 -29.393189751423858 35.31075475546822 113.45747704058331 425.55425071846935 -186.55507451151087 29.559198240210474 147.61532080315004 70.93241266723524 -77.75239583050795 299.7049029681875 21.804865427185565 -193.1611554724139 238.663768015094 -68.04328198283794 32.14838875081984 -7.683415633554733 -248.6328244875584 354.8537506997875 267.7849925978252 -22.67132250665364 -209.05806732561132 93.45516853132392
1201 16814 0 0 0 -20.655184050679054 273.8461473683948 -47.94950564679972 -102.31440532648699 61.65274698826355 -195.26803297682605 -241.91690638876955 -191.17897976723003 -29.440849339775102 35.252356605577084 115.14354320033699 428.13465930384444 -187.80075718858947 30.26357863112715 147.35477894819456 70.7597164110046 -78.0258596475934 300.39497410015844 21.921434883873616 -193.22770862036472 238.94916806694667 -67.842086745762 31.650662300275517 -8.802832325151263 -247.74842991431424 356.1563586039041 267.91145005186627 -23.188726854172337 -208.86335497405864 92.06972701551992
1301 18214 0 0 0 -20.652113240290696 273.4760758577685 -47.95585433764518 -101.98887538193242 61.6661434571883 -195.22697340214813 -241.6690855639502 -191.16390922593524 -29.43263807985534 35.26141405424629 115.09238006197754 428.0457402313043 -187.70002983780182 30.269541263145747 147.60168231131019 70.76033444244419 -78.13741862344033 300.65425591662427 21.842194527595343 -193.3527128843234 238.91732051637462 -67.67631382315679 31.48903943080617 -8.706775632791484 -247.77994969918913 356.3010170047799 267.8997194247779 -23.190403990126278 -208.84726531184313 92.00191250380324
1401 19614 0 0 0 -20.626770993640207 273.49149084155334 -47.955172316530515 -101.97757305780469 61.6678563455654 -195.24284593963637 -241.56904519315043 -191.1635665795442 -29.433435941348836 35.260142630793396 115.14839595894355 428.1604074847231 -187.75637099666773 30.261814039493583 147.59844499665138 70.76500863473534 -78.05750523286811 300.6945698567563 21.805957070266263 -193.2990814342984 238.91762928959622 -67.67443206088373 31.48489232164935 -8.628983100136624 -247.70850189115916 356.30608099006486 267.8998738838715 -23.314696329090676 -208.8480452678437 91.99162269095457
1501 21014 0 0 0 -20.643040564832454 273.4881877046901 -47.95430773710422 -101.97880373013945 61.66829450247149 -195.24251390720332 -241.5794791711491 -191.16326997687912 -29.433259625073514 35.2602784439778 115.14238694029288 428.16822938293353 -187.76254430168183 30.262413307865646 147.60092773458618 70.76677797674118 -78.06528575254744 300.71243772364454 21.810445030426038 -193.29588950154067 238.9172028092272 -67.66384139748887 31.484821147370692 -8.625193099808289 -247.69570983801478 356.29780554782116 267.8998720937188 -23.315059989786402 -208.85171585725774 91.99528544185067
1601 22414 0 0 0 -20.640378867199903 273.4880997706685 -47.95457469879338 -101.97748766436244 61.66827091000911 -195.24272932501376 -241.58139762744355 -191.16328103355042 -29.433253538308886 35.26029063193329 115.14334660704827 428.16892120796814 -187.763117938629 30.2620431132418 147.60119331026985 70.76647656228882 -78.0650457949892 300.71252357213046 21.809105763855687 -193.2986353798166 238.9172125856853 -67.66250368324212 31.4852645371168 -8.62531884613815 -247.69798675236098 356.3003075681031 267.8998775107413 -23.314101709056374 -208.85171729687428 91.99419594391608
1701 23814 0 0 0 -20.640471590265815 273.48814270064696 -47.95468111718236 -101.9771311341312 61.66827425361654 -195.24296416799098 -241.58260221903436 -191.16328083160855 -29.433255717001135 35.26028748415033 115.14356875409473 428.168437078878 -187.7633468855587 30.262179688490647 147.6008915228656 70.76634926892659 -78.06584171392154 300.71285615078904 21.808600537531063 -193.299359364143 238.9172138661613 -67.66241308358563 31.485779492765786 -8.625164523278357 -247.69850129456574 356.3005760349996 267.89987824064417 -23.31352578874887 -208.85109294378938 91.99495960123518
1801 25214 0 0 0 -20.640872067206047 273.48830757559915 -47.95451839218843 -101.9774015373699 61.66827427354709 -195.24296564848476 -241.58302986738116 -191.16328096019785 -29.4332564968184 35.26028741162214 115.143386772979 428.1682664987465 -187.7632010558845 30.26241968111219 147.60069970779347 70.76661155911054 -78.06610515454395 300.7127808453552 21.808279070722794 -193.29964480282786 238.91721365033726 -67.66229330827622 31.486007076500737 -8.625058236351189 -247.6986389579129 356.3009176775634 267.89987778455736 -23.31357912651701 -208.85116003233958 91.99545012612595
1901 26614 0 0 0 -20.641294878447173 273.4889246656662 -47.95443185870789 -101.97716005537926 61.66827378013999 -195.2432974380694 -241.58391171575573 -191.1632813394346 -29.433256490771253 35.260287580827324 115.14267488602206 428.1681201582191 -187.7630053503887 30.26236592620831 147.60085353506383 70.7665430675817 -78.06713294445527 300.7120679019089 21.807868307716458 -193.30041080582257 238.91721358458207 -67.66234617918892 31.486146744618374 -8.625174558073706 -247.6993308007845 356.30181218976423 267.8998781331762 -23.31360512722577 -208.85114615069068 91.99639285155021
2001 28014 0 0 0 -20.641945798332557 273.48944574324867 -47.95446528693141 -101.97734980277453 61.66827396101312 -195.2431575895359 -241.58411190531726 -191.16328116224815 -29.433256145796303 35.26028771596787 115.14260500689511 428.16792683789964 -187.76288681912087 30.26236057471271 147.60160550931175 70.76632918156756 -78.06765992006113 300.71170305091044 21.807623254803406 -193.30110943720294 238.91721351487837 -67.66217773836641 31.486415400951962 -8.62567661796118 -247.69902536202736 356.3028484629793 267.89987794703757 -23.313602844062675 -208.85125258063033 91.99654059951904
2101 29414 0 0 0 -20.642350954992015 273.48944822036094 -47.9544943253121 -101.97743111250495 61.66827393458457 -195.24311074928468 -241.58423409713856 -191.16328117940589 -29.433256333092647 35.26028758653749 115.1429168203752 428.1680688817835 -187.7631877153835 30.262403440449322 147.60179524657119 70.76634746504276 -78.0677070425597 300.71170271576545 21.807184764922575 -193.30104097155228 238.9172134906524 -67.66218225185666 31.486364352801793 -8.625660427649171 -247.69855445305302 356.3033311719735 267.89987784264395 -23.313692059097818 -208.85130896383836 91.99635650175532
2201 30814 0 0 0 -20.642387253958045 273.48945358389534 -47.95444241255261 -101.97744605264559 61.66827386648764 -195.2431360331303 -241.5842497017402 -191.16328117034564 -29.4332563598676 35.26028751890585 115.14289934307563 428.1680206441388 -187.76323580855959 30.262400492639408 147.601755284062 70.76634178874276 -78.06770845625782 300.7117771942133 21.807150175405848 -193.30101061365295 238.91721366607555 -67.66221278103292 31.486291341888748 -8.62566533607097 -247.6984684006334 356.30334797732155 267.8998778822311 -23.31364712761652 -208.85130119036276 91.99639525269596
2301 32214 0 0 0 -20.642355217557974 273.4894174375944 -47.954445146349144 -101.97744416479902 61.66827387146112 -195.24315200825782 -241.58423898205373 -191.16328117452258 -29.433256360639295 35.260287502769074 115.14287055170243 428.16799368318414 -187.7632297150994 30.262402270436315 147.6017057053122 70.76635382607483 -78.06770845176817 300.71179293423825 21.807146720804557 -193.30098840521828 238.91721367503533 -67.66221820839426 31.48626371502725 -8.625648104860444 -247.69850695313266 356.30329780438547 267.8998778868869 -23.31362406414615 -208.85129312148032 91.99642202298608
2401 33614 0 0 0 -20.642353810320408 273.48942124722316 -47.95445017055048 -101.9774392714335 61.6682738732262 -195.24315321202153 -241.5842480432729 -191.1632811773622 -29.433256366145123 35.26028750211044 115.14284971127258 428.16800988521965 -187.7632199099034 30.262397857347974 147.6017238992201 70.7663475292387 -78.06772795320889 300.71179083419 21.807144235135908 -193.3009878785954 238.9172136739155 -67.6621976525614 31.486242602642253 -8.62567704112625 -247.6985168687551 356.3033056338604 267.89987788584614 -23.31361240965628 -208.8512898945486 91.99644593733363
2501 35014 0 0 0 -20.64238385956992 273.48946406685656 -47.95445931472033 -101.97744085257992 61.66827387105684 -195.24317648668708 -241.5842619044803 -191.1632811763014 -29.43325636604892 35.26028750328479 115.14276993795032 428.1680490732073 -187.76316759037 30.262388009262814 147.60175225308856 70.7663344752748 -78.0678224765438 300.7117808491254 21.80712088225687 -193.30092906317083 238.9172136745652 -67.66211871427682 31.48613831954326 -8.625780616636973 -247.6985310386729 356.30330867507723 267.8998778853205 -23.31357327590564 -208.85124730803267 91.99653467000921
2601 36414 0 0 0 -20.64238369861988 273.489546574379 -47.95444624629365 -101.97744666789467 61.668273867669754 -195.24318405296052 -241.584164969678 -191.16328117399095 -29.433256363723668 35.26028750419777 115.14276215504425 428.16807068348453 -187.7631587101106 30.262375683550765 147.60170919258715 70.7663399201756 -78.06788876403306 300.71187394535707 21.807056035705184 -193.30072187039204 238.91721367018872 -67.66198283330148 31.485785642380108 -8.625805078700783 -247.69846912115588 356.30331107516025 267.89987788724324 -23.31347931193762 -208.85124263030013 91.99652976637901
2701 37814 0 0 0 -20.642416585695948 273.48967624116904 -47.954466586971215 -101.97755655782046 61.668273871619164 -195.24314631399326 -241.58421117229676 -191.16328117647774 -29.43325636408606 35.260287503003994 115.14278651072571 428.1681644168613 -187.76322530633988 30.262382335087146 147.60165159565648 70.766342535566 -78.0678917277896 300.7120611699549 21.807034674644385 -193.30081459137 238.91721367372722 -67.66177514084201 31.485623955476157 -8.62581287402285 -247.69845992924607 356.3033499466832 267.8998778861579 -23.3134024028187 -208.8512683383464 91.99648833346032
2801 39214 0 0 0 -20.642392455445524 273.4897318377832 -47.95447963645533 -101.97757756435567 61.668273874143814 -195.24314241998994 -241.58422895705868 -191.1632811768161 -29.43325636322917 35.260287501589836 115.14277122324447 428.16814156803247 -187.76323976522818 30.26237944070625 147.60160966630716 70.76634161601115 -78.06789293602321 300.71209153972393 21.80699837240204 -193.3008640794173 238.91721367321807 -67.66173854138104 31.485584219581522 -8.625773078510012 -247.69851134689495 356.30334422976114 267.8998778853294 -23.313384109032324 -208.85127126605602 91.99649692109637
2901 40614 0 0 0 -20.642348962665345 273.48979218975967 -47.954494728589246 -101.97758972098717 61.668273872651895 -195.24314220794292 -241.58425858609948 -191.16328117697125 -29.433256363759902 35.26028750236479 115.14277201968648 428.16815011468503 -187.763274840421 30.2623846246562 147.60159074557112 70.76634206683269 -78.06788232895961 300.7121427215316 21.806966430436436 -193.30091026683976 238.9172136755307 -67.66173113647574 31.485592795882763 -8.625753972754216 -247.6985362513545 356.30332635184556 267.89987788594414 -23.31339384879704 -208.8512741753102 91.99644962035585
3001 42014 0 0 0 -20.64235058953905 273.489799514739 -47.95449186002812 -101.97758485611534 61.668273872562764 -195.24314153738428 -241.58427267797222 -191.163281177067 -29.433256363953152 35.26028750247383 115.14275691314631 428.1681544418897 -187.76326836738164 30.262386939109515 147.6016052612223 70.76634487824657 -78.0678748604247 300.71213652056565 21.80697151605319 -193.30092950972517 238.91721367532486 -67.66172938830044 31.485580290220746 -8.625755950089376 -247.69853604704002 356.30332448561904 267.89987788646886 -23.313386432433187 -208.85127209562032 91.9964424145971
3101 43414 0 0 0 -20.64232574052066 273.48979552956877 -47.95449372891738 -101.97755048072258 61.66827387267305 -195.2431437823133 -241.58431234395024 -191.16328117692095 -29.433256364127537 35.260287502490534 115.14272913709797 428.16813428139415 -187.76326495491898 30.262386093416307 147.60163755705184 70.76634743063433 -78.06785264849768 300.71213290744265 21.806961606762417 -193.30099297920106 238.91721367524917 -67.66172364418075 31.485570309211578 -8.625724584241143 -247.6985390651025 356.30330262294643 267.8998778866101 -23.313365344009036 -208.85127121887845 91.99642226156966
3201 44814 0 0 0 -20.642309993787425 273.489785288476 -47.95449199739293 -101.97754617449317 61.6682738726381 -195.2431409620027 -241.58432425143783 -191.16328117712598 -29.433256364135023 35.26028750246074 115.14272824969157 428.16813588299226 -187.76326583886407 30.262389054868173 147.60164801169586 70.76634329601245 -78.06784697475113 300.71214854583707 21.80694432127813 -193.30101214271536 238.91721367536215 -67.66171130565654 31.485554889240728 -8.62571873003753 -247.6985456303904 356.30331599152464 267.8998778864076 -23.313353194620998 -208.851268464562 91.99642644745275
3301 46214 0 0 0 -20.642300791015792 273.4897790569366 -47.95449075389046 -101.9775479422686 61.66827387253907 -195.24314059749867 -241.5843239513101 -191.16328117710043 -29.433256364232513 35.26028750241786 115.14271610900049 428.1681586584653 -187.76326396857812 30.262389551983595 147.60165906390446 70.76634346351707 -78.06784253305113 300.7121700510232 21.806950269386885 -193.3010185958317 238.91721367533106 -67.66169955806966 31.485556082811 -8.625715598456651 -247.6985514499096 356.3033235049005 267.8998778865636 -23.313359119485632 -208.8512708741419 91.99642898508046
3401 47614 0 0 0 -20.64229502984798 273.4897793099145 -47.95449081038694 -101.97754918229842 61.6682738725308 -195.24314098935307 -241.58431789456984 -191.16328117711424 -29.43325636415172 35.260287502433194 115.14271417119788 428.1681679093073 -187.76326319731558 30.26238999358832 147.60166106631678 70.7663441556079 -78.06784433945492 300.71217729727437 21.80695102085183 -193.30101680451688 238.91721367540396 -67.66170289306575 31.485561486029987 -8.625717934749005 -247.69855297431175 356.3033287665614 267.89987788657675 -23.31336498858491 -208.85126957298718 91.996428076834
3501 49014 0 0 0 -20.64228473409881 273.4897787397141 -47.95449097219673 -101.97754419349071 61.66827387253958 -195.2431417476364 -241.58430991776538 -191.16328117710674 -29.43325636416825 35.26028750244003 115.14271543980394 428.16817320031436 -187.76325894595146 30.26238969059859 147.60166166449008 70.76634514658792 -78.0678428990781 300.71218115752396 21.80695170976971 -193.30101975048183 238.91721367538065 -67.66170230929484 31.485562114570556 -8.625712439470504 -247.69855451371686 356.30333517264876 267.89987788657817 -23.31337243280846 -208.85126850570728 91.99642305132465
3601 50414 0 0 0 -20.6422845557626 273.4897829342211 -47.95449116106581 -101.97754506679054 61.66827387253826 -195.24314215078525 -241.58430815352725 -191.16328117710512 -29.433256364164972 35.26028750243592 115.14271757965459 428.16817416621075 -187.76325697399034 30.2623899005547 147.6016639727031 70.76634430129047 -78.06784155069626 300.7121796864415 21.80695129493273 -193.30102275808488 238.91721367538602 -67.66170275508622 31.485562237063732 -8.625710600549368 -247.69855458875875 356.30334018881905 267.8998778865701 -23.31337566614746 -208.85126876737135 91.99642327058463
3701 51814 0 0 0 -20.642287226449863 273.4897836716026 -47.95449144817691 -101.97754514083934 61.66827387254331 -195.24314220388575 -241.58430891932326 -191.16328117710677 -29.433256364161984 35.26028750243523 115.14271899878746 428.1681768132588 -187.76325468492658 30.262389995369723 147.60166544629018 70.7663442865855 -78.06784086403175 300.71217987923507 21.806953393371362 -193.30102219862965 238.91721367539142 -67.66170030891854 31.485561198068453 -8.625705616067572 -247.69855353405404 356.3033396665729 267.8998778865701 -23.313379568684233 -208.85126839121907 91.99642716471702
3779 52906 0 0 0 -20.64228867817715 273.48978386915996 -47.95449164743807 -101.97754548828985 61.66827387254121 -195.2431423000145 -241.58430878639584 -191.16328117710657 -29.433256364164208 35.26028750243675 115.14271882292046 428.16817761427154 -187.76325408258677 30.262390021286404 147.60166611987793 70.7663444248313 -78.06784106369406 300.71217973686373 21.806954499716408 -193.30102087115273 238.91721367538696 -67.6616992507415 31.48556083412368 -8.625705408710743 -247.69855255055234 356.30333887767506 267.89987788656737 -23.313380583178187 -208.85126844256524 91.9964275733869
