% # columns="iteration, evaluation, void, void, void, xmean", seed=40, Mon Jul  6 00:54:41 2020, <python>{}</python> # scaling_of_variables: 1, typical_x: 0
1 14 0 0 0 33.84253057721616 -31.5671437041704 19.49285884461077 7.167852994780537 27.230958109240873 -2.9634656434369977 8.790691682361835 20.082161194719472 -32.452705371626685 10.850531090544925 -48.10176530057691 -22.841747764891107 5.2751953481321605 -31.329978566726908 -5.698216875841869 10.119317010244448 2.9451932046294287 -3.456569242053833 10.553363977945109 -13.68971597836136 -10.57827115845224 16.056446363762863 -45.16354078178122 4.673924580930354 -20.332297278210085 1.6746133846617157 -10.88721936822961 -34.153124105127446 -74.95007469648544 13.736810578873268
2 28 0 0 0 33.997772463385466 -30.410581896909967 9.179559542579955 34.43153110888992 33.40814653087059 -17.35440220434604 -7.041072628528848 21.504591309412923 -47.73987029222112 7.139548962322944 -74.69970301290188 -49.69867871835623 -22.284594222482 -41.98477822895462 6.841781126582916 12.20761634678204 -14.830181079005829 40.349479326093416 6.294542258929785 6.186147118674469 -45.04700928686201 38.51366209578921 -38.27132758882137 15.527355214250933 -6.5368573077288055 -25.93469351538643 0.9868939686306923 -14.794111866892614 -28.208978752768893 53.62185145456352
3 42 0 0 0 46.807138405507615 -27.66873476658879 12.751579635947152 10.612569571133012 41.424558459824844 -34.40713461440757 19.93334536279105 25.01865849264291 -65.23913000484895 52.78665055211575 -73.54102633496632 -39.144078154838084 -1.2060297361460606 -19.136613446985006 -4.818792469726503 8.295974971426718 1.1836667545931903 35.462137638387695 26.86496041058964 15.834106242477443 -72.72436006384126 53.57160355192036 -27.143030397241127 43.522775859747085 -7.522164872964459 5.272399268742944 42.38465501200939 -32.30436262284078 -39.32728040486026 62.1561871736185
101 1414 0 0 0 63.186379301802745 -9.940314617462745 -48.70567232613359 31.010707171003926 49.157699378473914 84.51742371545761 -37.514710954061655 0.4733085468133693 -131.1159363280912 114.10729315370911 -56.68162457498748 -138.7225851519992 109.50207789851062 9.906461813466663 -44.126246613809656 30.097597576985983 -32.222334116098125 44.937002866829175 54.66181723067087 41.57656380268447 -84.89112596882583 0.2713710640715853 -33.80379845335846 24.291822015505605 143.90549493342104 6.664627189364201 107.77352528847821 -108.26482923091264 -243.75058020541874 143.88685369964873
201 2814 0 0 0 61.31133818271355 -14.77435200820527 -38.24032033118195 27.241611429175762 25.37336305991474 89.84532896617901 -35.991054358530135 -1.547197149238723 -137.54367559230334 127.82069485929047 -56.83821040890702 -139.72432624995398 100.50461467022795 -11.882776387671068 -39.07894936822536 32.48452611307734 -33.995763262186706 43.092734096188295 52.296332079143475 42.877046455943415 -90.60211272615248 12.861773823964187 -38.71266818223869 26.13188796245923 122.7455762746091 12.037217157650582 97.91402408842585 -136.73077047180308 -231.56428753357363 144.02499778406647
301 4214 0 0 0 60.555974784379615 -22.910416963616225 -19.737817133807358 27.26109635316765 12.744075377819762 101.3128309751682 -35.56812324459529 -1.1664816239353721 -127.53628008122425 144.340981845265 -56.9973488537886 -139.6135201138707 97.28664291241209 -37.60620539742403 -38.30334802503106 32.688157201444405 -53.67874036833998 38.07645352784734 52.3336303219548 42.791245366614405 -97.47099941479277 8.828354400857329 -38.68171290912445 26.859193860478953 128.47300397878507 5.994653504129105 83.72463791395982 -162.0408314386914 -239.85898707731857 144.1901671725606
401 5614 0 0 0 60.51526174000732 -21.800608062438354 -19.95851825548472 27.02568395279861 10.193252398094026 103.60775522292255 -35.533343978422494 -1.344784822985647 -126.19739230738823 144.23655406551276 -56.931096406403675 -140.0415969207367 98.33498649209888 -40.45003981188848 -37.66519384916404 32.85609425641021 -54.72648830122429 37.38798313790764 52.04375893449831 42.67598662001456 -97.94118879130144 8.45046500315494 -38.981301053734214 26.965231180214168 130.2435978812687 4.641558678053056 79.68637287559406 -165.89655336368932 -239.2319782622104 143.9072598425728
501 7014 0 0 0 59.66403173707644 -21.42905389052812 -31.709640927291552 26.199805338443184 9.637297583874968 113.37746613510011 -34.292410568508636 -1.8572629113596517 -120.13931562628663 136.73533346187668 -56.90491305785379 -141.42102685404885 103.03848255769049 -51.05973422918803 -34.208181735163876 33.96790155543357 -57.53273424237897 36.93020746757162 50.87478636839502 42.66553611089402 -98.16109958677225 6.592353195292868 -40.557949317489246 27.849022990599973 142.25522276919423 4.090297042191756 64.90487719559856 -175.8623420991462 -234.5835795669576 143.36144273806363
601 8414 0 0 0 59.336222251409474 -21.02868009171481 -35.273301275800485 25.895677126869117 9.904489996513812 116.83862504134851 -35.3877772693977 -1.9881881176897287 -118.02365844366554 133.6367693189704 -56.78503520898744 -141.9554999233396 102.58862668110929 -55.0457828207432 -32.9941999421895 34.35883430866176 -58.023138319214326 35.265210332213044 50.408628461921815 42.63631803277812 -98.35861596443156 6.413860013472314 -41.17887303604872 28.157596447429835 145.6276530563832 2.4161528955267837 60.6601846157485 -177.11284090427216 -233.88431997105837 143.22664515368325
701 9814 0 0 0 58.637099184746845 -22.120648311825985 -39.81289567816519 25.28045815575466 7.636720000010373 121.53314393945931 -39.773702535429294 -2.3281597825693994 -114.04029379425961 128.6555704616369 -56.67716521317011 -143.02000701531787 95.96869309736608 -63.22080868115755 -30.377171720769557 35.25457572383583 -57.63841115150653 28.69003100116244 49.47860529233099 42.65390633715254 -101.75697180026063 5.8390468502200115 -42.41210840701174 28.842195372096434 145.82469345622118 -3.15487320960666 54.921927370301944 -176.06823278616096 -233.57513911886315 142.8395704279138
801 11214 0 0 0 58.570677028261265 -23.036670755892533 -40.51055400219266 25.18960374044242 6.086421887297572 122.41152811720202 -40.80654543124737 -2.3733068990012427 -113.33489462647215 127.91118149939305 -56.70431702503202 -143.1753332385136 94.38366215101408 -65.0410701320736 -30.038570916976546 35.34320881587384 -57.924415687697206 27.262003916403746 49.3734361738531 42.627554407558854 -102.54832348140708 5.434466141255162 -42.552665093918705 28.92996172341322 146.0969495437458 -4.475176661837434 53.96146553660288 -175.8982041244196 -233.63984049228196 142.7986392864881
901 12614 0 0 0 58.409402303553094 -25.528518154242448 -42.0846114057812 25.03566437949599 -1.0371448002655996 123.4925006357604 -39.99630388145604 -2.4608501263994387 -112.83492226211665 128.95852792278384 -56.678093375372384 -143.44813118851735 91.47317934005792 -65.42508647294319 -29.38580021516745 35.55792611778771 -56.79505059555708 25.573346539961374 49.1458291041123 42.62544297340134 -104.5427662429327 4.546553434174708 -42.85849641130376 29.106378142663488 147.8180150488225 -6.285133122608634 52.275734196808806 -175.5977318438628 -233.99990020707892 142.70941588408525
1001 14014 0 0 0 58.04948998541322 -31.4597572741294 -46.08448315026539 24.701818925371832 -20.10941147236153 125.67638429122455 -36.07278772678147 -2.651178254500344 -112.08333730200638 133.18705351722343 -56.63500146754312 -144.01912899637298 84.49866804586905 -63.546519546288174 -27.997038731721737 36.022303736317326 -53.52692763250802 22.13905582926694 48.661475671544835 42.608953858651006 -110.48066714666304 2.3204946378825104 -43.513413342811724 29.4579891318763 152.15789095016345 -11.057691811441957 48.77229988039576 -175.2423032732938 -235.06892023730356 142.5032166910126
1101 15414 0 0 0 59.559101616052196 -27.144128133513195 -57.391795848826455 26.129078651104454 -34.30172194262035 134.29334077980553 -26.682145486880327 -1.8487379717959729 -103.96999653299216 140.1691839770131 -56.815749934412 -141.56660450443445 78.65176032942473 -45.28469490325779 -33.899371177564824 34.05411797542222 -50.92262441041611 13.30115568772312 50.729628284745466 42.6729489709329 -116.2487744542961 4.318802017510056 -40.73470757863361 27.923426036979663 150.01092920013127 -38.4213366591792 48.368438131087444 -168.10535540402225 -236.95546961064557 143.3615192308962
1201 16814 0 0 0 60.4007712085129 -24.253715796537374 -63.46424761000526 26.91067753735696 -40.26069980766402 138.11368025161914 -22.453378100009438 -1.4166033072488855 -99.24222907807471 142.9959676715634 -56.91994360809366 -140.19813322152294 75.73018097326747 -36.160753090704 -37.21242777527124 32.9672966895787 -49.72247099356509 9.138368210682225 51.883262424421105 42.68277768359786 -119.20048569891068 5.290211279302581 -39.19856952216871 27.074982652861618 148.71473446428567 -52.868213717776406 48.218054373765135 -164.20364412751232 -238.2873755397898 143.84784602085907
1301 18214 0 0 0 60.41962232823117 -22.43568577208044 -63.44708349735188 26.925998762662804 -40.10777322463908 138.27902360010674 -22.503482428150015 -1.404614846090296 -99.24531695176898 142.93400418262104 -56.92312476940513 -140.16748540887139 75.63023028155824 -36.238145999023565 -37.28820068124663 32.94260911664161 -50.6147928044775 9.208259390261736 51.909516771775046 42.68287130063036 -117.90992502657221 3.8873123532848997 -39.1634917572886 27.05444376303607 149.06389266612922 -52.589982442113524 48.452962048750244 -164.66255437909945 -238.18960005583105 143.85990713411996
1401 19614 0 0 0 60.42953962634005 -18.06331310581356 -63.89788427772748 26.937860996880154 -40.098278911104345 137.78623420753158 -22.630261179428178 -1.4022577272550771 -100.47161853357433 142.5794766914639 -56.92470822422747 -140.15334356223158 75.0767605491949 -36.67592573698591 -37.32119031447514 32.92969010411505 -51.93821179554082 9.417126517924169 51.92267019409282 42.68240577044664 -115.6077516307437 0.6363625617453794 -39.14834602358118 27.04769370845525 148.71557229266207 -52.06119727636079 48.80241971975887 -166.33092422446234 -238.36467321497832 143.86060587926758
1501 21014 0 0 0 60.258595424566316 -16.47532685667165 -64.41270104404552 26.775701134934543 -40.6381713308792 135.2988725641535 -22.60225779734475 -1.4936316969208674 -102.80472695268494 142.48211352490884 -56.90122303948921 -140.42713200506066 74.20623120068612 -36.783608417604945 -36.65704332787583 33.15261504820447 -51.06408523515737 9.52958156678573 51.69038289187329 42.678544188948834 -116.63948653454277 0.8638482610333713 -39.462189993012686 27.218894616720142 145.13462692981525 -51.874871273032056 49.36648705711046 -167.96239863104137 -239.069156859304 143.7675115062321
1601 22414 0 0 0 60.27934917917072 -13.978038824082894 -65.89106740854612 26.796267518732808 -41.01267294850199 134.0402809510757 -22.408455203552002 -1.4798179550587667 -104.08887830412819 142.13010442582203 -56.905667702049705 -140.3941115655485 72.7718246619715 -36.45261603274029 -36.737378236035326 33.12571674977895 -50.94651022556795 10.158595102661492 51.71859600439281 42.67950685199851 -115.45136239198608 -0.5229010370086065 -39.42097074017884 27.19972629207882 143.47672483732595 -52.54089952210785 50.337574451322155 -170.85104888579943 -239.44538678540312 143.77751541387298
1701 23814 0 0 0 60.82907715831593 -16.256556602695536 -71.05704784188777 27.312987717888653 -40.02929597219786 132.0021889662775 -22.340049762461728 -1.189045049734631 -104.35704388460076 140.03154240197568 -56.97265338447545 -139.4993941110334 67.0812872486699 -36.02183628913899 -38.89657119507844 32.40730935125057 -50.3991712339401 16.628601519458243 52.47398392747763 42.69751387751741 -107.21948094699982 -2.426944806747156 -38.4129533651943 26.64084495051097 146.46224123118634 -52.25084279574947 56.10942859678797 -185.57698080772658 -238.6914570655722 144.0929959089687
1801 25214 0 0 0 61.36390298951203 -14.860485936062345 -73.99507998884285 27.81314646359976 -38.55373291098216 132.53609951680377 -22.614866870766875 -0.9121010862418912 -104.11752921162604 138.39417723878142 -57.03001069917944 -138.6308567433299 63.59224210231971 -36.26267535638043 -40.990015108407555 31.716515110040543 -49.366064619411375 18.301048832817223 53.205333607148226 42.713014541177486 -101.19432183572958 -1.5108323823036347 -37.43124836449343 26.09876807206541 145.92365490747412 -50.887812953550124 60.19977515162251 -195.78173239059234 -235.61418626075647 144.3971785956174
1901 26614 0 0 0 62.10782408493268 -16.126611356839476 -76.04020503923643 28.511420795363932 -37.00782017574931 136.1289258148645 -23.45034318585219 -0.5219768332371455 -102.67454500965125 136.4963972376361 -57.12255252818029 -137.42657832935006 60.584152802235735 -37.90574661352348 -43.89914852219616 30.751201875931045 -48.4683036937399 17.583197044820107 54.226889077007 42.73570215866133 -94.58591082959225 2.4778064471866412 -36.07156938463253 25.34553143241236 146.7705076227734 -47.92044304248162 63.59885494706634 -205.44846366043348 -232.5418855500991 144.82258201704568
2001 28014 0 0 0 62.978781109344524 -20.252911082371043 -76.64507155882382 29.331414040076158 -35.279551660523424 138.4130113769185 -24.02407610126304 -0.06078260165573575 -100.5426168420411 135.47055652601827 -57.224444484854416 -136.00280035414755 59.745779526895646 -38.749390052678 -47.32464976348487 29.614411207497476 -48.56974686094176 15.873111539396657 55.42223455722927 42.761192769667815 -89.918094751766 6.9802756706917615 -34.46531318659843 24.45969901042683 150.9732649216455 -46.38367103825095 65.18882156153234 -209.52503361569939 -234.06071602199998 145.32241954140775
2101 29414 0 0 0 63.281289878708485 -18.984704212406402 -77.24719057408966 29.614300728697344 -35.22874757945086 136.18334859378925 -24.02332977060004 0.0958907243811732 -101.08262497586315 135.21365496905275 -57.26081514793045 -135.51172262926437 58.923273501675794 -38.78879315296534 -48.506413741197456 29.222793556102204 -49.09069805860663 16.022830538811668 55.835896675257395 42.77135623359451 -89.16454631592585 9.312650234238934 -33.91042653864064 24.15479482895183 151.63962145037834 -45.9599745160633 66.08585708512797 -211.73785052486812 -236.02836650289981 145.49516844034216
2201 30814 0 0 0 63.3325950222843 -18.83015138865959 -77.66264211018071 29.66253243798236 -35.05399542038308 135.4853338062882 -24.09970351567942 0.12377745156899815 -100.96065826385178 134.96153069357825 -57.26698582182046 -135.4294382096754 58.47170230631797 -38.88216196388834 -48.71038623471205 29.155122848462522 -48.8451462058425 17.668874972039365 55.90731963527862 42.77252957538119 -89.70749470537913 10.302735158571965 -33.81633606576686 24.10205358250835 152.25605010830446 -45.9194464785153 66.50790599018339 -212.93663274641384 -235.7096342428875 145.52520327908084
2301 32214 0 0 0 63.66138335173448 -18.918340154382683 -77.89716386058727 29.97103763832183 -34.799401767510545 135.2720457842477 -24.125564073515662 0.29636850944429427 -100.43332716114419 134.80702076711546 -57.305111836322276 -134.89529043348443 58.25680518268035 -38.87968324510961 -49.999148036853214 28.728301633548437 -49.260879785643 17.681598773651363 56.35888960741593 42.78283378873002 -89.72387519806077 10.06069853827535 -33.21347940332 23.76849896007085 152.0418756832439 -45.83147485214658 66.84143012314367 -213.72505400266976 -235.52895838706624 145.71262312891562
2401 33614 0 0 0 64.55295017031405 -19.20674439760751 -78.30739397993221 30.807555545647787 -34.45228272579297 134.7466692872378 -24.336239972820938 0.7642810693533351 -99.9096592944105 134.37794096278532 -57.41126285008452 -133.44645139857454 57.59042562135228 -39.28886637603461 -53.49115469429182 27.570614880017136 -49.32584414126245 17.27495973010056 57.58034204037543 42.80984215749074 -90.24416079103007 9.94089369192359 -31.5780941686965 22.865913390402532 152.0365039894066 -45.081273475904965 67.60695671739285 -215.90554986768174 -235.13598404738215 146.2229171106425
2501 35014 0 0 0 64.93852887005181 -19.02224381569398 -78.36866381932617 31.16962892110046 -34.16532362800209 134.99666965803956 -24.40787622854953 0.9668353205616755 -100.37922108786027 134.25456408741545 -57.4569223180328 -132.81876234564163 57.52049290358844 -39.3573770034006 -55.00404917004078 27.068579227948558 -48.67581157227222 17.11750097442337 58.109772142192945 42.8220472185718 -90.39017807849123 9.733903218950923 -30.869583944642194 22.474563021589546 152.35825467412124 -44.92713150118563 67.82451291598923 -216.36310166522563 -235.34985108629363 146.444245178069
2601 36414 0 0 0 65.14889321111049 -18.961713544905866 -78.34607311694444 31.367476513203165 -34.265806718542485 135.3487992030831 -24.39865828123398 1.0776192395499773 -100.59064225095014 134.28109746250036 -57.48179998910901 -132.47654534382713 57.54694346152473 -39.37914104847764 -55.82989138185275 26.794859560236517 -48.746236170357015 17.501996473377353 58.3989650124825 42.82848908083081 -90.36342728735151 9.784099978323773 -30.482983913775364 22.26091883401411 152.15661014349234 -44.95896857133516 67.72226867279824 -216.21019571156052 -235.6222270223869 146.56469744093368
2701 37814 0 0 0 65.19228891886476 -19.00303366312948 -78.1915621454265 31.40800091908148 -34.36493938603998 135.3800272919207 -24.351799271373856 1.10039170648502 -100.60784060037494 134.4027208937561 -57.487026716950716 -132.40597216691083 57.74166531425504 -39.29894316105821 -55.99961122362654 26.738468049547784 -48.794602294547886 17.4369599663751 58.45830812419107 42.82977129915165 -90.33405283431658 9.788960232677578 -30.403472962583376 22.216990470176086 152.1113886545843 -45.0855520461823 67.51336770204006 -215.617046818285 -235.59861863848155 146.58933205974284
2801 39214 0 0 0 65.26119082429048 -18.958530252829675 -78.04494967521289 31.47276421463755 -34.467825592046346 135.3072534384764 -24.32497437287981 1.1365457201543638 -100.68165950637398 134.50263398069325 -57.495243685083565 -132.29395917905353 57.921152955819224 -39.257252804684185 -56.26991764843504 26.64885849977256 -48.788062408782636 17.446178997802747 58.55280617109657 42.83192965109876 -90.29415613333386 9.798200607139304 -30.276965520066888 22.14715974298966 152.14934414547352 -45.19920421092108 67.29256283976322 -215.0444749002097 -235.5043801935822 146.62877492585216
2901 40614 0 0 0 65.25972491395054 -18.958910374093794 -78.04120999252113 31.47139037907825 -34.472471889909485 135.3061753257223 -24.322838091418202 1.1357670405396043 -100.68582341440589 134.5069900691951 -57.495060502984785 -132.29631945665943 57.92656214213206 -39.25328648658281 -56.26419224023206 26.650758620097395 -48.787501796174524 17.447504947688575 58.550805062788534 42.83187045173654 -90.29475010685252 9.804741528779246 -30.279666226504087 22.14867171345472 152.14988320641632 -45.20629173561724 67.28558580938302 -215.02479679883893 -235.5051012727156 146.62793889139223
3001 42014 0 0 0 65.25880333380069 -18.957077551230437 -78.04117758182495 31.47051925195822 -34.47217924444323 135.30445797839363 -24.3229472932814 1.1352785954957094 -100.68581062231574 134.5068310895759 -57.49495765526649 -132.297825363644 57.92661498638915 -39.25349296642396 -56.26056108616737 26.65195878626059 -48.78843656206311 17.447280894058803 58.54953915169284 42.831844100997635 -90.29424551518844 9.80381513907645 -30.28136358370564 22.14960673045212 152.14834927136178 -45.20600119086132 67.2856164779778 -215.02499045417798 -235.5036080883236 146.62740870424054
3101 43414 0 0 0 65.25881391535917 -18.957996994954875 -78.0416108325823 31.47053046024999 -34.471688063638126 135.30449155081368 -24.323098000856945 1.1352880886807106 -100.6855800448639 134.50646621424892 -57.49495886760208 -132.29780386593677 57.92614193251705 -39.253654331148084 -56.26060770410168 26.65194203057195 -48.78883069160455 17.447115582670158 58.54955563121311 42.83184485139549 -90.29416364314953 9.804259046141185 -30.281340960456305 22.149596469545425 152.1491043166074 -45.20581542142732 67.28622455803061 -215.02659230047755 -235.5045203421526 146.627415128968
3201 44814 0 0 0 65.2589600099023 -18.957930904586565 -78.04182160627931 31.47066814890221 -34.47161002267014 135.3044073778934 -24.323107888796944 1.1353644306915178 -100.68550880460097 134.50637185764845 -57.49497529711963 -132.2975655836443 57.925882232382705 -39.25362905282463 -56.26118174510661 26.651751579993885 -48.789123749148345 17.44714978786912 58.549755937822006 42.831849636617314 -90.29428971632429 9.804126322235545 -30.28107050964917 22.14944780188684 152.14871089277474 -45.20578196510029 67.28652801670817 -215.0272707433622 -235.50453352899635 146.62749898308832
3301 46214 0 0 0 65.25878051896677 -18.957929228018635 -78.04170200635515 31.470500365268055 -34.47165366281435 135.30431764316046 -24.32309258514703 1.1352704744535531 -100.68577741323388 134.5064414830005 -57.494954280510505 -132.2978558731617 57.92604009347372 -39.253607650009556 -56.26048069429648 26.651984491494634 -48.789151830872974 17.44733191730497 58.54951039585412 42.83184404071269 -90.2942160960567 9.804037405053059 -30.281398552198812 22.14962926225918 152.1490511201749 -45.205859018288535 67.28635261812501 -215.02682675858753 -235.5047153981549 146.62739624264378
3401 47614 0 0 0 65.25885543017027 -18.957870017143698 -78.04164679334998 31.470570910725097 -34.4716077770366 135.30435417145785 -24.323128729070337 1.1353098822601155 -100.68597368335281 134.50642002957164 -57.494963157534066 -132.29773354563673 57.92606881651626 -39.2536829146818 -56.260775106589385 26.651886663784744 -48.78912213224505 17.447336606225306 58.54961368232383 42.83184606489565 -90.29412200103067 9.804072762992295 -30.281260684094608 22.1495529978932 152.14905770708836 -45.2057432436992 67.28634673575895 -215.02683572762845 -235.50466422245015 146.62743915689134
3501 49014 0 0 0 65.25878882150342 -18.957980648865405 -78.04173916560342 31.4705083524451 -34.47159022184072 135.3044428805954 -24.32313621988551 1.1352747395518419 -100.68709747136198 134.5063750333366 -57.49495560066653 -132.29784170615935 57.925953729564355 -39.25368822148207 -56.26051429095847 26.65197311459625 -48.789216736940425 17.447243171276455 58.54952229403786 42.83184395299878 -90.2941516625514 9.804156843947851 -30.281382603419466 22.14962033179376 152.1490537971025 -45.20571991860198 67.28646228994243 -215.02712376357027 -235.50461225062162 146.6274015650215
3601 50414 0 0 0 65.2588391961035 -18.95801202322112 -78.04182228651275 31.47055573426668 -34.47153347940062 135.30436612311718 -24.32312540125493 1.135301115742414 -100.68750203193332 134.50634672107125 -57.49496140779853 -132.29775974576418 57.92588931360155 -39.25364740966385 -56.260711395096024 26.651907897037248 -48.789259808267815 17.447214827014395 58.5495913139505 42.83184562685054 -90.29418619251204 9.804146124358377 -30.281290546337377 22.149569438588497 152.14912108632618 -45.20575119065441 67.28655741605554 -215.02732893891013 -235.50454715363475 146.6274300166015
3701 51814 0 0 0 65.25882828714715 -18.958016738340326 -78.0418033420965 31.47054547238501 -34.471526185599366 135.30437183941618 -24.323131689184777 1.1352953892688047 -100.68755778908123 134.50634582400693 -57.4949600577019 -132.29777765477616 57.925903632675855 -39.253661841222744 -56.26066828660678 26.65192215365542 -48.7892685502734 17.447213654444603 58.54957625470104 42.831845262382636 -90.29418117470956 9.804150088116442 -30.281310693218394 22.149580567753475 152.14912437771557 -45.205725488419404 67.28654843940419 -215.02731161543747 -235.50455422947795 146.62742375656688
3801 53214 0 0 0 65.25883319481876 -18.958012668259755 -78.04180004729162 31.470550055876465 -34.47152817187295 135.30437077642856 -24.323130517005733 1.1352979598800228 -100.68754972326253 134.50634884107296 -57.49496062027391 -132.29776967804938 57.92590865881636 -39.25365866205302 -56.26068746879885 26.651915814400233 -48.78926160030485 17.44721273104607 58.54958297669561 42.83184542263808 -90.29418204908569 9.80414675268835 -30.281301728438113 22.149575589983296 152.14912689451182 -45.20573185346206 67.28654287141728 -215.02729491338974 -235.50455282267066 146.62742655639363
3901 54614 0 0 0 65.25883292871195 -18.95801466442219 -78.04180100277411 31.470549811509024 -34.471527348672204 135.3043702270655 -24.323130743647894 1.1352978238709321 -100.68754464175939 134.50634815523236 -57.494960580901584 -132.29777010339146 57.92590776475788 -39.25365886547143 -56.26068644699508 26.651916147585304 -48.78926197705166 17.447212763922984 58.54958261591047 42.83184542250621 -90.29418349528575 9.804148255842033 -30.28130220755652 22.149575857237576 152.14912676160276 -45.20573169221398 67.28654392251119 -215.02729772278707 -235.50455245184892 146.62742639889225
4001 56014 0 0 0 10588.648035807655 8376554.290050745 -5664.401425549189 12198.77980587937 12.534526026084825 6453474.4680546485 -10325.909938038967 -325.0866204170431 1019111.3710781048 9447.89215661228 -6721.205654610454 -25776.220763167898 3038.9398239102106 1509.561210509719 -4568.830346030137 349.1702163060917 -7738876.4880764065 -3029425.46834299 10223.733043141505 9291.642984171616 -5716414.206853852 2706797.27040077 -12556.117459800984 4875.514685956628 6556767.0781937605 1256.432720580487 -1134.3036715935314 -1012.3621996794415 2176549.7446698705 27093.30095809908
4101 57414 0 0 0 10588.648034832937 8376554.290049427 -5664.40142473884 12198.77980657546 12.534526454683327 6453474.468055206 -10325.909938673027 -325.0866215351824 1019111.3710784587 9447.892156401394 -6721.205654041478 -25776.220762534926 3038.9398235451554 1509.5612102697974 -4568.83034499836 349.17021580136793 -7738876.488075839 -3029425.4683418856 10223.733043242331 9291.642984593002 -5716414.2068532 2706797.2704019845 -12556.117459583453 4875.514687415837 6556767.078195236 1256.4327204483295 -1134.303671174153 -1012.3622002774466 2176549.7446695315 27093.300958500437
4201 58814 0 0 0 10588.64803444882 8376554.290049498 -5664.401424208744 12198.779806473689 12.534525711027198 6453474.468056176 -10325.909939029038 -325.08662183690444 1019111.3710783063 9447.89215737607 -6721.205653364763 -25776.220761557735 3038.9398237161067 1509.56120985454 -4568.830344259772 349.1702158430027 -7738876.488074822 -3029425.4683416807 10223.733042987004 9291.64298479699 -5716414.206853281 2706797.2704026564 -12556.117458607217 4875.5146883959305 6556767.078195189 1256.4327208928598 -1134.3036708102518 -1012.3622000192382 2176549.744668714 27093.30095861909
4301 60214 0 0 0 10588.648033972284 8376554.290049483 -5664.401424464198 12198.77980681036 12.534525785788365 6453474.468055775 -10325.909938724235 -325.08662213372025 1019111.3710776471 9447.89215680787 -6721.205653148782 -25776.220760902983 3038.939823996225 1509.5612104647919 -4568.830343982363 349.17021626268485 -7738876.4880748745 -3029425.468341666 10223.733042923883 9291.642984335402 -5716414.206853428 2706797.2704033554 -12556.11745884865 4875.514688194063 6556767.078194178 1256.4327214559564 -1134.3036709815628 -1012.3621997514631 2176549.7446681648 27093.300958668933
4401 61614 0 0 0 10588.648034383974 8376554.290049334 -5664.40142448797 12198.779806772376 12.534525328515976 6453474.468056085 -10325.909938843868 -325.086621223315 1019111.3710764855 9447.892156370546 -6721.205654010773 -25776.220760636093 3038.9398236868915 1509.5612103713243 -4568.830343700691 349.1702173999397 -7738876.488074497 -3029425.468341388 10223.733042159185 9291.642985244218 -5716414.206853182 2706797.2704033726 -12556.117459966827 4875.51468840654 6556767.078192803 1256.4327222599356 -1134.3036703387158 -1012.3621993077332 2176549.744668736 27093.300958449556
4501 63014 0 0 0 10588.64803466712 8376554.290049788 -5664.401423799002 12198.779807090215 12.534524397268981 6453474.468055655 -10325.909938874716 -325.086622089081 1019111.3710763452 9447.892156447047 -6721.205654201762 -25776.220760359043 3038.9398234056757 1509.5612102247749 -4568.830343947871 349.1702185080501 -7738876.488073397 -3029425.4683414446 10223.733041816235 9291.642985111861 -5716414.206854266 2706797.270403314 -12556.11746033237 4875.514688535936 6556767.078192487 1256.4327221904084 -1134.3036696880697 -1012.3621997217674 2176549.744668947 27093.300958848486
4601 64414 0 0 0 10588.648034167163 8376554.290049073 -5664.401424089504 12198.779806925599 12.534525566102964 6453474.468056788 -10325.90993948967 -325.08662138504445 1019111.3710766358 9447.892157146207 -6721.205653423016 -25776.22075970516 3038.9398240993414 1509.5612104504912 -4568.830343453399 349.17021710182604 -7738876.488073738 -3029425.468341323 10223.733041812951 9291.642985371156 -5716414.20685436 2706797.2704041414 -12556.1174602113 4875.514688558619 6556767.078193244 1256.4327212715227 -1134.3036694755176 -1012.362200062278 2176549.744669114 27093.300957925796
4680 65520 0 0 0 10588.648033022686 8376554.290049009 -5664.401423371801 12198.779806488086 12.534525764011002 6453474.468056397 -10325.909939742727 -325.0866208100451 1019111.371076218 9447.892157519744 -6721.205652282749 -25776.220760666165 3038.9398239946026 1509.5612104523025 -4568.830344248233 349.17021753594025 -7738876.488074114 -3029425.468341674 10223.733042693058 9291.642984968996 -5716414.206854015 2706797.2704052175 -12556.117459357996 4875.514688884659 6556767.078194377 1256.4327215152216 -1134.3036701708068 -1012.3621991791856 2176549.7446690123 27093.300957913125
