% # columns="iteration, evaluation, sigma, max axis length,  min axis length, all principle axes lengths  (sorted square roots of eigenvalues of C)", seed=802480, Thu Jul  2 11:10:34 2020
1 14 50 1.0000483345014077 1.0 1.0 1.0000016666680556 1.000003333338889 1.0000050000125 1.000006666688889 1.0000083333680556 1.00001000005 1.0000116667347225 1.0000133334222225 1.0000150001125006 1.0000166668055563 1.00001833350139 1.0000200002000015 1.0000216669013906 1.0000233336055577 1.0000250003125026 1.0000266670222253 1.000028333734726 1.0000300004500045 1.000031667168061 1.0000333338888951 1.0000350006125072 1.0000366673388972 1.000038334068065 1.0000400008000108 1.0000416675347343 1.000043334272236 1.0000450010125153 1.0000466677555726 1.0000483345014077
2 28 45.9606939665679 1.031111638998003 0.9672831061389098 0.9672831061389098 0.9759540423385917 0.9799453558060509 0.9887001953010383 0.9909433179439024 0.9958717105897129 0.9981364619396627 1.0000070886776824 1.0000113416351897 1.000014199823426 1.0000148497002834 1.0000181230107297 1.0000210213875573 1.000021098497107 1.0000221317972242 1.000024543211015 1.000027655277829 1.0000318971623987 1.0000329208846794 1.0000346972363268 1.000038278110669 1.0000403540137293 1.0000421378574644 1.000510639716096 1.0019381638916216 1.003404366657773 1.004874725937163 1.0067931259518852 1.0116986845600155 1.031111638998003
3 42 45.29315921386463 1.0393253252866077 0.961204324126651 0.961204324126651 0.9687410495169813 0.9736199285222935 0.9753532489411362 0.9811813635662217 0.9841903713792971 0.9880081606190299 0.9907119903046048 0.9930890349334752 0.9934320076511783 0.9969473125414585 0.9987831913969952 0.9988461007839108 0.9996054185382368 1.000017402960095 1.000031169191511 1.0000610397300809 1.0002017640034193 1.000298623594529 1.0006653705410278 1.0022704637765154 1.0024225700256706 1.0030552674292252 1.004253302353853 1.0045856329291165 1.009548781255525 1.010988704038738 1.0161105216177926 1.019693289158246 1.0393253252866077
101 1414 0.213128081839228 1.2307852871000247 0.7310818699904577 0.7310818699904577 0.7493305020593182 0.7662194684465448 0.7819698387857519 0.792823907265237 0.8074557088791963 0.8132354812471242 0.8283894291603922 0.8337466503735764 0.8492494191925954 0.8581099479687538 0.8636174411324472 0.8673042643550525 0.8871985560718337 0.890100783382134 0.9031601386399248 0.9189289332823001 0.9301235112510203 0.9507413895202388 0.957116833227958 0.9692277660585679 0.9823220567289367 0.9888617723850844 1.0093261314744972 1.0204609490329486 1.0369424213588083 1.061108839460605 1.0964973322083942 1.124269364553681 1.2307852871000247
201 2814 0.0061584484261471934 1.0927580832507646 0.6100107620852848 0.6100107620852848 0.6340384488575844 0.644691177413688 0.6515398709658089 0.6709915567715934 0.6901760334732653 0.7046245205537591 0.7114985876717701 0.7271759115510972 0.7318465417547741 0.7428928203588924 0.7721556089174207 0.7830224074733653 0.7947587470120215 0.8131764591561791 0.8219789308127302 0.8432797951953226 0.8499522264708124 0.8601914096940423 0.8740223866160739 0.8846442154763428 0.9014485038405821 0.9184454235753449 0.9402084685096158 0.9683221627412015 0.981877356131463 1.0132684862181016 1.0160891023882397 1.0429816313884304 1.0927580832507646
301 4214 0.00014078377837194986 1.0159952577663998 0.5078115148457156 0.5078115148457156 0.5197915635044134 0.5459633449361951 0.5637415437859241 0.5807267601165723 0.6046133529029136 0.6183178635660815 0.6390375567577423 0.6473262797222613 0.6633587052318337 0.6685979307370429 0.68829042900777 0.6946781660087896 0.7278475593694981 0.7312303119970361 0.7450509036771142 0.7565281673104909 0.771602152533503 0.7907055278971358 0.7931207548850217 0.8077908801903226 0.8162400826638346 0.8283015759819218 0.8313126007377198 0.8546185540890948 0.8620672605612386 0.9013013102831943 0.9178052891601196 0.9564336788465982 1.0159952577663998
401 5614 3.96573554579852e-06 0.8974058651970636 0.42754506962637806 0.42754506962637806 0.44169958769086737 0.4588644265390798 0.4658936342862625 0.4910863291436625 0.5117652982483732 0.5398318476844305 0.5591144106789881 0.5856126468025311 0.5917231711419625 0.6034529355578785 0.6180410325446359 0.6379466639875923 0.6627978321356505 0.664999539485633 0.6735210600764447 0.6787161131818431 0.6970077149250452 0.715119324512179 0.7350397879089665 0.7388016002003464 0.7618857340512571 0.7647674093453777 0.7849623608798605 0.7969975010026767 0.8200041852757133 0.8260881576108374 0.8565030859941395 0.8751967876728154 0.8974058651970636
501 7014 6.960692739202839e-08 0.8049026018648422 0.36447855469419943 0.36447855469419943 0.37340446307529546 0.3840993173188298 0.4008634860164763 0.41968282084525277 0.4511365434514212 0.47124637872024344 0.4931994626880732 0.5110358467547964 0.5367369510799417 0.550594124890756 0.5571364079079569 0.5719771103525629 0.5875921913665461 0.5967842575112464 0.6129305436779509 0.6239081777661082 0.6365706031051362 0.6486155229764168 0.6570936844654849 0.6584189690595321 0.6851521970254526 0.6964875128417695 0.7112458107981983 0.73013090291317 0.7451063884434949 0.7568712720999671 0.7678571149727159 0.7879380729716231 0.8049026018648422
544 7616 7.08134392242307e-11 0.8605391133567689 0.33814242269197564 0.33814242269197564 0.3605257291958455 0.3652615189204992 0.38421805898016237 0.39780066028219474 0.4428848191044273 0.44818228125129006 0.47342976416220534 0.4894908845464077 0.49981809580482617 0.5134075099480345 0.5335989193525104 0.5457794942753752 0.5598204195932892 0.5912945600822039 0.6035826786427452 0.6102783209647192 0.631717095153963 0.6384738347230755 0.6452672144668764 0.6640849453324797 0.6798888698021267 0.688640226837901 0.701768371921526 0.7259090644532508 0.7424199408873277 0.7623102837541742 0.7843378900675252 0.8003561932413872 0.8605391133567689
