% # columns="iter, evals, sigma, 0, fitness, xbest" seed=45, Mon Jul  6 01:10:25 2020, <python>{}</python>
1 14 46.49782163012828 0 15800.900632942961 10.043217771749156 -44.6334715693182 9.794170089988212 -1.286554842031022 46.34387688475492 -14.642235358475203 51.89184278752765 71.0762515047206 19.747869665650764 6.996876231968003 13.281746849348428 42.6695012428837 -5.077665296217966 60.74275450907106 54.755531793229096 6.582194884654545 -20.072580791792255 65.41982138154592 -46.56825747763334 -29.09709834317555 -56.9483055447288 -26.206123265876574 56.18624865803046 26.729633680995768 10.013598228040676 24.005716810277033 65.13766316166071 -21.105230213560553 23.832769217556383 25.65906934431666
2 28 45.03817931144042 0 15234.033307709127 -23.98542546244748 -99.79389499974933 6.715422381693734 43.588247421435184 7.382642335117119 -32.12931366910132 -62.518769591993355 3.5307183274915737 -39.17890150177448 61.35388870474148 -6.525673900193249 -68.90499198275243 17.116200705220805 -12.956746694000032 40.42031302085272 99.18005085272604 -1.0507204221053854 17.0151858585679 41.22373520776821 21.89122144745412 -10.452136126835436 -78.87295558167561 15.77729463598573 22.05390197921314 61.68855237906179 42.489451440407166 75.35011948641268 -50.18188671734274 -46.49760254742524 35.79170505538392
3 42 42.937755079713455 0 12871.543246118814 -69.25977280624686 -74.54561593012089 99.80156723265745 -13.285971998578102 31.163424082511213 -40.702359137873906 -55.405623583822056 -4.510189805336259 -38.09498069665225 57.463417097848186 58.894372718910795 -1.1939133363982215 -13.190380817529343 79.23284272388739 -22.96637355520374 86.70571742055807 -35.831084172491245 20.24392446833596 22.73543065803271 3.3331530066970423 -30.491130229298335 -39.14466639675103 87.5540327591963 -19.65600784388019 25.428499722498735 -14.944143462928041 22.232539012698346 10.027446317522568 4.162319709597995 9.95877669486304
101 1414 11.307739768369437 0 6458.150800258819 0.8905085542342039 -99.61419648393756 9.517167022842969 -24.0589602464147 -77.06805334222125 -9.457542205361058 41.43847709217337 -52.99326738421602 99.81583686013798 -78.1427102414846 -78.91251483056226 -13.111019315934966 -62.204508666622985 92.14373599214257 -48.628757781752796 14.386389095094572 79.59428244958275 -30.392173335502523 94.79240641740569 -95.07860433011737 -70.80521083307528 4.6781082530404205 -93.07211908532437 18.734873112762614 -17.85257838003267 -63.309262319022594 59.78504545462259 -88.44766347950208 -60.05092657166605 -63.34536296834157
201 2814 1.8525077202691251 0 4529.596404699874 -5.4021538897912205 -65.93415272383959 -5.426708806388982 -4.2058848557159365 -35.092287696271455 -9.71929729262364 6.273121813244818 -40.02713538039599 90.28994388745465 -49.20648967181572 -99.99384516613378 -17.348743122643214 -30.846616577413585 91.95856480191938 -36.3641869431011 5.020186823249228 74.9789168151466 -2.3607345192269884 90.98451501358551 -83.18736631133777 -71.55552133027581 9.392696220778527 -65.95722162150032 9.769331012074723 -42.13115466640871 -99.421631698121 51.997165166075845 -87.53264621692556 -68.90763069318419 -71.19506736237068
301 4214 0.127968178600386 0 4006.4983607725494 -4.209487754644965 -68.76038659883429 -7.1516049590895205 -5.462581614890098 -34.53037601337319 -9.530880493594818 6.794131095933593 -42.869364659975986 89.47769555354989 -48.438242144159744 -99.97265787395163 -18.021404475766417 -30.19338751273377 94.2176116881408 -33.90595804034724 4.66351405398431 76.81570214250644 -0.1832695858368304 88.86175376105749 -83.2672693281073 -70.07328136641217 10.998433969567232 -69.68678001039302 8.074845612539189 -42.43973637952954 -99.96725835905701 49.088815283960855 -87.88972527816149 -71.67785808587128 -68.1076026827912
401 5614 0.1050122762479402 0 3972.2921395045914 -4.008373436262094 -68.71791926732783 -6.988704528628398 -5.800804247651627 -34.59324739005529 -9.566135826517407 6.819614580904291 -42.84045894335188 89.55193565067877 -48.618243940575354 -99.99997039701718 -17.934199873441443 -30.184117570938852 94.23151260967325 -34.060498704038196 4.597140071392193 76.91440134171742 -0.33378825924516337 89.12838949652914 -83.1677134535884 -70.06896067220376 11.373975597039875 -55.624241814305954 7.989966067226228 -42.48862500186835 -99.2222224803492 51.917300137430274 -87.80300997409731 -71.49041742125468 -68.17150449784485
501 7014 0.009505581975696101 0 3969.4631437525004 -4.109198408555407 -68.64941184484653 -7.185436430839675 -5.7006256461797875 -34.67719325348229 -9.599008019019369 6.8394123965526115 -42.833577643822565 89.47986817340787 -48.52598146473369 -99.99999939189323 -17.919880162704022 -30.114214523941833 94.12682021658088 -34.06087117348142 4.72664017733251 76.90000382895612 -0.25319589791099134 89.15346542026265 -83.1753124368011 -70.0357548639723 11.218534966996966 -52.15114386934979 7.999038538939598 -42.38295254559136 -99.1478940701546 52.356438160580694 -87.819006933487 -71.41747574568453 -68.05504587102811
601 8414 0.0004217806763607816 0 3969.455937610988 -4.097410713394898 -68.65180145209936 -7.169377772669112 -5.7007462154327015 -34.68479988693482 -9.60379954295787 6.8261209883376015 -42.83359036374365 89.48442423274038 -48.52529045868522 -99.99999999521175 -17.917061487619772 -30.115844450073396 94.12736470122408 -34.05663630947525 4.723726357817563 76.9009946320164 -0.2547943052857485 89.14436910206578 -83.17405861418645 -70.03732231507533 11.221428481296076 -52.09083937741567 7.998896911847158 -42.378266119094135 -99.15634611725905 52.38040133967284 -87.82193444071896 -71.41011869940657 -68.05836459192683
701 9814 7.784318744805763e-06 0 3969.455926450869 -4.0972824446440335 -68.6517866699046 -7.169198613157783 -5.70075613488774 -34.68496718888764 -9.603697112913387 6.82591609874662 -42.83339861275247 89.48432861473097 -48.52552230527945 -99.99999999999966 -17.91688662573903 -30.116056010823595 94.12741053594411 -34.05710521538386 4.723515696707092 76.90096009308452 -0.25452960362972377 89.14460297546617 -83.17393147428477 -70.03709280091272 11.221672952233247 -52.088539393617836 7.998651667694331 -42.37858450221227 -99.15647859041212 52.38110851572366 -87.82241121417671 -71.41014669986957 -68.05809401722392
801 11214 1.7571506195342666e-07 0 3969.4559264476484 -4.09728824401848 -68.65178771853914 -7.169189956105343 -5.70075592498182 -34.68496403566764 -9.603694986204342 6.825913639085814 -42.83339935007931 89.48432884399384 -48.52552074207378 -100.0 -17.91688223134948 -30.116047637941573 94.12741325154394 -34.05710375268389 4.723517365912474 76.90096238422167 -0.25453194996002604 89.14459981680898 -83.17393080199184 -70.03709000505037 11.221673547432102 -52.08859596254289 7.998655817315586 -42.37858553285079 -99.15647226653756 52.381108047457694 -87.82241241029759 -71.41015517344138 -68.05809696826864
843 11802 8.318639899093678e-08 0 3969.455926447647 -4.0972880252418395 -68.65178778087181 -7.169189963787483 -5.700756005814043 -34.68496404889811 -9.603695109345217 6.825913320501488 -42.83339920970172 89.4843287990498 -48.52552064559504 -100.0 -17.916882212866497 -30.1160476387205 94.12741328617884 -34.05710360007404 4.723517349110221 76.90096242788678 -0.25453201905224837 89.14459989185383 -83.17393071473424 -70.03708986525925 11.221673281893846 -52.088597198487065 7.998655740635978 -42.3785854487417 -99.15647220985727 52.38110770084953 -87.82241248996162 -71.41015503788307 -68.05809685970902
