% # columns="iteration, evaluation, void, void, void, xmean", seed=43, Mon Jul  6 00:54:04 2020, <python>{}</python> # scaling_of_variables: 1, typical_x: 0
1 14 0 0 0 43.148820162829054 16.87734642103123 12.443246330437958 3.9550926890106637 -28.86899009005102 -35.59301848771389 12.114892467341697 19.053999381134197 25.82558277120097 8.400246448637208 -3.946489062746232 -34.143160012158 10.27887949633308 -9.950192533158672 -33.05566844411864 3.621570201983217 -28.08524980552562 -17.376335289333763 11.298955026000133 19.20483123653839 -17.06837546113946 30.88790269613464 4.937798173596964 16.70227932804547 4.386575544305999 2.537032428001639 34.058210914854 24.004642170433243 11.391346249638303 22.281395244568486
2 28 0 0 0 50.070647768625136 19.145830242839985 -34.26925670536392 15.767232552353233 -76.710904558639 -7.21626441591566 -30.751218159051085 12.331996957848801 32.402491626949555 2.5407140165017106 -3.5841014527989654 -46.68733542641349 -1.3150604782036819 4.931465184264738 -43.53015905835198 33.51137769341961 -41.09665576270921 -4.1983301688613 2.39765426340405 17.850909044881 6.5824530203507585 73.33914366556229 -9.882815617018906 5.809061177676018 1.037948466863158 -9.905975246202766 36.219180294022955 29.11327495123453 50.8774617361906 106.91673056596332
3 42 0 0 0 71.30050348840537 36.45443412369944 -18.211684871430393 1.3591014532067334 -63.79764445138645 -38.802823944351324 -26.4828034128909 -3.256197666025715 40.16436747599291 -3.3588886953006094 -20.430632821309164 -34.13266389785871 2.4316501829581347 -11.042189948355464 -52.016921030806564 25.061782666307472 2.0313844413600393 22.51839123733594 13.982378495813586 23.77045777456921 -9.805910250482263 113.75202923589002 -11.833396051084227 8.03943965070218 -28.1848215872935 -21.753766166810074 45.58575680780221 13.089559631377526 33.28367126284327 138.25969515989183
101 1414 0 0 0 146.851206172549 73.80421938570477 -2.2681997335957003 30.494081762848694 -192.02804298094813 -37.95412463242973 -189.18135446481696 0.3053221138692918 49.37827034194901 38.18256255600829 -56.93231455900276 -134.78458492008642 87.17572400752242 24.197052893917743 -49.50858296308713 29.158275652484722 -39.07948041214235 134.87741627288213 56.57803376016613 42.94160011173716 38.28569086626008 119.94128876096039 -34.29436299738539 23.874683559692368 -46.067700434963484 -163.30744627372408 98.32435394707407 -140.34360315478017 114.35753170396025 64.0705826988961
201 2814 0 0 0 146.75349944772162 73.3175729812092 -17.895477272857416 29.697983061211243 -187.2356395289192 -37.344141354973736 -196.3193178776772 0.196836767932522 52.06939060908425 32.659738926054345 -57.25080509779975 -135.37158999397852 87.0794043769607 16.131842654559104 -48.79802427710208 29.03401743623486 -34.03110653561506 134.80719745107027 55.942751070786294 42.7371649697296 37.071567970477 114.35836163068878 -33.748940559277045 24.109294452500258 -51.299029645496404 -162.4834958449116 101.37211712364694 -132.6911701604466 117.07607124869585 64.55142014989241
301 4214 0 0 0 146.4188258607898 73.26505326084967 -25.262023231735462 30.00840556584109 -187.36745004352287 -38.028875353105 -198.01737231721947 0.31598566901834996 53.7195304989621 37.19813184459968 -57.30861503146764 -134.833863612565 87.88854820500919 17.557427887146112 -50.136121759911696 28.68645555799421 -33.00986665715757 135.984894541687 56.41760225865833 42.77168458431782 37.48413140870164 113.96518676264664 -33.12978117518612 23.729713952146838 -51.79400024746029 -167.49599797435408 98.20329913735223 -132.38911530727367 116.94952010736729 64.38826289455542
401 5614 0 0 0 144.24043168795652 70.40978170573091 -38.86669395470515 32.02360665821572 -194.16418327160886 -40.959897329619295 -204.1626044535782 1.4346896656994632 54.726371402972376 44.72370562545843 -57.56724919634742 -131.3258621144417 100.1896238170528 7.800468867812128 -58.548794687454375 25.871888119137434 -31.36300729959036 131.96486210791014 59.34926227149034 42.86508641959876 39.70562686991206 118.13011991897758 -29.21510095039535 21.542490557558473 -51.83803280915018 -168.20777174832088 76.15303926894556 -147.8442278926412 113.82137731919349 63.108963351362405
501 7014 0 0 0 143.13932036097998 67.6620076328321 -47.36012039803192 33.075741471105786 -193.98856562949035 -44.05063098893795 -203.66602880193224 2.017123253035447 55.745331930697574 51.012618902045055 -57.69606284650887 -129.53182972069914 107.25607914565667 -1.1096813057730681 -62.95910985945671 24.43963674636042 -31.9699175570861 129.39522353852598 60.88338033453368 42.904453740241536 41.469325524922716 120.30557652242693 -27.190489934679714 20.424739400541547 -51.54957565232231 -166.76845420050094 65.2425338009677 -154.601634665761 112.42535053599697 62.48783914441983
601 8414 0 0 0 140.76423994633444 59.55033473929921 -65.22800961486902 35.28626695755338 -183.82556209583993 -55.2999667762509 -189.16586623436373 3.285313010973294 60.023044047625994 70.07107960710346 -58.00184779097397 -125.6828468946651 124.14686461219556 -35.47552541658598 -72.22427373714729 21.36328092059464 -38.182157054668934 120.88283251020914 64.14699956112341 42.922725932097634 47.19007585369877 126.43270625474409 -22.821713376877316 18.000324623789187 -47.611005508031596 -155.25404425617998 42.80644295397033 -162.4436016765316 108.96197973743502 61.1686746200694
701 9814 0 0 0 141.2753794507308 60.031843793838 -60.55125395291283 34.81862137545852 -182.71543401916117 -54.46939492488893 -186.86762988780887 2.9977720790081026 59.3363495409181 68.25755250509307 -57.90111884701132 -126.51210982615305 126.73404267221072 -33.604514298308956 -70.20929741429767 22.012299783810953 -41.21069569181887 121.61147012559962 63.43277629025354 42.93047919501875 46.841860049601394 126.95983601757581 -23.751825256832227 18.53699707543559 -46.02427143353074 -156.05132672096795 48.45779513641034 -157.48169624011013 109.33495485952479 61.427879772487515
801 11214 0 0 0 141.29042237374316 59.96453954355937 -60.269842162922686 34.80351452282243 -182.25052893437083 -54.5618536701393 -186.41074196110847 3.0007670669447304 59.357829571265626 68.24657932226425 -57.916120688994624 -126.52321837552034 127.4004020276654 -34.071665361591506 -70.18499963495083 22.034525398093187 -41.69027396322731 121.56809840230865 63.42304461191969 42.94110052580723 46.95578049445717 127.1869921095169 -23.762959641152793 18.548767052866296 -45.69174238162949 -155.81868865430508 48.70083127270619 -157.20655164373605 109.2429884167807 61.44096896157054
901 12614 0 0 0 141.0484575993715 60.30811894961012 -61.00666462367265 35.02818914563691 -174.71769591866862 -54.327523400345896 -187.0080811199917 3.1234265855765586 60.634863928362144 67.26936245565238 -57.94724945116638 -126.14110621097616 130.8078611985268 -35.82574209317291 -71.11565023304536 21.725855365134464 -45.11969198582257 122.71243090893526 63.741067754104535 42.947264334241694 48.13547841677256 128.0774146643264 -23.32949321950904 18.304098926078932 -45.02165131454878 -157.88617320347848 47.9030772620739 -160.06005419532488 109.76907137637987 61.30406150968354
1001 14014 0 0 0 140.83683093108857 60.40497939188525 -62.00090961963258 35.23059644536558 -169.07405236254252 -54.30418770443285 -187.20014200058415 3.2386103433843543 61.598398495764464 66.94842164461157 -57.96955499979883 -125.78539850934008 133.5309059039226 -37.67249912377835 -71.9619959174674 21.446162092388548 -47.599615730705786 123.47580849443555 64.0439779341066 42.95498750134983 49.03927627239929 128.7476436402132 -22.93035918176172 18.089041738934043 -44.437469950835485 -159.0353049998064 46.86388825461308 -162.2199832688188 110.02879146285375 61.18036672995368
1101 15414 0 0 0 140.8458274119246 60.13982428285814 -62.23085735396964 35.22311851892985 -169.26719571177463 -53.96868063318098 -187.27203200107718 3.233531151148804 61.50323694183107 66.99350496157479 -57.968683274304695 -125.79765926390922 133.59713158722823 -37.42841898718019 -71.92966083493867 21.45766923973066 -47.129501780152715 123.6551543280009 64.03177409490537 42.954474281544094 48.91111162585566 128.66544579777369 -22.94501328964244 18.097402820712077 -44.27527364884525 -158.72714642573706 47.02577618089648 -162.4818836349861 110.05236516529362 61.18617641650639
1201 16814 0 0 0 140.81523909374138 56.504929199171514 -66.19194903182031 35.24973036789086 -166.37108569975038 -48.64181090479897 -188.50648364143427 3.250739400061379 61.20407248076121 66.95323981199003 -57.97199484055459 -125.75118269375018 137.56841813510155 -35.42324538636342 -72.0458839223675 21.418004381257244 -42.682544286166554 127.15056354725924 64.0741704986916 42.95453606740645 47.93908192756811 128.2361501247339 -22.89145688395055 18.067614204699986 -41.35084779029164 -155.58320542470153 49.183518511917754 -168.4081222050757 110.67196255370362 61.16790130429336
1301 18214 0 0 0 140.8544311077816 57.19041942596515 -66.18998157129623 35.213919726116956 -166.62137671930003 -48.51450170728249 -188.41137774389586 3.230077410259581 61.34492901158964 67.07150023981967 -57.967316395002236 -125.813798429555 137.63902302987518 -35.53543092561041 -71.8924802325126 21.46769664425131 -42.944366019674035 126.94529334421821 64.02065213191273 42.95346992585784 47.945087325633494 128.70645021085735 -22.96290318839213 18.10478078996477 -41.77419802717148 -155.83019461623192 49.398173032536626 -168.866404178698 110.82624120152985 61.19110970452919
1401 19614 0 0 0 141.46812396937167 65.55269701910564 -71.36085358033273 34.636962889629764 -168.51480363568527 -40.43303795585615 -188.249167392704 2.9063261391843036 63.25084767860468 69.51674390677891 -57.89439545814995 -126.81339653236735 143.29075074038957 -35.372607295403746 -69.48394103905726 22.26714607949296 -42.528726473919114 127.69960682855607 63.177604337836996 42.93508051171312 47.20905572805512 136.6944325024939 -24.09023720998963 18.729774549460963 -46.58961395972268 -156.67218203035526 55.580290447006305 -184.47070666044192 114.5055944406569 61.54226626338231
1501 21014 0 0 0 141.49725807576527 64.93909474684008 -71.31507949842585 34.612196204804334 -168.6131344469568 -41.33150404664164 -188.17288812012328 2.891978669306377 62.7436663861914 69.58166174757974 -57.891427523406946 -126.85749517873514 143.2883944126712 -35.52115562167841 -69.37562478559755 22.30416376829777 -42.5887733413893 128.1014473601301 63.13901057718078 42.934187996912264 47.63044143046703 136.29136139684468 -24.14154239333362 18.757463969533852 -46.5555671808314 -156.83069719884426 55.597228689719124 -184.5887322668601 114.27526435180859 61.55678583761204
1601 22414 0 0 0 142.66423840263832 68.25674024379333 -77.01406056250359 33.5122983901014 -172.77429536477206 -43.71628485969975 -187.09759680219068 2.2789980048229013 58.61673507018714 73.46682138738315 -57.753441585665065 -128.75995645670784 150.09765679046777 -36.89773325214531 -64.793840384459 23.822087114316364 -43.368167410243124 134.34829322550016 61.5361290895995 42.89985000882385 52.21056192651033 141.032865606366 -26.28756802480127 19.941783784066903 -52.342524341157784 -160.6414054595056 64.00628530496705 -206.04196569134936 116.04338601481906 62.22747932243662
1701 23814 0 0 0 142.99085275126654 69.0913259665081 -79.67390650976365 33.20790978217334 -173.68186096329012 -41.993139434834795 -187.12749329102252 2.107483634656139 57.70975329733281 74.59512831996844 -57.71438659434014 -129.28882159992514 152.92341713325175 -36.53360368779571 -63.51559353843778 24.246647344618932 -42.246172534659664 136.53964370281352 61.08869653121511 42.88825409612553 52.819763900755476 142.86681182218513 -26.884592928042704 20.273382799284807 -53.510631307286246 -160.76178374620207 67.15589085734578 -213.71255468133427 116.96349308053915 62.41348692624746
1801 25214 0 0 0 143.00225360815176 69.05531830389326 -79.78350455903124 33.19731041088572 -173.62811988423502 -42.033633993159086 -187.118708672542 2.101043056752835 57.64193304811921 74.64566349031088 -57.712730370905355 -129.3077188135081 153.06689882543225 -36.580572040733806 -63.47062064131895 24.261581149850198 -42.252446737366796 136.65945281787498 61.07271322556728 42.888825947846875 52.89286934097745 142.901118373796 -26.906258184714524 20.285143390309294 -53.55212555484326 -160.80889381025275 67.23858117104261 -214.02894125430186 116.9696832650981 62.4198960413804
1901 26614 0 0 0 143.03904734329913 68.98362844282387 -79.90585084898751 33.161820312769954 -173.51138275458177 -41.91992964046778 -187.06827774468155 2.0808892248524167 57.46154253865974 74.72701452675919 -57.70739158498048 -129.369380628252 153.3095006346495 -36.726831736824295 -63.323642293427646 24.309454944133368 -42.13434195802289 136.69172135191306 61.02063003604974 42.887615927138526 52.88835351078553 143.10872040996693 -26.974610582544948 20.323222105602134 -53.7401741071835 -160.9628052717204 67.36748606680509 -214.52428299660664 116.93220834940578 62.441637939882405
2001 28014 0 0 0 143.5379818655952 68.01113118316054 -79.4274864235893 32.692916735010364 -174.77923189395764 -41.583385630582875 -186.36673955917104 1.8195828843878779 54.26991747576924 75.4332829249304 -57.64936414007666 -130.17906100924193 153.29209104435338 -38.08132345332462 -61.368435032534606 24.958597272803818 -39.8498934819433 135.31145472957658 60.33775623481852 42.87119766583351 52.03704197377268 144.74072966064173 -27.890318706575282 20.828283072319632 -56.90804040599303 -163.20554692158632 67.94100773163632 -216.40270599330984 115.58212415538415 62.72691966901192
2101 29414 0 0 0 143.5530633028231 67.88048130766681 -79.35071036291394 32.67944005464714 -174.6599633862633 -41.59427945234981 -186.37799648461075 1.810949286008175 54.343696639821005 75.36831590736894 -57.64785082907544 -130.20362691861445 153.26157868238167 -38.08368532133152 -61.31008766343814 24.977652215126074 -39.66045221964108 135.40119524632905 60.31591470597901 42.87204582285467 52.184065193021226 144.6680205026786 -27.917103408696157 20.844359571823897 -56.72561858969239 -163.2058377923073 67.87629608368691 -216.22017333199622 115.76531163839104 62.73517872884897
2201 30814 0 0 0 144.1245943908169 66.79546830706761 -78.44101226603118 32.143682391188726 -175.71253196650306 -42.55045366451288 -185.75105057594823 1.5107268619924243 53.213397151821184 75.79003425619713 -57.580077836215686 -131.1329565597527 152.67463539069598 -39.30065868850875 -59.06818057864337 25.719954015790407 -36.19588595323797 135.70216139237888 59.53089728453695 42.853769718421 54.45625753642651 145.3106707839237 -28.96649688460321 21.423525311548442 -57.32002835601421 -165.06921742632295 67.80458859756112 -216.37538571344038 117.77480832275292 63.06223013522323
2301 32214 0 0 0 144.15192913419935 66.67289372945397 -78.47687003016878 32.11782199699905 -175.71510292614116 -42.50738137709515 -185.74487344214026 1.4969491738944134 53.17145642176957 75.81093860294035 -57.57650751554915 -131.17669979675043 152.7235625646582 -39.312200759072596 -58.96237219441659 25.755539733629867 -35.93220835034715 135.8129794506368 59.49463029842832 42.8532001573974 54.58286694341597 145.3284741686696 -29.01616516744747 21.450657303896584 -57.26574450109975 -165.0862107136406 67.84502919808664 -216.4893991123669 117.91964498483841 63.07824502026817
2401 33614 0 0 0 144.15591359321843 66.592451189725 -78.44148214091507 32.11382487507832 -175.66278307735445 -42.41175842987311 -185.75809374613428 1.4949925836309024 53.237009914539854 75.77889345029867 -57.575912803552335 -131.18355911291658 152.67640816227785 -39.300028010152076 -58.94683968418736 25.761371154834094 -35.7366188139862 135.81377017857943 59.48961420626974 42.853154548040955 54.62029711371645 145.30295110435958 -29.023584916308756 21.454673170760973 -57.157266507178846 -165.0486947555641 67.77105566196383 -216.32639534132065 118.04525153592456 63.08047068340457
2501 35014 0 0 0 144.1297003946046 66.57054522226828 -78.41027044783273 32.13861116385719 -175.53223805078335 -42.38996510844196 -185.79075977008543 1.5088263734001366 53.39755291772505 75.71821213356995 -57.579161985274595 -131.14064048973918 152.62844268896873 -39.26615462816069 -59.05070500626803 25.726805809093467 -35.79652642231819 135.8080694589498 59.52612726609919 42.85348267562412 54.61062518058493 145.21242866939687 -28.97515209081263 21.428149723695107 -57.00093394099829 -164.9420304852587 67.64613404840728 -216.06175985617082 118.09886865605156 63.065149041050645
2601 36414 0 0 0 144.1452841730124 66.73407745034694 -78.28009491966088 32.12318162303051 -175.48916264675944 -42.089020667204665 -185.82717426682248 1.5009323145463984 53.79864700683147 75.62891014496657 -57.577756206607226 -131.16695024172202 152.44618915497654 -39.19895014387859 -58.98724162118285 25.74666558240563 -35.82823946020277 135.65645008128075 59.504441089537316 42.8530041581797 54.32792791747472 145.28856855322127 -29.005094317223424 21.44416479556002 -57.19815272294004 -164.82605250784275 67.45688510906545 -215.56014722289228 118.33762913139496 63.07361608729142
2701 37814 0 0 0 144.95929939287214 66.25560977575688 -77.4437895907295 31.359304487575063 -175.6474277325522 -42.934106028841065 -185.62133097598033 1.07247231557202 55.95691314011033 75.52537768107923 -57.481869530229346 -132.48991867391075 151.6557254164473 -39.64636305125424 -55.79736429443889 26.80523403067998 -35.5349102753813 137.0437467902096 58.38767023580738 42.828582501367606 54.17999988305357 145.56137908975984 -30.498464986900185 22.26979272293331 -60.48456659715412 -165.3409507058382 66.76505550646351 -213.95838310702672 121.2961937777802 63.54065585604053
2801 39214 0 0 0 145.01952555794622 65.65044804644569 -77.4992659602982 31.30356400671759 -175.59767336588206 -43.11670262964866 -185.641375663716 1.0415128311855626 56.18465529547118 75.51497330702458 -57.473269449928274 -132.58745658392542 151.6768072797373 -39.58890153998106 -55.56372165341019 26.882626946434936 -35.96242456249 137.31461641329636 58.30582342062855 42.82645839113032 54.04042184765949 145.91024550857975 -30.60790292104568 22.329864553946454 -60.858135603001365 -165.2028885731201 66.74368420331794 -213.8889410342704 121.43679752127304 63.57438144147442
2901 40614 0 0 0 144.91111157028968 63.91784624794133 -77.50300392258592 31.40503999876414 -175.46664020796123 -42.90441150310225 -185.81304648034754 1.0987780450231923 56.17272904171159 75.31924509796366 -57.48669408676775 -132.41104627904653 151.5396645667085 -39.203273335015595 -55.987256831979565 26.742396546082183 -36.61884290301283 137.2177340656806 58.45417773407751 42.829629565105016 53.694057124508404 146.93880763642375 -30.409264483600076 22.22018305557347 -60.48802719810256 -164.70328892082267 66.62254900810647 -213.27884087295016 121.20018924879348 63.512297774268276
3001 42014 0 0 0 144.87710553533233 64.16306611595141 -77.45669165524684 31.436802429449664 -175.7153845952749 -42.99760990877194 -185.72944297884345 1.11614113766059 56.25129107033415 75.42053669749836 -57.490737682639434 -132.3563472417899 151.51496155575347 -39.33962473305651 -56.11921326880045 26.698904992249037 -36.863992832301115 136.92703808138307 58.50007098277765 42.83057087912226 54.15793982598493 147.59036258035002 -30.347260303888945 22.185942869982632 -60.20804405757798 -164.9625875982323 66.7272906521426 -213.54807894723245 121.73314201828725 63.49318191895421
3101 43414 0 0 0 144.8649434128715 64.11896125501711 -77.44886699829053 31.44807107895039 -175.70480321592814 -43.06862241583067 -185.70634598601566 1.1228097685706158 56.18903255998815 75.43713407869883 -57.492261704643234 -132.33638339379442 151.51833366972906 -39.392565804777966 -56.167697219949524 26.682390577083513 -36.82036454532846 136.8632630016467 58.5172330508579 42.83112888197643 54.05997326602797 147.69455876549492 -30.32479646462541 22.173403859002406 -60.1613764436213 -164.9840558018495 66.69827838793361 -213.53920474488618 121.74598146234757 63.48611601468695
3201 44814 0 0 0 144.7637052222065 64.38593130994478 -77.71670082256351 31.542979521330533 -175.65205165471772 -43.97878203117179 -185.7324521642687 1.175850150810605 55.96549489804369 75.5131695978239 -57.50427371212547 -132.17200601999028 151.83185869543485 -39.34807813843185 -56.563690068821415 26.55139068456747 -36.52142747077492 137.1047595004432 58.65576138273741 42.83420711684253 52.900476906850976 148.0481258928784 -30.139570139331642 22.071221968273754 -59.69507165343323 -164.97655075051478 66.97115454789052 -214.24406522600836 122.20022221881604 63.42826959170773
3301 46214 0 0 0 144.76405788646258 64.45021089206813 -77.71145115254359 31.543022447218572 -175.65544631893525 -43.976234553366055 -185.7345034274787 1.1758015074501091 55.98636229977743 75.50940679575564 -57.5040858330041 -132.17238083049443 151.82762569879247 -39.34524750529047 -56.563155070946316 26.55163158632081 -36.51292421719174 137.00203530938046 58.655417517749534 42.83428432951368 52.91885185216275 148.01471711503245 -30.139676947621428 22.071312748120434 -59.721466317298685 -164.9805525765049 66.97368385294139 -214.24541108640074 122.18228050263697 63.42843921029399
3401 47614 0 0 0 144.77044636225838 64.3529799585548 -78.00906733298936 31.536938674646514 -175.5611291807817 -44.12345065389498 -185.80290373688965 1.1724198119287015 56.07197452529927 75.5454595920922 -57.503336440912335 -132.18272999171836 152.1241211278832 -39.210270478857346 -56.537950551266405 26.5599706609803 -36.41841783397248 136.7335669168994 58.64662477261568 42.83402118651186 52.9739469075945 147.97064702580275 -30.151482298347055 22.077864307687932 -59.77832695576916 -164.81392868700766 67.20885475738501 -214.818865136347 122.2221444783614 63.43210789109403
3501 49014 0 0 0 144.76880849111478 64.35150896544964 -78.00417385909363 31.538404185616063 -175.58204820721193 -44.1077263140362 -185.7943916886177 1.1733165191608972 56.03586054563598 75.5551417159373 -57.503517618434934 -132.18018461413422 152.1247760672929 -39.22518800724236 -56.54413731771568 26.557886748672594 -36.43140750458952 136.70664142376555 58.648797352001445 42.83414730117491 52.97197498393817 147.96027322954788 -30.148597567604444 22.076277664580115 -59.783412753453554 -164.84301502575278 67.2209335881132 -214.85032765131817 122.25268169161292 63.43117527522747
3601 50414 0 0 0 144.7629730296847 64.33953998141443 -78.0294745057944 31.543958091899068 -175.60528756080842 -44.07935131907174 -185.78583760240429 1.1763634189230996 55.98382725753903 75.57656648704122 -57.50422972383749 -132.17059800771827 152.15562102551462 -39.23862826208884 -56.56727541866006 26.55026969863722 -36.48875577769878 136.69019551718995 58.65686159105609 42.83425164456922 52.95986845762183 147.89942881838846 -30.137760730967226 22.07029456445746 -59.77429385697025 -164.86609858282515 67.25865558237574 -214.9521945391597 122.335846913536 63.42781749451361
3701 51814 0 0 0 144.77275929190643 64.3405726714675 -78.03512483543406 31.534753912117054 -175.62195390189007 -44.07777816701274 -185.77982511597295 1.171237583501452 55.985430889165116 75.5870687725259 -57.50306865465426 -132.18654093352202 152.164153299013 -39.24844486753765 -56.528846610030996 26.562995894032966 -36.4899526378504 136.69074136093556 58.64343721216675 42.833962982764845 52.95454145183554 147.89680985612145 -30.155740615021955 22.080237791059382 -59.766601841845215 -164.88376281606077 67.27418950897285 -214.99420498257646 122.33112004512591 63.43345849402968
3801 53214 0 0 0 144.81244602382742 64.33154298888671 -78.04986157896798 31.49751980741619 -175.66175997581755 -44.07622334402132 -185.76339545834156 1.1503830792111263 56.01553886772287 75.6148765777951 -57.49836068841819 -132.25106492403737 152.19087961230852 -39.27626233432301 -56.37328654290955 26.614583038982033 -36.4953652819384 136.68196068136797 58.58899004504518 42.83272182310784 52.943239775764404 147.8915174273255 -30.22858532495705 22.120458793386284 -59.74299841662388 -164.93633941659914 67.31842808736413 -215.11185831947546 122.32035882683469 63.45613512308059
3901 54614 0 0 0 144.82907690811268 64.33264517530061 -78.04548592329789 31.48191996215024 -175.640439292158 -44.078760237077624 -185.77138193654162 1.1416637289835845 56.00486989602427 75.60244514592574 -57.49637742844974 -132.27806872134147 152.18234224934338 -39.263657600791234 -56.30819763117385 26.636170803811833 -36.49520094121247 136.68125036293836 58.5662388550719 42.83219153302335 52.946960521003525 147.88896151833137 -30.259044947252768 22.137286342773557 -59.74275255938102 -164.91353442323123 67.3003296641844 -215.06504600165346 122.32874297491927 63.465646997727426
4001 56014 0 0 0 144.84109999089554 64.33696833032711 -78.04185038197869 31.47061203064443 -175.6284561926626 -44.07695715947989 -185.77690349791195 1.1353340149962636 55.99476359847533 75.59363494144125 -57.49496764040154 -132.29766121557745 152.17412407670153 -39.253599885985764 -56.26094765063452 26.65182865233741 -36.50091261587875 136.67891880865903 58.54967459752875 42.831846692427774 52.946046197419 147.89484440510785 -30.281180164363757 22.14950818938339 -59.740076362803435 -164.89419401026925 67.28657200558048 -215.0273666646101 122.32430219900422 63.472535483418675
4101 57414 0 0 0 144.8411567218307 64.33716708535731 -78.04179552147266 31.47055955027279 -175.6284620286905 -44.07694707037736 -185.77687262531964 1.1353032779284762 55.99465269852694 75.5936447740153 -57.494961796408184 -132.29775321894655 152.17408569550437 -39.25365344573849 -56.26072712352797 26.651902639698754 -36.50111570922714 136.67908143518633 58.54959686110863 42.83184573915856 52.94612822183159 147.89492255847014 -30.281283186636223 22.149565319501036 -59.74004810266626 -164.89425835847155 67.28653318342913 -215.02726868769787 122.32414736805272 63.472567674686054
4201 58814 0 0 0 144.841167153339 64.33716373322204 -78.04179992046865 31.470549733566376 -175.62847266128225 -44.07694361109253 -185.77686884544585 1.1352977830255473 55.99465626995876 75.59365184215417 -57.49496057219131 -132.29777023687816 152.174091504304 -39.253659866001044 -56.26068613058157 26.651916256352443 -36.50112046135687 136.67908905039297 58.549582504338325 42.831845417057146 52.94613246871695 147.8949302840871 -30.28130235585855 22.149575938964524 -59.740044569651864 -164.89426950530967 67.28654312190454 -215.027296228615 122.3241513156435 63.47257364320916
4271 59794 0 0 0 144.84116722617486 64.33716373612927 -78.04179982356429 31.470549664588567 -175.62847245997997 -44.07694358685064 -185.77686890119364 1.1352977445528265 55.99465661701824 75.59365173100304 -57.49496056391694 -132.2977703554487 152.17409137268152 -39.25365980250275 -56.2606858445779 26.651916351846417 -36.50112045414307 136.6790887810489 58.54958240382621 42.831845414603706 52.946132371163614 147.89493035778733 -30.28130248956619 22.149576013107524 -59.74004458701837 -164.89426937856635 67.2865429000177 -215.02729569928832 122.32415108068643 63.47257368459952
