% # columns="iter, evals, sigma, 0, fitness, xbest" seed=43, Mon Jul  6 00:54:04 2020, <python>{}</python>
1 14 50 0 25435339029.15473 69.61312746444624 20.397818650188356 74.42553496785175 8.066786585907735 -20.344945147810794 -74.85529684715793 -65.71923454216689 45.34128610370924 32.447049056092155 -4.485003571185512 -11.219127694657491 -44.38105600535632 -8.318545367218466 6.174582486512525 -99.14190637456068 36.260561859550954 -99.32772321253877 16.849393965182465 -2.234983233136546 14.604166046978953 -32.42602566095316 84.67687602977098 35.905940538937465 31.772026477523447 -8.947138130716025 -3.7628745207252075 44.28682342913163 65.1174660785074 70.01202342918144 -2.3194770237879228
2 28 49.77881579526394 0 25413698104.58772 58.367349926102555 -11.063807790667013 -58.88631306436274 -20.430797094941322 -82.37418519450375 -26.42024658531971 -66.74900877168986 -4.936348119434559 64.3590774358117 22.17431840904179 5.189873050133358 -76.17931537138085 54.59418380391415 23.959955806297245 11.808322650666113 0.8749163738376904 -36.191767480509284 25.27694034156494 -41.2921120457227 59.05325361676294 78.41878540147385 78.33926231299614 2.512633333251589 -23.37187948539504 -29.792268641073917 -30.475214419035595 91.03527315564699 37.60336510317474 87.44429232683791 44.34754782923491
3 42 51.188788956415216 0 19518769839.412716 58.49265249918918 87.75651726963622 56.76164534532341 -1.0586040631591604 -51.02695784399128 -55.703266780394344 -64.37446604346304 -13.738316233131293 56.45062134366178 -40.284390417222696 -16.202803709785716 -56.76756015518829 -36.06088923257444 -6.117328747368539 -86.15443941782223 17.568763003192224 44.71384619327281 28.217139585285263 -15.11802474720961 50.56875155712708 -38.25894410917624 42.99104503483974 1.7339949274690785 64.59910686264718 -44.0423965161387 -53.842153211110706 59.59769867603255 17.616616362772252 5.56093487940668 87.01547236070783
101 1414 0.900719422682392 0 16541869.436946683 63.15962582616913 75.27153451724473 -2.903175762134791 30.99934861338521 -19.27220703666117 -37.687410901840074 -19.849208130676203 0.4205519999809491 49.19476158998754 37.46062401698075 -57.139046781572205 -74.55157408739097 87.19999907306833 23.603686047475676 -49.03822740690779 28.95527498907031 -38.342879020466235 75.47374648653252 56.33297319824048 43.05186139540041 37.5317991688904 91.95947169667326 -34.122538806183194 24.133139639918767 -47.07996643267251 -47.52019729504042 97.90888122170372 -68.94506209432774 94.584640638184 63.42763425413738
201 2814 0.08513910655283062 0 2099514.4157184595 63.36233717190839 73.36752450892479 -17.96069924116018 29.697169031619897 -22.905631849527367 -37.353529911767254 -13.795009358973232 0.23138060858468554 52.00587260045623 32.643185365680814 -57.32069866939924 -74.77210186264924 87.10814321627726 16.260364748816936 -48.80202206134673 29.034494679773633 -33.98706570725871 75.28140262902963 55.894621702818 42.72554309083496 37.07263464060897 95.62936427390544 -33.70187136618933 24.140712297356707 -51.38006719684046 -47.55015285895365 99.32769248532894 -77.3594597844016 93.0237015569135 64.53914986305719
301 4214 0.052417565977272366 0 1579576.7106770999 63.69206551212204 73.2932306834594 -25.487051393856593 29.98880661775083 -22.691029144233795 -38.00553012428654 -12.084482619753345 0.33192707205663746 53.77688910659058 37.4213954011081 -57.29288475069957 -75.29757337512453 87.86371709453249 17.676202563627456 -50.20788341459166 28.67292274568063 -32.94926366346492 74.09012340068284 56.472429807989215 42.75545028065014 37.489526660351736 95.99624991344818 -33.07255643083155 23.729873545403144 -51.76188212848163 -42.49108513926737 97.57447643323516 -77.70932035566284 93.21202476316097 64.40908446549496
401 5614 0.052914967403755835 0 667161.939188723 65.8941878878243 70.32058521434078 -39.12526223208351 32.05874524165752 -15.907925670178827 -40.90868981320496 -5.851720341837847 1.440445124169157 54.72608921027642 44.80779461612333 -57.578625369384575 -78.79822828855723 98.88042725510543 7.703888496636398 -58.6326939693118 25.840082666870618 -31.317500263939362 78.179368066482 59.3508058275664 42.873996397112386 39.73330667589745 91.95970860905891 -29.13269517477973 21.553079949404673 -51.873598546885034 -41.90817383739889 75.90495946222154 -62.14212872597457 96.20452436881735 63.08435782034642
501 7014 0.06651912951821598 0 530260.3248979045 66.93558275757138 67.66782539810688 -47.21271873853876 33.072228768350406 -16.11542697151168 -44.005132697741 -6.515189721745031 2.0216979229178746 55.70599112535353 50.89623090301683 -57.69687147831726 -80.55102866235444 99.7697047233126 -1.138892700215336 -62.92766216877624 24.46055895886828 -32.02807227928512 80.72845128910802 60.86839541438186 42.905286436357585 41.40027395703615 89.85627113168138 -27.19854321434226 20.436358780743905 -51.59034666852022 -43.40727085811986 65.43942053563049 -55.54399595064609 97.3104062392441 62.515526410714166
601 8414 0.051345636480804854 0 103277.55691743754 69.36353234771414 59.53455679660901 -65.48643215515501 35.30444866788513 -26.42917455031835 -55.4075952934185 -21.059611163229533 3.285447156149206 60.1131552135247 70.31729855185608 -57.9924964146436 -84.44768277957004 85.83971201139477 -35.82290085254967 -72.322853069767 21.32165230742725 -38.206153743760474 89.2755137052846 64.18126765347856 42.92986541956608 47.25900493464121 83.60862466262748 -22.772947583379946 17.983699487076095 -47.559876732211144 -54.88449229023277 42.549604618029115 -47.59141688895693 99.25625194200572 61.15265859295512
701 9814 0.048512045571520536 0 20524.41062760817 68.82337636625596 60.01434201025769 -60.62155784284597 34.82203597361159 -27.42525844907925 -54.46324025957154 -23.28673152900643 3.0031178044638662 59.394253604168064 68.33607283834358 -57.8930384248962 -83.61198298380751 83.30813304947239 -33.74498048298921 -70.23189810241405 22.005743835395478 -41.23925532904576 88.5672437312054 63.458786272160175 42.93333430515896 46.85065570173059 83.0616835088345 -23.722366575160297 18.517694760453427 -46.003514139196646 -54.132550799295814 48.39098950651076 -52.59854460945155 99.10029017985187 61.40148292089593
801 11214 0.004338150851264518 0 16164.314261201649 68.8054548303086 59.97629051935659 -60.24047117580333 34.798264763457105 -27.84163279492256 -54.549117068358875 -23.671322271192793 2.998935487798785 59.34802085458618 68.2207280140571 -57.91731560766658 -83.57108805366353 82.71326144878478 -34.02413053929798 -70.16933063082985 22.041321284251566 -41.68732505088787 88.5136830257072 63.41687252432416 42.939979011181336 46.951137374633575 82.91959344809695 -23.770701549186562 18.553947590944254 -45.69107867744721 -54.25784857242897 48.73592928243003 -52.917332438363985 99.12800139439993 61.442886137054565
901 12614 0.01886313081662802 0 10184.746866525033 69.06760379231847 60.253739127641374 -61.1142038623004 35.03837598014721 -35.469800617836796 -54.43842589566918 -23.244529025151053 3.124378497090006 60.66444859153203 67.43120946196451 -57.947464494533925 -83.97847905828682 79.14747898116408 -36.09114231470018 -71.17179180921794 21.710603561929403 -45.17395395192441 87.44241073811313 63.765063471903794 42.94694864168122 48.177548974006335 81.96898552553992 -23.296116041389155 18.28748704414303 -44.9786830556774 -52.26575837654161 47.79553366600199 -50.05149885434 98.91006034209309 61.29010994637632
1001 14014 0.0011695584271944524 0 8477.211858614264 69.26308868239778 60.40633507498597 -62.00050467579734 35.23048409189906 -41.03482638964465 -54.301827795908196 -22.89380480111089 3.238654941247172 61.59859976363692 66.94319550198895 -57.96948946118245 -84.31450735106105 76.56863179542432 -37.66673200977265 -71.96215936378717 21.446173343213147 -47.601746188566295 86.61951181367036 64.04403683720881 42.95505779555555 49.04034019505649 81.35435392451336 -22.930126243642587 18.0888668543869 -44.43800003939437 -51.05831297568429 46.86594497064662 -47.87469881123056 98.7717221955332 61.180273741313975
1101 15414 0.00566772164126548 0 8345.179832870697 69.25106568488823 60.13869778509792 -62.218335911986266 35.22085930327009 -40.762074542315446 -53.9584339858073 -22.828731781831095 3.2318318731877875 61.48765214442581 66.99477514161376 -57.96865377993671 -84.29730422931051 76.53005880334425 -37.39600063016668 -71.91829643682401 21.462285085168908 -47.09599398669689 86.44371466491557 64.02746553731951 42.953853279172705 48.89390995784653 81.44290438834108 -22.951064749354277 18.10017650134177 -44.28094800329241 -51.38614174234908 47.05229486890539 -47.63732516576141 98.76371126690167 61.186978065554435
1201 16814 0.005878953401662073 0 7264.571385511038 69.28695534280178 56.54040195521696 -66.18051653799682 35.2518714019662 -43.7679800522329 -48.679708205085355 -21.61047610807725 3.2515996231161814 61.22316679139396 66.96061126153565 -57.972668202216006 -84.35333027252076 72.52419880892003 -35.46750825723154 -72.05631283882252 21.414577513214255 -42.74672641988616 82.96990283233859 64.07819714976831 42.95392770256202 47.95770683523802 81.85172016216987 -22.887334641853457 18.064516526245722 -41.36691587402205 -54.47898316361071 49.15637334710773 -41.714329617195034 98.43528463019406 61.16661314400458
1301 18214 0.006675506507981062 0 7121.3169651622675 69.2503889956538 57.25211328327574 -66.17990951937925 35.21851170754341 -43.52992283538393 -48.58740818542326 -21.70593526910548 3.233112455522002 61.37641489516354 67.08582561830299 -57.968259809986904 -84.29399840651475 72.46335911021373 -35.6210841768196 -71.91158682031089 21.461796610108276 -43.04744889694172 83.19918863383793 64.02817327745397 42.95335673106806 47.976308147911176 81.35869920179067 -22.955014597988423 18.100212945520724 -41.81647730467666 -54.21284940209617 49.333606076471256 -41.234965233533615 98.34947336370107 61.18730187352975
1401 19614 0.005750601279438686 0 5640.630038633155 68.6276065561145 65.66580250827157 -71.37199638395279 34.63328810271565 -41.56241445339148 -40.421141306518514 -21.866228536386416 2.9043157116591263 63.27422481445067 69.5400457251213 -57.89429586395709 -83.279757230788 66.78755323102479 -35.4108715750593 -69.46856354765971 22.272428989051775 -42.584088054202816 82.42561716387897 63.172044493379914 42.93440631296301 47.22055798802649 73.3270560699423 -24.097979299651946 18.73375308094179 -46.663501677234066 -53.38757064164787 55.60038160882248 -25.53308492059307 95.54796441711588 61.544351773950815
1501 21014 0.010724736740705424 0 5511.425096720716 68.60976666722695 64.87767837183226 -71.41363851597512 34.618267072495975 -41.66102873903512 -41.238886082531394 -21.916228640838284 2.8962403708005677 62.75272890080619 69.58137914518821 -57.892288832153696 -83.25212092787632 66.65975540543417 -35.54927512287028 -69.40109739779561 22.296026735491495 -42.56742626347274 81.9114739105425 63.148617204188284 42.934862334737026 47.62601130365994 73.80528600042942 -24.129528920619006 18.7516899158751 -46.49310568567699 -53.3079075433557 55.6234340407294 -25.337050814760318 95.77062702875345 61.55212728065593
1601 22414 0.014291528180586913 0 4416.27184385558 67.41752028732904 68.49150445283786 -77.03379113823402 33.49484319415198 -37.1177419203205 -43.65684017998002 -23.034220261199636 2.269338845651084 58.630559875273846 73.52544687518332 -57.75106379482401 -81.31067240575308 59.98811184887137 -36.88664903633751 -64.72261190904446 23.8457056999912 -43.40335013174547 75.78928554287515 61.51117366535681 42.90013451479387 52.20447261650682 68.89897581358821 -26.320346106007825 19.960853019034367 -52.51316643943269 -49.389223141931666 64.1531626617717 -3.8561689413503473 94.00129835284014 62.23728198491864
1701 23814 0.00018692001024572203 0 4253.715848168209 67.10867561053308 69.09284131917524 -79.67479999399721 33.2074686222843 -36.415054929995506 -41.993220962469515 -22.9726066904951 2.107223184959538 57.70859219408525 74.59597716704653 -57.71432429302318 -80.81042320113662 57.17598182668138 -36.53281475806565 -63.51379145612397 24.24725239655902 -42.24556756911225 73.55914338625337 61.0880750439828 42.888240239415204 52.82025252975218 67.23194857700483 -26.885424324430222 20.27384665103668 -53.5125422765868 -49.337149055876694 67.15881735163889 3.6170626195455498 93.13591574786588 62.413759303737805
1801 25214 0.00028128540301003635 0 4250.8694247884705 67.0988438662072 69.06020683718891 -79.7757084916868 33.198306221911615 -36.472494384246204 -42.025491044679136 -22.98005515266007 2.101626910416592 57.65006568537219 74.64085855019108 -57.7128669780759 -80.79412175677538 57.04221097246398 -36.57723848876766 -63.474936439821505 24.260145054628556 -42.252392111910915 73.45104022268487 61.07426918128705 42.88881088349795 52.88535469259084 67.19917944016106 -26.904183096912053 20.284004652953207 -53.548599518086576 -49.29537003855546 67.23142265306782 3.9050116393776193 93.12960021805776 62.41928994846823
1901 26614 0.005198733062474668 0 4210.187917338185 67.06424707124307 68.97141728232738 -79.86084253495498 33.165036801204955 -36.53636570161902 -41.98731902401711 -23.044700186275662 2.082457358356961 57.45794914316599 74.72811828689609 -57.70779214069667 -80.73592842007957 56.860886172591904 -36.739748106876235 -63.336784580686476 24.305131341230627 -42.14151641105679 73.44784791954734 61.02521712085346 42.88708794428409 52.88955146687119 67.02776831173352 -26.968165799090425 20.32004235113665 -53.73556009339124 -49.14060346936762 67.31778418493779 4.291224205580647 93.18901229816828 62.439730995945006
2001 28014 0.006470976564978041 0 3822.8961399285713 66.55348457987034 68.01098047329013 -79.53363453439388 32.68472679455687 -35.44725744232582 -41.408852710853694 -23.719360818625745 1.8149484917288876 54.259770643164195 75.44666488161782 -57.64788737702784 -79.90745764265236 56.64596156517604 -38.08822364732169 -61.33514404454772 24.969500596701373 -39.787810007905335 74.73037552966201 60.32606277070444 42.87091114973936 52.0078579730435 65.26602622655432 -27.905216871438302 20.83662184172432 -56.93797178685903 -46.88808811378837 68.02338834788365 6.570664129807852 94.48875584825137 62.73137953145739
2101 29414 0.006817224783368114 0 3786.6559897776 66.54771902570593 67.88733000777815 -79.30314906622564 32.6806563450653 -35.439947977191906 -41.550523648520034 -23.71905496011769 1.8116898421826937 54.360370100003486 75.34491536234793 -57.6483579097238 -79.89882216660052 56.88608915526822 -38.071899767568226 -61.315354537657036 24.975992164541598 -39.63712390584501 74.75433614378485 60.317854783303346 42.872038404709464 52.14407963924276 65.43166651801826 -27.914686838434875 20.842660600171758 -56.72152624113644 -46.89607410058986 67.84598049663457 6.009070943536614 94.33442083370892 62.73457040906777
2201 30814 0.0043169663668750245 0 3478.513343457998 65.96785033674732 66.79152180418906 -78.38876808269777 32.136729668772595 -34.34124394818238 -42.577902990991106 -24.361874683544073 1.5068265345338416 53.18743389390691 75.78656541797008 -57.5790722280563 -78.95477103043129 57.4772496844306 -39.31362507719525 -59.038716846980435 25.729701840636977 -36.15917857239362 74.4322214559082 59.52060610533824 42.85346412950108 54.46362454754877 64.78598875605883 -28.980159585826364 21.431162857693167 -57.346727141518315 -44.99505325978407 67.78929826607398 6.20311196700672 92.32233953806241 63.06635762608797
2301 32214 5.30168248027128e-05 0 3470.306543933376 65.9480392097991 66.67312755376922 -78.4770695443732 32.11778979195342 -34.38458844280868 -42.50794048355112 -24.35516001454866 1.4969317014790613 53.17115321581218 75.81111366836944 -57.57649996292794 -78.92324095662636 57.376250297912236 -39.31227464173408 -58.96224527875475 25.755584714029126 -35.932693167474525 74.28675387538445 59.49458426069215 42.85320254680882 54.583074631887804 64.7714805707673 -29.016226901144464 21.45068808700239 -57.26616804458638 -45.01350993555076 67.84537028390656 6.390360447071515 92.1805716072075 63.078262803580095
2401 33614 0.00015672207491232928 0 3467.2010685982514 65.94445640467808 66.59281588452629 -78.43990606371125 32.11417135518095 -34.435825782651136 -42.41577075549648 -24.342110805634803 1.4951892791751318 53.23679416175983 75.77863714054675 -57.575966153759644 -78.91703883197965 57.425811230620894 -39.30017012373282 -58.94827564094985 25.76088283452193 -35.74032979988025 74.28740270314978 59.49010979887884 42.853161956303595 54.62006713913762 64.79884822909818 -29.022905145685304 21.45430642031016 -57.15743025989798 -45.05128037527251 67.76963274908178 6.222338939570733 92.05693887320723 63.0802673454876
2501 35014 0.0006113565811462053 0 3463.953862653191 65.96938441366478 66.56772144920188 -78.41145591982321 32.137728728449666 -34.56575360335512 -42.39098055011663 -24.308738090763995 1.5083352771494656 53.39511656990412 75.71856767694194 -57.57902293317065 -78.95781671099184 57.470405140707186 -39.26471859227119 -59.04708812739739 25.72802203859566 -35.79032331675725 74.28603334735055 59.52491681485731 42.85346071401954 54.61465363068343 64.88884074112809 -28.97687180996174 21.42905102509054 -57.000721542119344 -45.15694955148271 67.64937982967645 5.967766294368943 91.99714783262058 63.065695627340986
2601 36414 0.006575247350314091 0 3428.0491291868425 65.95886991854724 66.78154858679342 -78.28754755580128 32.127104574543615 -34.54652240751548 -42.181053993755874 -24.28549982895342 1.5027944248925982 53.74655444951127 75.65349340106297 -57.578631341902465 -78.93956791847799 57.65437941013991 -39.21076449746455 -59.00285616036832 25.741390062918743 -35.946502603623564 74.45309509285303 59.50969476321518 42.85324641897731 54.31672489132208 64.8111274503247 -28.997545513566894 21.440315708120433 -57.26728082855596 -45.24423175120327 67.48839238110509 5.531232339726444 91.84690286077617 63.07134413516288
2701 37814 0.01351020703162927 0 3097.455375653567 65.14138282863644 66.26248727532209 -77.42242693557101 31.360822907236077 -34.48106124218262 -42.94340186678285 -24.500501528984444 1.0728490858070783 55.870204460616364 75.54134631762486 -57.4820304383548 -77.61171105109108 58.44623376933026 -39.736722543530426 -55.801737905321374 26.803690863092893 -35.55826630990171 73.17515078432322 58.388494513568716 42.82946008038475 54.14070240180209 64.47344135654893 -30.49706212862638 22.268805935895823 -60.57212134113251 -44.6718901641639 66.72172724361839 3.8790139201739464 88.8997591335262 63.53987761490667
2801 39214 0.011711212573042133 0 3042.2713961654445 65.08686683467783 65.68524296497809 -77.59417819509851 31.309575379607846 -34.46744542876107 -43.07435360922767 -24.434056028047564 1.0449903833861471 56.1423747955764 75.53761833464152 -57.47409608470035 -77.52294449478111 58.343632155630274 -39.53409949688446 -55.58890271987676 26.874095082928413 -35.99826483791361 72.72252199586018 58.314803599095356 42.826733392312164 54.022918737866036 64.15284960217582 -30.596086020538664 22.323357314463955 -60.87738931597147 -44.91783276742635 66.85020823578931 4.037424288523312 88.70459750341163 63.5705646913005
2901 40614 0.0035529163597754175 0 2974.435525341006 65.19115845723078 63.92541073406957 -77.49681943662411 31.407328548229 -34.620487231970856 -42.91102000741905 -24.289986788596906 1.100024186490828 56.15864742219123 75.3203668349776 -57.48710631415717 -77.69254811849098 58.56649981800854 -39.205371091338705 -55.99594258044325 26.739480844292792 -36.64074181426461 72.90197059542851 58.45725973581182 42.829650727494126 53.68303611210809 63.15226568826398 -30.40523007535355 22.21783563134253 -60.50040482859256 -45.39292754837197 66.62431406714782 3.1761218394151456 88.92186475290092 63.510966210992265
3001 42014 0.005975226505626067 0 2953.7850642559642 65.2248217283113 64.15138909414553 -77.46267124183795 31.43855478332122 -34.39478841555632 -42.96694615488728 -24.368574628375598 1.1170763411386762 56.239748790076305 75.41934417993535 -57.49094779024755 -77.74676055523432 58.57451938816149 -39.33817638991029 -56.126461630762584 26.69659348651696 -36.86252809421252 73.18448034004345 58.50242130061087 42.83064182562663 54.136255686837366 62.48810220978211 -30.343933191890766 22.183932240723102 -60.21012805754544 -45.140646470210044 66.7322507852432 3.4615820759699716 88.38553879260442 63.49203237803676
3101 43414 0.004855280325714285 0 2946.8000500512717 65.23989727824778 64.092016632535 -77.43411208189183 31.452451025887285 -34.384680009247404 -43.07662314546661 -24.394097236499192 1.1253068884283004 56.18247769193492 75.43457843837948 -57.492602853703936 -77.77135942732372 58.60221617024985 -39.39514851780828 -56.18619345253615 26.67611600646053 -36.821464267074646 73.26798023428651 58.5237627072849 42.83127592527607 54.073495833634816 62.367359757980495 -30.316277990871985 22.168671132827527 -60.13074461781967 -45.10811579276867 66.68541395609672 3.409302007379722 88.33765185204615 63.48336292211561
3201 44814 0.0057810528732447275 0 2906.8007244813025 65.33159293854652 64.41448629401941 -77.74135875784631 31.538430211256 -34.4470931428086 -43.98314753937398 -24.369147211192228 1.173320498808871 55.9541548235139 75.52488440089434 -57.503786573739845 -77.92035210095634 58.23819411977681 -39.35230219738591 -56.545114087928305 26.557614685572258 -36.50041064757035 72.96842171141037 58.64933859237189 42.834086628842435 52.8789648651949 62.05073821300405 -30.148237797731074 22.075931512865782 -59.71927917278146 -45.114520275188625 66.99807540140777 4.21983627035641 87.88986852515009 63.430974221724334
3301 46214 0.0027206666723997657 0 2905.462854405563 65.33205535451421 64.43810905181165 -77.70305162292027 31.539386675773272 -34.440791618905024 -43.97068004188995 -24.367924485666606 1.1737774064930968 55.98849221306594 75.50880844686088 -57.50361167773613 -77.92141061214119 58.2821990560403 -39.349740343838704 -56.54815560091898 26.55659997046568 -36.51598437060786 73.10800649986322 58.65015798186797 42.834129786663766 52.924770600831266 62.086428072325816 -30.14662972332916 22.075179365110067 -59.745148039991065 -45.11745170078433 66.96462265669669 4.126083232958024 87.92729966745455 63.43071537295426
3401 47614 0.0013444211598082326 0 2902.07093102593 65.32912089817955 64.3520347112553 -78.00865553588493 31.53654999161545 -34.53513177008344 -44.12835693838511 -24.297636202631395 1.1722045086401391 56.06955990138145 75.54633842478822 -57.50328627922049 -77.91661436677282 57.97726776875925 -39.21063223722139 -56.53634062781481 26.560514141697833 -36.42241967280174 73.36810935322231 58.646042598564186 42.83400073585263 52.982062559748826 62.135069429890706 -30.15225986480967 22.07831836803884 -59.7819864418273 -45.285066258662795 67.20942308800007 4.719225378271744 87.8836744042394 63.432323448534234
3501 49014 0.0017807072596908282 0 2901.851870334779 65.33103923147405 64.34752424704301 -78.00241442758306 31.53823266757405 -34.5214577929072 -44.11706896911498 -24.30616659407633 1.1732490156559992 56.042014829233096 75.5541579701309 -57.503541504192924 -77.91952838853777 57.97584083404013 -39.226976670057965 -56.54343174695358 26.55815375692666 -36.43650847370143 73.39734360076523 58.648586117677304 42.83417533951534 52.965509365856995 62.132620534002996 -30.1488800160667 22.076425300379352 -59.78295828973083 -45.258061104621845 67.21757993458316 4.744105367522337 87.8366190343443 63.431240728484845
3601 50414 0.0002845032652008366 0 2901.5467082676896 65.33694520612602 64.34028932565339 -78.02970452271832 31.543874400479176 -34.49354850949757 -44.08012759436644 -24.314304358882993 1.1763214051192203 55.98310717183219 75.57693921365183 -57.504215547233876 -77.92926556960325 57.94424222608211 -39.23855260972133 -56.56695101780848 26.55037889155457 -36.4883008249965 73.41026343262573 58.656749238659515 42.834249493568485 52.9608421209297 62.20075314413353 -30.137914935237564 22.07038106880973 -59.774580452393955 -45.23344024795273 67.25954801566748 4.853737339100633 87.76464398308781 63.42786308613003
3701 51814 0.0009846661584599658 0 2901.4912111663675 65.32633398749496 64.34193010135722 -78.03653675596578 31.533913117449714 -34.47562196727415 -44.0794052797397 -24.32144273882912 1.1707711040053306 55.98164679828903 75.58895764648975 -57.502965361878665 -77.9119949588405 57.93337752579441 -39.2500928449275 -56.52530120644592 26.564159007247518 -36.49072285845629 73.40427873969332 58.64219070773115 42.83392387418918 52.95370726581247 62.20128190995456 -30.157408415884085 22.081157679201223 -59.77034263562144 -45.21411650995637 67.27745909452548 4.902061122405286 87.77312022500556 63.433976331047646
3801 53214 0.0002311284132378047 0 2901.386518484379 65.28706835625445 64.332314934085 -78.04936484804526 31.49706453365306 -34.437185378751906 -44.07631719025208 -24.337022828130642 1.1501310491141992 56.01575090591796 75.6152210091208 -57.49830141436174 -77.84814786955889 57.90954257242254 -39.27686855358489 -56.37138221604785 26.6152127330454 -36.49593423211617 73.41775504471343 58.58832520027498 42.832705370621134 52.94287682479841 62.20767537956115 -30.229474748136706 22.12094957872021 -59.74363187643804 -45.162718774522006 67.31852316014975 5.012026842271354 87.78032355314244 63.45641025172514
3901 54614 0.0009858305401821228 0 2901.353939121246 65.27019027437262 64.33150913199425 -78.04282686890875 31.481215594438744 -34.46166276783515 -44.07618062536504 -24.328634725142507 1.141279020849578 56.00736189286944 75.6011233062575 -57.49628208453114 -77.82074573215652 57.91988144606748 -39.264132942396294 -56.30531196664972 26.63711823799466 -36.49381296257885 73.4194244917683 58.56522510693588 42.832178664342784 52.94496411776947 62.210930756842856 -30.260382508443953 22.138029076307948 -59.74258459934282 -45.186412348607035 67.29723620509695 4.957607279316278 87.76686551515309 63.46606428759411
4001 56014 6.392477979207621e-05 0 2901.3363331333276 65.25893357604627 64.33698551520523 -78.04175193958882 31.470643687372203 -34.47140741231286 -44.07690809308922 -24.323163197952397 1.1353512810336854 55.994522253169684 75.59368005961795 -57.49497106210973 -77.80239347282415 57.9258956038247 -39.25371735532821 -56.26108000725692 26.651784696729962 -36.50091285548837 73.42112045164123 58.549721121541104 42.83184843407957 52.945989449898754 62.20526166358124 -30.28111780065329 22.149474384831972 -59.74004248041063 -45.20552615938362 67.28666131640736 4.927536714200272 87.77575638150785 63.47251635616567
4101 57414 2.3350195666011093e-06 0 2901.3363202057444 65.25884666904753 64.33716239718244 -78.04179906923001 31.47056272864559 -34.47154213710806 -44.076946864599286 -24.323124306874462 1.135305053698489 55.99465401001029 75.59364252873962 -57.49496220131944 -77.80225231058174 57.92591201395885 -39.25364716954851 -56.26074044253392 26.651898190999812 -36.50111891381987 73.42091820987784 58.549601522764796 42.8318458598085 52.946131171642826 62.20507236468839 -30.281276927858933 22.149561905143052 -59.74004907093192 -45.205749455176715 67.28653429747692 4.927267927181958 87.77584740670093 63.472565731127
4201 58814 7.66720976774092e-08 0 2901.336320187346 65.25883284736369 64.33716361871231 -78.04179993979315 31.470549733769985 -34.4715272421673 -44.076943584316666 -24.323131179195457 1.1352977830697601 55.994656145986255 75.59365188006024 -57.4949605714642 -77.80222976452839 57.92590847612982 -39.25365986883223 -56.26068613176574 26.65191625639452 -36.50112056918714 73.42091085958813 58.54958250457319 42.831845416831385 52.946132606569186 62.205069676967895 -30.281302355421886 22.149575939065418 -59.74004452480151 -45.205730464524265 67.28654319914209 4.927296334315457 87.77584865976783 63.47257364313605
4271 59794 1.0474525242918126e-12 0 2901.336320187333 65.25883277382633 64.33716373612788 -78.04179982356636 31.470549664589715 -34.47152754001655 -44.07694358685041 -24.323131098807096 1.1352977445534633 55.9946566170186 75.59365173100518 -57.4949605639171 -77.80222964455325 57.92590862731609 -39.253659802503876 -56.260685844582675 26.651916351844847 -36.501120454141756 73.42091121894916 58.549582403827884 42.831845414603755 52.946132371169604 62.20506964221178 -30.28130248956396 22.14957601310631 -59.74004458701702 -45.20573062143092 67.28654290002162 4.927295699298526 87.77584891931255 63.472573684598814
