% # columns="iteration, evaluation, sigma, axis ratio, bestever, best, median, worst objective function value, further objective values of best", seed=36, Mon Jul  6 15:13:35 2020, <python>{}</python>
1 14 50 1.0000483345014077 12160.79465514228 1.2160794655142279e+04 14579.52459922112 16322.183163854377   
2 28 45.75737837568564 1.0685140671534266 12160.79465514228 1.4197374055770264e+04 14757.042809830016 16667.64435692254   
3 42 43.96753747036529 1.0976313912648905 12160.79465514228 1.3518456489320426e+04 14215.982531429205 16909.442971620854   
101 1414 0.26426509589776587 1.8480145143026394 5122.66822528264 5.1246737269981331e+03 5138.211718120363 5157.026550842105   
201 2814 0.016283028022909395 2.2380267371633695 5059.43274762259 5.0594327476225899e+03 5059.53235329984 5059.630664045659   
301 4214 0.0015435083994410658 5.196549209357455 5059.15905033803 5.0591593395314749e+03 5059.159681552212 5059.1601768454   
401 5614 4.272327905718541e-05 5.932636818778006 5059.158485760017 5.0591584859017876e+03 5059.158486364782 5059.158486720613   
501 7014 9.902770449256666e-07 6.208419206650909 5059.1584853862705 5.0591584853862951e+03 5059.158485386408 5059.158485386537   
595 8330 4.706063115480559e-12 6.380890231511149 5059.158485386048 5.0591584853860495e+03 5059.158485386051 5059.158485386053   
