% # columns="iteration, evaluation, sigma, axis ratio, bestever, best, median, worst objective function value, further objective values of best", seed=44, Mon Jul  6 03:09:32 2020, <python>{}</python>
1 15 47.31046956185608 1.0000490012005196 16681.959682418976 1.6681959682418976e+04 33243.7089426541 99936.93145299939   
2 30 45.224233562707944 1.040888092242842 9612.638556655329 9.6126385566553290e+03 21072.931332311604 77651.29214537992   
3 45 44.03877450812371 1.0508892545748327 9612.638556655329 1.0198327242917032e+04 15747.979067106218 43470.201902949026   
101 1515 18.108363262990334 1.5295220038499262 6177.788488004802 6.4966602854793437e+03 8102.573826085751 9825.107424526886   
201 3015 9.274368303062342 1.7595432012722965 5122.323680700683 5.8181427572328639e+03 7373.928971170823 8078.190546390564   
301 4515 4.911826210407403 1.8815625604179742 4266.419147407351 4.2925764647228534e+03 5356.305039723528 6244.900116173122   
401 6015 1.1687527926659507 2.0493336675917413 2963.387320671438 3.0413202895074182e+03 3153.648830219936 3389.380851939246   
501 7515 0.7231097216229686 2.443778248798921 2859.894427498899 2.8831842457274229e+03 2912.565222872382 2981.651224047451   
601 9015 0.2693682564469095 2.950190582674105 2827.895923179705 2.8302818269679929e+03 2833.4324219427444 2839.2995264481024   
701 10515 0.2106986975389931 3.982451615818402 2817.7217331787024 2.8191427140073019e+03 2820.130107401873 2825.628332329161   
801 12015 0.23520706504907535 5.593448911003251 2802.7355816661666 2.8042238135176358e+03 2806.6818893748086 2808.871230164961   
901 13515 0.24104376991911905 8.904868467197778 2784.7601560603734 2.7847601560603734e+03 2788.76936280978 2792.049852798494   
1001 15015 0.3683426518260459 13.198217771659648 2754.5129974350566 2.7545129974350566e+03 2758.554097882602 2765.490577764904   
1101 16515 0.3531977545006726 14.743924554037916 2725.813907891621 2.7264191812624681e+03 2730.564417026291 2733.7341853133494   
1201 18015 0.17941975137501534 15.26108869515758 2716.446948582886 2.7164469485828859e+03 2717.2672272070654 2718.489313834144   
1301 19515 0.24831234620753515 15.70073311815034 2707.092449328001 2.7074439865977929e+03 2708.8734466219194 2710.7626040219257   
1401 21015 0.3061704999888412 19.147754129856324 2696.7434208649024 2.6972841958468848e+03 2698.3169928136804 2700.8000607952363   
1501 22515 0.17287119924361397 22.269405384252117 2691.1489855334466 2.6911489855334466e+03 2691.7690768978446 2692.1832315533384   
1601 24015 0.1934533036224276 28.969916360698612 2688.2888552513605 2.6885084876573678e+03 2688.8065182603523 2689.4346158087465   
1701 25515 0.10737970477619559 31.77565155666134 2687.044972913334 2.6870449729133338e+03 2687.170719457229 2687.2735535534302   
1801 27015 0.1529373201073463 35.269033088953336 2685.4640600202893 2.6854640600202893e+03 2685.822562272169 2686.0613896253044   
1901 28515 0.06217528377832251 37.04195725473917 2685.128514393771 2.6852359231433493e+03 2685.309006346459 2685.4311276309613   
2001 30015 0.026604851672754094 38.504262915656284 2685.069484038355 2.6851003693020048e+03 2685.163615499605 2685.219059321899   
2101 31515 0.015752244467584515 40.02998701801152 2685.056374758422 2.6850626466208946e+03 2685.105137298324 2685.157074670148   
2201 33015 0.009304476382958426 41.38757618155906 2685.0515068245086 2.6850649955186973e+03 2685.084239887625 2685.1166766813276   
2301 34515 0.00935852243249894 43.16322266108589 2685.0355765352388 2.6850522984389004e+03 2685.063411451004 2685.0835251492417   
2401 36015 0.012317919945545448 45.31448561684632 2685.0355765352388 2.6850360227061637e+03 2685.061454463759 2685.089554900671   
2501 37515 0.01002224498479687 45.22286759690587 2685.0248372638016 2.6850336320544820e+03 2685.047918729436 2685.0733833731665   
2601 39015 0.007991962389261394 61.712973508770745 2685.0206556218495 2.6850241492807436e+03 2685.034327261856 2685.042544931135   
2701 40515 0.007332038463871695 75.83085606541916 2685.0137960218353 2.6850210014472596e+03 2685.029436335898 2685.034819593474   
2801 42015 0.004462515579385939 97.96549245491222 2685.011266603552 2.6850137990312851e+03 2685.01784917655 2685.026196944242   
2901 43515 0.0022273797737253106 133.87302491715508 2685.0078821718125 2.6850084431502783e+03 2685.0130580427613 2685.0145486075044   
3001 45015 0.002877716159732704 173.15458707822503 2685.005817504557 2.6850070922953346e+03 2685.009576229419 2685.0127010748492   
3101 46515 0.0025898673423931967 234.9401435769365 2685.003480574494 2.6850048081934228e+03 2685.0072769054686 2685.0098532184275   
3201 48015 0.0015441001006333153 312.5756541690179 2685.00165073624 2.6850019759166744e+03 2685.0042398276582 2685.0054342413086   
3301 49515 0.0013590382333886128 416.7658924592163 2685.0006912586887 2.6850011233747368e+03 2685.0021817437137 2685.0029007329804   
3401 51015 0.0022348166416136317 535.7518657645769 2684.9998626756837 2.6849999960607893e+03 2685.002368184377 2685.0046860310326   
3501 52515 0.001954322812124066 641.7854202185929 2684.9982306698766 2.6849988052666686e+03 2685.0001746886373 2685.001516874021   
3601 54015 0.0023229976133636453 808.8348503463903 2684.996131663379 2.6849967327562445e+03 2684.9982450084735 2684.999461640695   
3701 55515 0.0023158484101047064 939.5374239124282 2684.9942068812156 2.6849944353069486e+03 2684.9955038253884 2684.997319393927   
3801 57015 0.0021134598916522193 1104.6837769061838 2684.9928311393714 2.6849931402592238e+03 2684.9942225990226 2684.9957839318186   
3901 58515 0.0023209633638107143 1245.233539746734 2684.9908538727905 2.6849911371079679e+03 2684.992534273192 2684.9935085908337   
4001 60015 0.002368042758319023 1389.0247689397202 2684.988066150415 2.6849880661504149e+03 2684.9893996493533 2684.9904937042684   
4101 61515 0.002221216470309286 1572.6651542637617 2684.986447712989 2.6849864604356649e+03 2684.9875232051786 2684.9890794335156   
4201 63015 0.0010387155422348319 1811.0404001891313 2684.9858226778556 2.6849859196966745e+03 2684.9866216949745 2684.987264447367   
4301 64515 0.0011155445001614212 2086.5671771971247 2684.9845027284928 2.6849845027284928e+03 2684.9851315848027 2684.9858880233733   
4401 66015 0.0015234245697693012 2440.51145676639 2684.9834502725193 2.6849837624287238e+03 2684.9843982437897 2684.9851036360124   
4501 67515 0.0015892926975093883 2659.602085880476 2684.981848982659 2.6849818683228959e+03 2684.9826081511765 2684.9833105101716   
4601 69015 0.001343161601968383 3015.389200441853 2684.9810203357847 2.6849812404259774e+03 2684.981644031885 2684.982309690879   
4701 70515 0.001223257511578259 3610.614152096562 2684.980249765442 2.6849806209721128e+03 2684.9808813677632 2684.981143661376   
4801 72015 0.0013042327466326028 4355.254951307989 2684.9792480804517 2.6849794015385351e+03 2684.9797768216213 2684.9802908218508   
4901 73515 0.002528286521828407 4986.991287026376 2684.9767513161933 2.6849767513161933e+03 2684.9776016901883 2684.9782658442414   
5001 75015 0.004346122831206876 5588.928674240207 2684.970558361706 2.6849712330493185e+03 2684.972057197377 2684.9727840283313   
5101 76515 0.004417263239741452 7109.810667991169 2684.9627745005746 2.6849629928625359e+03 2684.964170470135 2684.9646454994754   
5201 78015 0.0046617649343537 8563.314182393065 2684.956240503469 2.6849562405034690e+03 2684.958080397929 2684.9587435320627   
5301 79515 0.02696342290110612 10803.22381244622 2684.9174466475424 2.6849182022984451e+03 2684.926164387326 2684.930497737191   
5401 81015 0.035973976930076916 10549.28517650225 2684.8003443147772 2.6848017769435755e+03 2684.811069081041 2684.8274415134792   
5501 82515 0.03762395107276992 9740.547482878692 2684.6616467701315 2.6846620991494892e+03 2684.6738703747315 2684.6930207727037   
5601 84015 0.10444487949447548 12959.672129491304 2684.065088345214 2.6840650883452140e+03 2684.195014568033 2684.2477644421333   
5701 85515 0.06853498857957244 13832.29536523386 2683.519911560541 2.6835213046224271e+03 2683.5372329728975 2683.5667991202863   
5801 87015 0.07796246129305184 12878.631350550257 2683.1279124371013 2.6831279124371013e+03 2683.154301607163 2683.2002516093035   
5901 88515 0.06241202245618669 12017.5682152403 2682.8682500036466 2.6828723479609607e+03 2682.8922235710156 2682.909950795133   
6001 90015 0.09001603005142789 12333.710355883803 2682.365597678968 2.6823655976789678e+03 2682.4202357661306 2682.4812784320834   
6101 91515 0.09044969517886499 11914.073968792476 2681.841761078683 2.6818568349248208e+03 2681.887547454714 2681.9447177811217   
6201 93015 0.07147474135725353 12635.174715388433 2681.5113025788223 2.6815131663957927e+03 2681.5390930273143 2681.5732358283126   
6301 94515 0.0765006983073841 13684.157619688565 2681.2080272629737 2.6812154401949438e+03 2681.2384157174274 2681.270358364255   
6401 96015 0.03590447666074317 14122.059775473663 2681.0159871512124 2.6810212702876952e+03 2681.0316114957905 2681.0416818201393   
6501 97515 0.023510456425302344 14099.903422160258 2680.979082703156 2.6809809413194557e+03 2680.984714426093 2680.9954962519905   
6601 99015 0.01376813862781784 14398.294831158964 2680.955840082028 2.6809569290646432e+03 2680.96287736295 2680.9681891607397   
6701 100515 0.01010236841184162 14515.51199476857 2680.946695990987 2.6809505935425987e+03 2680.9524641068024 2680.9586207024904   
6801 102015 0.012270334423403145 14902.958008543377 2680.934394911859 2.6809352456741872e+03 2680.9401441277996 2680.9438417146703   
6901 103515 0.00873299965621597 15596.560098631959 2680.925915407178 2.6809259154071779e+03 2680.9296676624053 2680.93087876737   
7001 105015 0.011500566677619764 19607.664745471564 2680.907400253158 2.6809090813903385e+03 2680.9117382405157 2680.9171488879583   
7101 106515 0.04390931634891133 34177.0509804723 2680.802819743732 2.6808028197437320e+03 2680.823980354404 2680.8405279568306   
7201 108015 0.022527754440585898 33250.42638804176 2680.7647210616337 2.6807676329700753e+03 2680.771990769803 2680.7767085829514   
7301 109515 0.012515563596703005 30663.59770652042 2680.7607885984457 2.6807618977822103e+03 2680.7660036603193 2680.769292860853   
7401 111015 0.007574417074540116 30836.954842085524 2680.7589931111743 2.6807595255190495e+03 2680.761727102535 2680.7644524200077   
7501 112515 0.003938925755902263 30394.210575511912 2680.7577121145123 2.6807583008526090e+03 2680.759165063945 2680.760458718497   
7601 114015 0.0036875366585950352 30279.776276954613 2680.7573390291523 2.6807576466168166e+03 2680.759295877653 2680.7613625303097   
7701 115515 0.0022390560335748344 30420.213304486395 2680.756855273489 2.6807571321439164e+03 2680.757670110035 2680.758760845162   
7801 117015 0.0012284157815881762 31216.131931747233 2680.7565279077016 2.6807567413097900e+03 2680.7572486909075 2680.7577352653097   
7901 118515 0.0008091930766474694 33661.544405559216 2680.756341698558 2.6807564521374425e+03 2680.756855054882 2680.7571260427644   
8001 120015 0.0007474974968668566 36202.13660422331 2680.756184409788 2.6807562347630410e+03 2680.7566089195493 2680.7569000863177   
8101 121515 0.00048049463559868895 38313.17120708574 2680.7560872825316 2.6807561263425632e+03 2680.7563217099773 2680.7564984694945   
8201 123015 0.000676007251388026 43652.79523441161 2680.7559560955533 2.6807560837833753e+03 2680.756174893035 2680.7565029513576   
8301 124515 0.0006119862422991206 50386.00982699027 2680.7559163255305 2.6807559291617372e+03 2680.7560898304987 2680.756245064764   
8401 126015 0.0004708233375360421 61407.316841762986 2680.755734869712 2.6807557940811112e+03 2680.75588534007 2680.7560413108604   
8501 127515 0.00038876844544876896 74703.74323665474 2680.755639138037 2.6807556717310717e+03 2680.7557432684944 2680.7558461236713   
8601 129015 0.00039616272113207336 94792.65146627698 2680.7554899204597 2.6807555034017087e+03 2680.7555510230904 2680.7557391143287   
8701 130515 0.0004568490488156444 116428.81713547977 2680.7554271042427 2.6807554496973312e+03 2680.755548310713 2680.755640195932   
8801 132015 0.0004286338523021514 153775.63375088313 2680.7552907799045 2.6807552907799045e+03 2680.755400216205 2680.7554733812713   
8901 133515 0.0004632803143396582 191217.67315793902 2680.7551428371994 2.6807551668945143e+03 2680.7552535463133 2680.7553342379733   
9001 135015 0.0006350882476816915 241308.78578954822 2680.754977753889 2.6807550067213233e+03 2680.755065753101 2680.755149058765   
9101 136515 0.0009364496709407025 285404.94327178097 2680.7548274347864 2.6807548514246273e+03 2680.754950630383 2680.755061450741   
9201 138015 0.0007894080369100521 318166.5718929201 2680.754547280066 2.6807545709790502e+03 2680.754676393455 2680.754783687402   
9301 139515 0.0007333391720319594 356030.6124933999 2680.754432258431 2.6807544607747436e+03 2680.7545322344204 2680.754628703381   
9401 141015 0.0007535495543359845 377847.292123692 2680.7542673329917 2.6807543130445474e+03 2680.754387740717 2680.7544794338464   
9501 142515 0.0006697975990066287 401228.44326552586 2680.7541372764026 2.6807541895614072e+03 2680.7542364720493 2680.75430053919   
9601 144015 0.0007730329090212642 414197.8397476653 2680.7540096606226 2.6807540384098284e+03 2680.754138935522 2680.7541824281525   
9701 145515 0.0007486236444961857 444830.9646984565 2680.7538781580593 2.6807538797790949e+03 2680.754012057402 2680.7540851691856   
9801 147015 0.0008837849628177 469166.6083193438 2680.753658581111 2.6807536998355863e+03 2680.753750063571 2680.753828855724   
9901 148515 0.0013043746030666158 496413.6291355079 2680.7534269637076 2.6807534269637076e+03 2680.753588792295 2680.7536670304207   
10001 150015 0.0012013383081110945 513691.22732462175 2680.753132286439 2.6807531758467403e+03 2680.7532798379043 2680.7533386593764   
10101 151515 0.0009620570793769939 523666.27986320265 2680.752996157568 2.6807530724087128e+03 2680.7531826234253 2680.753272649787   
10201 153015 0.0006207611429971191 588548.782113959 2680.7528790969636 2.6807529231855660e+03 2680.752995686974 2680.7530464890438   
10301 154515 0.0009399194723740578 606571.8888374275 2680.7527081677167 2.6807527548249586e+03 2680.7528193171756 2680.7528671038735   
10401 156015 0.0013539586830389162 633782.6420986064 2680.752409437516 2.6807524094375158e+03 2680.752506600589 2680.752589970772   
10501 157515 0.002055179219648101 717696.2082813614 2680.7517203033904 2.6807518048286756e+03 2680.7519531569915 2680.7520269428114   
10601 159015 0.004616740250957439 820887.378878612 2680.7495421933545 2.6807495542241768e+03 2680.7498647575885 2680.7501632594085   
10701 160515 0.005943866592682594 966389.422019781 2680.7465195350487 2.6807465618666665e+03 2680.7469762820633 2680.7474961810035   
10801 162015 0.010770228756650613 2.069303996199087 2680.741739769033 2.6807417397690328e+03 2680.742575108738 2680.7433423050825   
10901 163515 0.011467087463546766 4.163195592900986 2680.7334385881713 2.6807336882916065e+03 2680.7343085507264 2680.7348486839855   
11001 165015 0.005429713415244963 5.0846135778358335 2680.7308617605645 2.6807312750965584e+03 2680.731536731326 2680.7320122908204   
11101 166515 0.002435622712905407 6.278710699096558 2680.730416421571 2.6807305456464005e+03 2680.7307922338723 2680.731015683935   
11201 168015 0.0021872901312933266 8.266789360317645 2680.7302441788574 2.6807302587456734e+03 2680.7304815394236 2680.730658605429   
11301 169515 0.0014448781915104396 10.604819345592334 2680.7300325123524 2.6807300816474685e+03 2680.7302079976107 2680.730315101942   
11401 171015 0.0011494792251480392 13.46083093195676 2680.7299457049157 2.6807299761300501e+03 2680.7300707170425 2680.7301572941115   
11501 172515 0.0011122660662818524 18.067286331422075 2680.7298513412316 2.6807298513412316e+03 2680.7299388810343 2680.730026308364   
11601 174015 0.0011156807724255798 23.950301134023164 2680.729748075751 2.6807297703651898e+03 2680.729849447386 2680.7299294027553   
11701 175515 0.0008954851402732039 29.66613770807126 2680.7296996666546 2.6807297081412617e+03 2680.729765636106 2680.729885482373   
11801 177015 0.0006960027842250157 35.44767402099103 2680.729673888096 2.6807296888292713e+03 2680.7297426219807 2680.7297748373744   
11901 178515 0.0005904193358784941 44.75562408990213 2680.729624083567 2.6807296354436321e+03 2680.7296756390097 2680.7297046474837   
12001 180015 0.0005523211144568812 53.537847275253085 2680.72958732965 2.6807296105510177e+03 2680.729623800971 2680.729664854992   
12101 181515 0.0005628742955580734 66.71358882373127 2680.7295633162385 2.6807295704195449e+03 2680.7296018772004 2680.729657604088   
12201 183015 0.0004652882071510959 81.62266823216726 2680.729517342268 2.6807295191280555e+03 2680.729554553839 2680.7295898403954   
12301 184515 0.0003387015909544784 98.77588270653541 2680.7294886763307 2.6807294953595019e+03 2680.729511064522 2680.72955145303   
12401 186015 0.00037762235796341134 125.76615975103918 2680.72945889892 2.6807294611503457e+03 2680.7294888195765 2680.7294991075387   
12501 187515 0.00030574787363804416 158.28140523774908 2680.729432494064 2.6807294411166686e+03 2680.7294551858195 2680.7294689076357   
12601 189015 0.00031901690143242126 199.70481642576434 2680.729403764957 2.6807294037649572e+03 2680.7294261037096 2680.7294444923155   
12701 190515 0.0003476428037376281 258.25060999649963 2680.7293650579195 2.6807293700747205e+03 2680.7293980037307 2680.7294093161204   
12801 192015 0.0004381835098183313 280.9743151213828 2680.7293249028544 2.6807293296676971e+03 2680.7293502613848 2680.7293696054617   
12901 193515 0.00021203577461794494 313.5463099421306 2680.7293014827574 2.6807293014827574e+03 2680.729314000466 2680.7293322143873   
13001 195015 0.00015732974647912832 369.33506796527627 2680.729293114313 2.6807292963035402e+03 2680.729306872259 2680.729314563587   
13101 196515 0.0001500935455039249 472.7086321764226 2680.729282430227 2.6807292857847488e+03 2680.7292927289354 2680.7293039390747   
13201 198015 0.00016896054247301031 576.4994092981509 2680.7292664918104 2.6807292717600972e+03 2680.7292767185645 2680.729284991753   
13301 199515 0.000159349806305663 728.0209711302757 2680.729252166291 2.6807292548459277e+03 2680.72926125633 2680.7292728169446   
13401 201015 0.00019696441755689956 871.6066786656268 2680.729237892037 2.6807292381660882e+03 2680.729249664756 2680.729258689651   
13501 202515 0.00023513082789599973 1007.502719327224 2680.7292254804624 2.6807292301208190e+03 2680.7292394547403 2680.7292487953873   
13601 204015 0.00017728241498993775 1155.5983381500248 2680.729212334063 2.6807292123340630e+03 2680.729221209883 2680.7292314842775   
13701 205515 0.0001423970676016256 1296.3858673320615 2680.729206443303 2.6807292064433032e+03 2680.729214736886 2680.7292231353686   
13801 207015 0.00017175310884846558 1523.9404427476602 2680.7291972713656 2.6807291992439477e+03 2680.7292042315335 2680.7292085480603   
13901 208515 0.00036304851064428726 1901.739647626878 2680.7291780232717 2.6807291828027455e+03 2680.729190923613 2680.72920021792   
14001 210015 0.0006805363844707968 2023.5248786344412 2680.7291294981374 2.6807291294981374e+03 2680.7291489505315 2680.729173920079   
14101 211515 0.0006139760140581115 2087.5811702329825 2680.729095548364 2.6807290955483641e+03 2680.729110689232 2680.7291338518717   
14201 213015 0.000595366666985993 2097.5997620837275 2680.7290625314677 2.6807290654997823e+03 2680.729083308321 2680.729101424409   
14301 214515 0.0006637862622809117 2178.913960740976 2680.7290415940024 2.6807290415940024e+03 2680.7290640179826 2680.7290815586543   
14401 216015 0.0005063233304467537 2294.597690898159 2680.7290230676535 2.6807290321587338e+03 2680.72904118938 2680.7290508841606   
14501 217515 0.0005568499387975761 2381.1985968242384 2680.7290084269075 2.6807290112503852e+03 2680.72902315 2680.729035815627   
14601 219015 0.00031213195227454925 2593.351244544922 2680.728992087237 2.6807289920872372e+03 2680.729000826562 2680.7290093039733   
14701 220515 0.0002720044434241439 2769.0486517586 2680.72898533052 2.6807289881732236e+03 2680.728994801022 2680.7289987907357   
14801 222015 0.0001861245615274568 3137.1712375314287 2680.728979948327 2.6807289808672990e+03 2680.7289845988153 2680.7289878833008   
14901 223515 0.00019466249712004087 3503.6038150843815 2680.7289758004463 2.6807289787333257e+03 2680.7289816987936 2680.7289856510456   
15001 225015 0.00024673603827272093 3840.4528966996677 2680.728969953757 2.6807289718511656e+03 2680.7289768334294 2680.7289815083486   
15101 226515 0.00037466686762580086 4340.645059808528 2680.728956640546 2.6807289582107423e+03 2680.7289631409144 2680.728969013786   
15201 228015 0.0006005390871872056 4655.4710295004215 2680.728932704495 2.6807289365051556e+03 2680.7289402066494 2680.728949804429   
15301 229515 0.0007431103464826283 4864.224547081207 2680.7288791007513 2.6807288864194870e+03 2680.7288953285415 2680.728913492754   
15401 231015 0.0006293204726507256 5019.371103172902 2680.7288493718033 2.6807288493718033e+03 2680.7288563483544 2680.7288791838955   
15501 232515 0.0008250594778558436 5743.947050943377 2680.7288001022853 2.6807288013852703e+03 2680.728807421866 2680.72882154982   
15601 234015 0.0012317621960383348 6687.843667898185 2680.7287020044582 2.6807287020044582e+03 2680.7287127956083 2680.7287310326874   
15701 235515 0.0011931660650294168 7598.951637728735 2680.7285968061683 2.6807285968061683e+03 2680.728611977108 2680.7286321350907   
15801 237015 0.0013214715031661024 8820.771627047927 2680.728505745216 2.6807285057452159e+03 2680.728524374759 2680.728540452883   
15901 238515 0.001002649180468781 9704.235185609788 2680.728437523958 2.6807284375239578e+03 2680.728449708441 2680.72846432943   
16001 240015 0.001044893933746772 10223.009712216077 2680.7283779478385 2.6807283779478385e+03 2680.7283872872194 2680.7284054487072   
16101 241515 0.0031379727050023024 10923.957452885097 2680.7282171868264 2.6807282171868264e+03 2680.7282551349053 2680.728287716558   
16201 243015 0.0031029740019594024 12171.96325866494 2680.727931462557 2.6807279388341567e+03 2680.7279662345054 2680.7279947585503   
16301 244515 0.0025103939794674846 13530.07530900017 2680.7276979303942 2.6807277076924629e+03 2680.7277268861994 2680.727778910663   
16401 246015 0.002502896375677867 15624.222453697654 2680.727466966552 2.6807274669665521e+03 2680.727479907304 2680.727501428095   
16501 247515 0.0016176667151907385 15762.539953614723 2680.727370488945 2.6807273761109291e+03 2680.7273927742253 2680.727414712099   
16601 249015 0.0010990433455135798 16543.992900998564 2680.7273448674796 2.6807273517753215e+03 2680.7273593165564 2680.7273715116407   
16701 250515 0.0012686090706786753 17206.924130969524 2680.7273288246506 2.6807273322256624e+03 2680.727343019109 2680.7273570427687   
16801 252015 0.0007345606032062589 18710.092399287918 2680.727312677272 2.6807273134616344e+03 2680.727321339111 2680.7273328406854   
16901 253515 0.0006057936291251802 20537.58210439492 2680.727306612046 2.6807273071221807e+03 2680.727315672276 2680.7273235952352   
17001 255015 0.0005561359871021061 20739.322106469 2680.7273015771366 2.6807273053374879e+03 2680.7273099705044 2680.727315552706   
17101 256515 0.0004895614369421741 22228.5768910782 2680.727296699796 2.6807272986446756e+03 2680.7273038314515 2680.727307002106   
17201 258015 0.0003419902850701338 22991.043749234283 2680.7272930640866 2.6807272938587066e+03 2680.7272978733017 2680.7273033052907   
17301 259515 0.0002752777348561639 24108.6170395133 2680.7272913834495 2.6807272933279623e+03 2680.727296115269 2680.7273001306903   
17401 261015 0.00025383899379747486 26190.885183988754 2680.727289694667 2.6807272912783274e+03 2680.727293337847 2680.727295548776   
17501 262515 8.952905785420968e-05 27497.138223470778 2680.7272884538734 2.6807272888448024e+03 2680.727291047717 2680.7272936504614   
17601 264015 0.00010195678769570411 28311.731933785828 2680.7272881768386 2.6807272889668420e+03 2680.7272910480942 2680.7272928369466   
17701 265515 7.901830178233502e-05 30931.249108498865 2680.7272881154076 2.6807272886029559e+03 2680.727291259949 2680.727292648011   
17801 267015 7.385615521903285e-05 32330.969801744886 2680.7272879443058 2.6807272891744733e+03 2680.7272908208965 2680.7272927793124   
17901 268515 7.203671690615536e-05 32906.60834857755 2680.7272875089275 2.6807272883450928e+03 2680.7272897939188 2680.7272909320604   
18001 270015 5.3842368527728405e-05 33332.749618636764 2680.7272875089275 2.6807272879205821e+03 2680.7272897882985 2680.727291264923   
18101 271515 5.766358243741444e-05 32939.37974350367 2680.7272875089275 2.6807272886483024e+03 2680.727290753248 2680.7272918478247   
18201 273015 4.679925396967296e-05 35230.25890188495 2680.7272875089275 2.6807272880871133e+03 2680.727290484939 2680.7272912948383   
18301 274515 4.9452334953917745e-05 36787.696497027064 2680.727287450075 2.6807272882461198e+03 2680.7272897698053 2680.7272910992488   
18401 276015 3.9345841722592624e-05 36533.1217412201 2680.7272872381272 2.6807272873008051e+03 2680.727289360916 2680.727291690354   
18501 277515 4.957442914367908e-05 38060.06297522655 2680.7272872381272 2.6807272876618990e+03 2680.727289796906 2680.727291258242   
18601 279015 5.551350041665879e-05 38297.64631172833 2680.7272872381272 2.6807272875039998e+03 2680.727289348004 2680.727291173523   
18701 280515 6.687070282609988e-05 38293.43414140381 2680.7272869182834 2.6807272876035722e+03 2680.727289266026 2680.7272910387455   
18801 282015 7.478187582254704e-05 40057.50784234295 2680.7272866676212 2.6807272872690819e+03 2680.7272898975916 2680.727291935907   
18901 283515 6.108460931100135e-05 40516.829452973645 2680.7272866676212 2.6807272876148572e+03 2680.7272901786087 2680.727292339968   
19001 285015 5.534117952380412e-05 41706.04967564887 2680.7272866676212 2.6807272876634897e+03 2680.727289576622 2680.727292509302   
19101 286515 5.3396598723444156e-05 42081.98252577534 2680.7272866676212 2.6807272882786028e+03 2680.727289039578 2680.7272911236523   
19201 288015 6.720856671596194e-05 41074.997807149506 2680.727286655083 2.6807272875549061e+03 2680.7272898640513 2680.727291300962   
19301 289515 5.610964673593291e-05 40934.839814120045 2680.7272865801124 2.6807272878620788e+03 2680.727289576097 2680.7272918418075   
19401 291015 4.320541511874116e-05 42236.86698821582 2680.727286240217 2.6807272865988116e+03 2680.727288949867 2680.7272911665987   
19501 292515 3.6445838912063664e-05 42287.127426390936 2680.727286240217 2.6807272870670022e+03 2680.727289208398 2680.727290966863   
19601 294015 3.3622264764987886e-05 44580.16515195306 2680.727286240217 2.6807272882060288e+03 2680.727289301576 2680.727291129918   
19701 295515 4.207462523743238e-05 45856.87369855071 2680.727286240217 2.6807272873425309e+03 2680.7272887961526 2680.7272912604376   
19801 297015 4.412510442262113e-05 48901.428604762936 2680.727286240217 2.6807272875137191e+03 2680.7272891921407 2680.727290218881   
19901 298515 4.287616003329025e-05 50244.81747784588 2680.727286240217 2.6807272872690546e+03 2680.7272884706817 2680.7272908255554   
20001 300015 4.808009155542553e-05 50904.85180068094 2680.727286240217 2.6807272882283442e+03 2680.727289674085 2680.727290869345   
20101 301515 3.477088727977318e-05 50776.98537489781 2680.727286218208 2.6807272866956364e+03 2680.727288924555 2680.727290444522   
20201 303015 4.556393376109908e-05 52899.77998109403 2680.7272859405484 2.6807272870650377e+03 2680.727288410967 2680.7272896224467   
20301 304515 3.2817132246774764e-05 54770.79136279449 2680.7272859405484 2.6807272866080016e+03 2680.7272886730225 2680.727291052667   
20401 306015 2.6198649380615818e-05 52987.85010751638 2680.727285841294 2.6807272865013970e+03 2680.7272889938768 2680.7272907707693   
20501 307515 2.419622434386971e-05 54953.59157524158 2680.727285633564 2.6807272869025401e+03 2680.7272881796107 2680.7272901188667   
20601 309015 3.1603719883136374e-05 55749.34107346122 2680.7272856083773 2.6807272866548806e+03 2680.7272879377597 2680.727290479698   
20701 310515 3.097159229207563e-05 57603.58018562985 2680.7272856083773 2.6807272862439677e+03 2680.7272893261365 2680.7272909264066   
20801 312015 3.0290673204619058e-05 61132.20272584764 2680.7272856083773 2.6807272868734331e+03 2680.7272883676524 2680.7272907902106   
20901 313515 3.691672397029574e-05 63037.169675843834 2680.7272856083773 2.6807272869003564e+03 2680.7272887469417 2680.727289816885   
21001 315015 2.695422748660012e-05 63149.595351710326 2680.7272856083773 2.6807272875553303e+03 2680.727289143342 2680.7272913810507   
21101 316515 3.082562745027611e-05 63907.616550346 2680.7272856083773 2.6807272873170405e+03 2680.7272883941787 2680.7272906119397   
21201 318015 2.5896278402531627e-05 64202.827051662614 2680.7272856083773 2.6807272868389437e+03 2680.7272882329585 2680.727290587218   
21301 319515 1.8131537014987308e-05 66816.5836439236 2680.7272856083773 2.6807272864825295e+03 2680.727289000097 2680.7272903655457   
21401 321015 2.2169479040438804e-05 65973.56097850278 2680.7272856083773 2.6807272866398393e+03 2680.7272890256354 2680.727290431165   
21501 322515 3.0289123268347906e-05 70397.80531861862 2680.7272856083773 2.6807272866584981e+03 2680.7272890829636 2680.7272898821066   
21601 324015 3.40907573362762e-05 71163.38196349239 2680.7272856083773 2.6807272870105980e+03 2680.7272882207644 2680.727290459214   
21701 325515 2.4525438395942232e-05 72874.00495230932 2680.7272856083773 2.6807272860582484e+03 2680.7272889140395 2680.727291453808   
21801 327015 2.535121049051871e-05 75292.51922551742 2680.7272856083773 2.6807272861164788e+03 2680.727288463483 2680.7272906618596   
21901 328515 3.451700695802268e-05 76479.74089344563 2680.7272856083773 2.6807272872738331e+03 2680.7272883109563 2680.7272904076826   
22001 330015 3.623836413418586e-05 79533.97405756822 2680.7272856083773 2.6807272868711216e+03 2680.7272878935337 2680.7272896694553   
22101 331515 3.3015603555280015e-05 80368.04242945182 2680.7272856083773 2.6807272874418850e+03 2680.7272887403087 2680.7272904233764   
22201 333015 3.124126976277999e-05 80166.8612762164 2680.7272856083773 2.6807272861387401e+03 2680.727288543374 2680.7272901548504   
22301 334515 2.21881624047538e-05 80764.16214398899 2680.7272856083773 2.6807272869263752e+03 2680.727288284649 2680.7272899244063   
22401 336015 3.1049804124840994e-05 84640.7646199561 2680.7272856083773 2.6807272865613759e+03 2680.727288447662 2680.7272902897103   
22501 337515 2.3657347597215328e-05 85008.35037977585 2680.7272856083773 2.6807272874225328e+03 2680.7272888401367 2680.7272900480966   
22601 339015 2.2623569002519164e-05 88618.14357145203 2680.7272856083773 2.6807272866559183e+03 2680.7272890622917 2680.7272901181605   
22701 340515 1.6791687829811604e-05 94020.19923559566 2680.7272856083773 2.6807272862774475e+03 2680.727288164966 2680.727289510627   
22801 342015 1.7578403984647113e-05 97625.63731853265 2680.7272856083773 2.6807272862537347e+03 2680.727287434792 2680.7272895230026   
22901 343515 2.2901779268555005e-05 102114.91026286631 2680.727285607458 2.6807272868089631e+03 2680.7272883950714 2680.727290916492   
23001 345015 2.352954531375019e-05 104696.09685116091 2680.727285607458 2.6807272862553828e+03 2680.7272879601037 2680.7272909809253   
23101 346515 1.2458331642688258e-05 108276.32012235651 2680.727285607458 2.6807272860433395e+03 2680.7272877774403 2680.727290028458   
23201 348015 9.56128654603704e-06 110839.68325523997 2680.727285607458 2.6807272864917331e+03 2680.727287845212 2680.7272899694135   
23301 349515 1.3229461880224258e-05 111288.89400389214 2680.727285607458 2.6807272867435440e+03 2680.7272879007614 2680.7272898438177   
23401 351015 1.350464187713714e-05 111038.69873974507 2680.727285607458 2.6807272866445437e+03 2680.7272883036158 2680.727290214153   
23501 352515 9.61167089968655e-06 111123.3586845131 2680.727285607458 2.6807272866870198e+03 2680.727288635587 2680.727290004073   
23601 354015 1.213153894038495e-05 116190.89410610625 2680.727285607458 2.6807272862924433e+03 2680.7272883879523 2680.7272900017656   
23701 355515 9.62424296837162e-06 113746.07450622774 2680.727285607458 2.6807272862327782e+03 2680.7272889362143 2680.7272899689674   
23801 357015 8.94313266926714e-06 116355.33867509391 2680.727285607458 2.6807272861752199e+03 2680.727288239726 2680.727290767564   
23901 358515 1.1686034256472933e-05 118676.28111848478 2680.727285607458 2.6807272863244903e+03 2680.7272885851617 2680.727289836485   
24001 360015 2.22714061623271e-05 120978.9059923976 2680.727285607458 2.6807272869061862e+03 2680.727288495734 2680.727290789448   
24101 361515 2.0507469058473207e-05 120369.96047218957 2680.727285607458 2.6807272863800454e+03 2680.7272878228264 2680.7272894907137   
24201 363015 2.0797076873490007e-05 119208.35925913455 2680.727285607458 2.6807272862456666e+03 2680.7272883581545 2680.7272900139164   
24301 364515 2.156601300474062e-05 121597.93677539949 2680.727285607458 2.6807272862666796e+03 2680.7272881687313 2680.727290224958   
24401 366015 2.1168683790686343e-05 124464.04726015942 2680.727285607458 2.6807272865165005e+03 2680.7272879261054 2680.7272905492814   
24501 367515 1.1326099953715252e-05 130817.21081160438 2680.727285607458 2.6807272857642306e+03 2680.7272880200508 2680.727290838792   
24601 369015 1.0726194398826252e-05 137306.52546590284 2680.727285607458 2.6807272856597706e+03 2680.7272883826863 2680.7272895932765   
24701 370515 6.944039007609598e-06 138976.42697357948 2680.727285607458 2.6807272864410256e+03 2680.7272886750566 2680.7272903909925   
24801 372015 8.317829901085577e-06 139152.72980971765 2680.7272855276256 2.6807272871248610e+03 2680.7272885951033 2680.7272900941834   
24901 373515 9.233842877264835e-06 135770.7556178166 2680.727285511116 2.6807272856550917e+03 2680.7272884268623 2680.727289867903   
25001 375015 1.0183831271263376e-05 143688.8663483756 2680.72728546519 2.6807272856166564e+03 2680.727288968041 2680.7272901943315   
25101 376515 7.331230186932242e-06 142219.8347338429 2680.72728546519 2.6807272861752872e+03 2680.727288199815 2680.727290567129   
25201 378015 7.264200679362655e-06 142635.62363465154 2680.72728546519 2.6807272863496578e+03 2680.727287910442 2680.727289715762   
25301 379515 9.946271386935745e-06 142711.26784854467 2680.72728546519 2.6807272856766549e+03 2680.7272880239825 2680.7272896278755   
25401 381015 1.3664155272755536e-05 148870.87606718062 2680.7272854405132 2.6807272859049417e+03 2680.72728778817 2680.727289921109   
25501 382515 1.9761605270674963e-05 155648.09083029503 2680.7272854058365 2.6807272861525034e+03 2680.727287634032 2680.727289065023   
25601 384015 2.1993137604257562e-05 159052.6811508738 2680.7272854058365 2.6807272871442947e+03 2680.7272883026053 2680.727290151711   
25701 385515 1.6844090333017857e-05 162360.0594075871 2680.7272854058365 2.6807272867904603e+03 2680.727288396827 2680.7272901108067   
25801 387015 1.6758426521170014e-05 175497.64203897954 2680.7272854058365 2.6807272859142540e+03 2680.727287948056 2680.727290276236   
25901 388515 1.3098616981013492e-05 181055.03184435723 2680.7272854058365 2.6807272867742813e+03 2680.7272881278313 2680.7272906950693   
26001 390015 2.0782227650873465e-05 183158.30645435763 2680.7272854058365 2.6807272864261631e+03 2680.7272882357465 2680.7272899445147   
26101 391515 1.914586975345742e-05 193153.8505313606 2680.727285374346 2.6807272862653599e+03 2680.727288086491 2680.7272892726323   
26201 393015 3.0918996903789124e-05 199572.15350166263 2680.727285358094 2.6807272862653404e+03 2680.727288113706 2680.7272897154116   
26301 394515 2.468842343800782e-05 201227.8013173808 2680.7272853488807 2.6807272874048385e+03 2680.727288648427 2680.727290141572   
26401 396015 4.436659362371724e-05 205068.8039443655 2680.7272853275826 2.6807272864066399e+03 2680.7272879591014 2680.7272898457363   
26501 397515 4.651683510598082e-05 212803.24236726933 2680.7272853275826 2.6807272864262691e+03 2680.7272885178645 2680.7272898633546   
26601 399015 2.9720826731828717e-05 223454.1212188299 2680.7272853275826 2.6807272861302754e+03 2680.7272880834253 2680.7272898354904   
26701 400515 3.275690690083142e-05 222633.22855246582 2680.7272853275826 2.6807272860350577e+03 2680.7272884367576 2680.727291918471   
26801 402015 3.617508812393466e-05 236328.12357712444 2680.7272853275826 2.6807272862855284e+03 2680.727288391956 2680.7272900240714   
26901 403515 2.270228055344365e-05 250030.16952633744 2680.7272853275826 2.6807272859518357e+03 2680.7272882798616 2680.727290377113   
27001 405015 2.171193519306859e-05 251122.8711998586 2680.7272853275826 2.6807272856838204e+03 2680.7272875932968 2680.7272893015706   
27101 406515 2.631993048231932e-05 250030.14027766974 2680.7272853275826 2.6807272855506999e+03 2680.72728800654 2680.7272899936897   
27201 408015 3.567883947276022e-05 248389.7329514276 2680.7272853275826 2.6807272856214599e+03 2680.7272874624123 2680.727289443981   
27301 409515 3.50754394232556e-05 256537.55560456417 2680.7272853275826 2.6807272866363410e+03 2680.727288154343 2680.7272904891706   
27401 411015 3.261743735975556e-05 260457.7659466779 2680.7272853275826 2.6807272862022228e+03 2680.7272879250136 2680.727289645848   
27501 412515 2.7452824305338706e-05 264596.1768442116 2680.7272853275826 2.6807272870180814e+03 2680.727288795417 2680.7272896663153   
27601 414015 2.2410036710417133e-05 276668.4897750738 2680.7272853275826 2.6807272860958719e+03 2680.727287791126 2680.7272893437503   
27701 415515 2.8630756864159506e-05 298197.1836096291 2680.7272853275826 2.6807272865374616e+03 2680.7272882623474 2680.727289860888   
27801 417015 2.1100456867397878e-05 304533.2240629181 2680.7272853275826 2.6807272861975894e+03 2680.7272883756436 2680.727290725502   
27901 418515 2.40482813724754e-05 301908.95763148414 2680.7272853275826 2.6807272862973568e+03 2680.7272884320655 2680.7272905482814   
28001 420015 3.134106172198924e-05 300679.00565994286 2680.7272853275826 2.6807272864877232e+03 2680.72728832319 2680.72729059276   
28101 421515 2.8693919478284196e-05 298364.17641713785 2680.7272853275826 2.6807272866160392e+03 2680.7272886746737 2680.727291468441   
28201 423015 2.5262117604693317e-05 301083.0057523053 2680.7272853275826 2.6807272870489014e+03 2680.7272887912422 2680.7272906263843   
28301 424515 1.6331083813730922e-05 314587.61323760013 2680.7272853275826 2.6807272871963141e+03 2680.727288520068 2680.7272907377665   
28401 426015 2.3136777730167428e-05 299591.79116807814 2680.7272853275826 2.6807272859487757e+03 2680.7272880342016 2680.727290117918   
28501 427515 2.1284516361414203e-05 312627.7055143227 2680.7272853275826 2.6807272862221353e+03 2680.7272878176377 2680.7272891370876   
28601 429015 2.1008934403361194e-05 293202.04869526986 2680.7272853275826 2.6807272868229270e+03 2680.727288688033 2680.727290395198   
28701 430515 1.868636544298407e-05 303121.5959248506 2680.7272853275826 2.6807272859460354e+03 2680.72728844611 2680.72728950722   
28801 432015 1.9225753988713055e-05 299297.56097638776 2680.7272853275826 2.6807272860753101e+03 2680.7272885319785 2680.7272901926963   
28901 433515 2.6793527519154785e-05 292775.85274336446 2680.7272853275826 2.6807272864108572e+03 2680.7272881661656 2680.7272908359982   
29001 435015 2.9935309107787025e-05 310416.5600825195 2680.7272853275826 2.6807272858598062e+03 2680.7272878687745 2680.7272906098033   
29101 436515 1.9982730673081443e-05 299324.39537046605 2680.7272853275826 2.6807272860994240e+03 2680.727287865363 2680.7272893332793   
29201 438015 2.616875618430987e-05 304058.2224842701 2680.7272853275826 2.6807272860586304e+03 2680.7272882971533 2680.7272900434346   
29301 439515 1.8219936750951588e-05 311384.9181300125 2680.7272853275826 2.6807272858611250e+03 2680.7272881281197 2680.727290095108   
29401 441015 8.510248155227436e-06 325492.7871670361 2680.7272853275826 2.6807272859786608e+03 2680.7272884167196 2680.727289982993   
29501 442515 8.182524385910883e-06 315041.09470982384 2680.7272853275826 2.6807272861786014e+03 2680.72728829599 2680.7272905418613   
29601 444015 6.932952588806911e-06 305204.59685258364 2680.7272853275826 2.6807272861702140e+03 2680.7272882581537 2680.7272909538947   
29701 445515 6.23187037197689e-06 297623.71363119036 2680.7272853275826 2.6807272862654117e+03 2680.727288854717 2680.727290758947   
29801 447015 5.230863913852159e-06 291626.6178219137 2680.7272853275826 2.6807272867381134e+03 2680.7272881792414 2680.727290147779   
29901 448515 6.2006082845503406e-06 276641.9032072234 2680.7272853275826 2.6807272872968738e+03 2680.7272887143117 2680.7272900890302   
29930 448950 6.6109239779971515e-06 272946.7497920472 2680.7272853275826 2.6807272863264093e+03 2680.7272886815304 2680.7272901826072   
