% # columns="iteration, evaluation, sigma, void, void,  stds==sigma*sqrt(diag(C))", seed=833910, Thu Jul  2 17:29:44 2020, <python>{}</python>
1 14 50 0 0 50.09273230632526 50.0861087691014 49.40792009293834 50.03991527287964 49.92416801804905 49.93749025131131 49.948770607016726 50.02676818722654 50.58278272003399 49.97656886506876 49.981511718407305 49.91622001267108 49.77357571898292 50.006814946027056 50.113039724834586 49.76149600581507 49.979825573215244 49.921760011648246 49.94401798599394 49.80149280965114 50.27170875822693 49.86626730571446 49.89890129212671 49.9823329814598 50.198882276077086 50.11319844171168 49.890893619153466 49.9908752214775 49.90260658108764 50.053349433840566
2 28 48.90382027896125 0 0 48.77311279773994 49.21892368830517 48.57326602077793 48.83092666344736 48.81717410148355 48.78158016407011 48.79697200850163 48.74082900680436 49.36231903656032 48.73189613058305 48.750315112606415 48.73626539002349 48.64765856899054 48.80912190523789 48.90538355164702 48.333615876028084 49.00122824307266 48.78042201767007 48.765444399818634 48.574953073400486 49.006686588496834 48.92399980518342 48.63219735204038 48.89334671610141 48.93513235281442 49.02095679529752 48.70402262080451 48.97307021484296 48.76259227646421 49.09748272383888
3 42 45.05283054688319 0 0 44.62543565385748 45.363513737018025 44.91800462527822 45.02895091564606 44.91838154746878 44.851512849719214 44.87355448350821 44.85067094388717 45.327541855612246 44.7401118861214 44.904576805232594 44.81094873474628 44.68367920379658 44.96176231482049 45.05984203064617 44.40197746430508 45.073914984215044 45.14970174310913 44.85129585868881 44.63202517524393 45.17693736071177 44.88316464508265 44.71480403966468 45.06047846978608 45.168139201663706 45.0618076893349 44.87293284141917 45.13579546079909 44.81821866416381 45.078037324270774
101 1414 0.46307471816016876 0 0 0.3699032092001768 0.4776269098849393 0.5563705287871695 0.3706805969152474 0.44569707024657335 0.4591610515461938 0.4626217228839523 0.38260234064910653 0.46232677797588345 0.39857353681017293 0.3835581004568263 0.37710071685447333 0.5194889142435426 0.4671315769080863 0.4333699979882064 0.36802201203158064 0.472395239741032 0.5190199608065198 0.3692715255496763 0.39889787825273976 0.4853385217149952 0.5042220837341674 0.3867508048278749 0.37051816752816524 0.4856357537447993 0.46216990708569905 0.4651402644199378 0.4618760514247668 0.4721874909734376 0.3886415238690762
201 2814 0.47914046895149776 0 0 0.3254374282548319 0.687116668871833 1.742825398237858 0.32146034122364137 0.5987692408797141 0.49235540615826445 1.0010073264390176 0.3268465273635418 0.7168364710810612 0.6964246318359754 0.3213325583465443 0.3287111030179985 0.7721910078087131 1.1046397334774678 0.45667301808435923 0.32062714216183885 0.5156334404724895 0.5165169123371679 0.3278877925610586 0.323451889022933 0.7078285938694973 0.5436617272376562 0.3381664108336508 0.32440836994815286 0.5457395167351607 1.1933584882323784 0.5163766361935251 0.9550131307108268 0.7470821834464294 0.3430312776528731
301 4214 0.2129311457427075 0 0 0.11796191816219741 0.3532580041897004 0.7780760798384363 0.12261802317970688 0.26240150815767316 0.2678032647665005 0.5492283643845447 0.11970220722054399 0.3150921702198791 0.371970357211924 0.11753296762391456 0.13261562745559125 0.6310639105864472 0.715559354732652 0.20154005407418105 0.12331125143891004 0.2401166905332635 0.25527565971393695 0.12225753665514291 0.12256544980449244 0.4399450599924695 0.2384602299384338 0.12638130342417594 0.12221234014879238 0.3138707301589229 0.6176243216366292 0.5408424081043821 0.41397245927869625 0.36236123036746515 0.12369385915053405
401 5614 0.04866533424298608 0 0 0.02821728548840408 0.08885380507016241 0.16728401727194223 0.026156606810368847 0.06090050068669887 0.06923580367572973 0.17796497573558478 0.023887528996811853 0.06919325729681629 0.09042660685166508 0.02296667565870607 0.03625232040230086 0.22257154727817016 0.14815062137534768 0.06619652043209369 0.03131887946045494 0.062320934251907684 0.06128498047103269 0.031654037062087845 0.02277965825448549 0.11931358287924522 0.0546011516769212 0.03642469619909723 0.02812482509399373 0.06751923285341827 0.128222685104833 0.20677295331557055 0.11955913483953154 0.08596490001723006 0.025263631429755115
501 7014 0.0362926999676502 0 0 0.03150318485476771 0.16557111708413824 0.17840062799049225 0.030778762717989284 0.11077005201888752 0.08109087697575115 0.10461096321091866 0.021047048519290134 0.0521867373309964 0.06694141363211072 0.015099762581270696 0.048965859393119884 0.2183642868683427 0.09408975811137853 0.11128367674350308 0.03924243164776727 0.05368746713439403 0.04847665276997794 0.04196464684347692 0.015884876011723198 0.15082306262144288 0.042396462658759355 0.05374592913602739 0.03090511590068349 0.04613804003719951 0.1067447434094945 0.14498480288540636 0.1870089222340222 0.07424015421954647 0.021763264954322917
601 8414 0.018901250000492992 0 0 0.04687955240991509 0.33327401460218803 0.3167396316836072 0.044632483842022445 0.2678273825280625 0.1515876535826895 0.053971191166159525 0.026009483653430792 0.06234016068928809 0.08964267247136251 0.009220190300929156 0.07690486732019905 0.2373827981980464 0.10189691589347978 0.18437813204276304 0.061626585905095836 0.033050040024386405 0.023571923642268375 0.06455392857253095 0.007379588553506205 0.24659902517687146 0.02297042394087541 0.0864371428799996 0.04815882265566193 0.05272450275615228 0.1641129454573575 0.12402034584587922 0.35089050196566607 0.10955824436102443 0.0281325994791592
701 9814 0.013983644476313943 0 0 0.0383048613106027 0.2739394525176366 0.25384282291000637 0.03608815457924152 0.21815451973246722 0.1228007221437996 0.04987568149978346 0.020712390986751917 0.0492829416764722 0.07347663083740423 0.006497037542819574 0.06250147508463443 0.1897045134685962 0.09011773852994592 0.15021789699342028 0.05007853337783729 0.03612208328483796 0.01789749747074596 0.052309469585837244 0.005037804869353993 0.1970796206300201 0.0219541704632114 0.07034030215036757 0.039217471595186536 0.04516376557295604 0.13973246514306584 0.09757399667329879 0.2834736316271646 0.09002668562007106 0.022692263085310423
801 11214 0.010221639010440303 0 0 0.02954684531732753 0.2118940214852224 0.18087372638140425 0.028093973475832416 0.14875943715468076 0.08979494485902971 0.04602432932131795 0.016061487196338743 0.034016611227065195 0.06577879001429376 0.004488531632418133 0.04822515938595672 0.15960180769982543 0.07410324859748586 0.11579954711618226 0.03862505089193495 0.04494716823431408 0.016070922170260273 0.04068309288320604 0.0032560094199880142 0.1452987506908563 0.021193235004368906 0.05436810136353857 0.03013214609117128 0.029464709210284587 0.12323501110844018 0.06094093065792861 0.2007249251735237 0.0704702396920065 0.017332451097058228
901 12614 0.037727992914870244 0 0 0.10441207643922365 0.7180700471975684 0.6041727665699289 0.09943777956052074 0.7725147810111221 0.3039637497309001 0.15523273742837168 0.056740719588254586 0.12760597407043037 0.23564745515848387 0.014779749881686923 0.17114536492939136 0.5963233163788002 0.2871236091207627 0.41011749068430864 0.1363938630498159 0.1684852027964227 0.19455428993027069 0.14499095046988203 0.01043315444075338 0.48636074353768327 0.11553404641131262 0.19217239362605673 0.10673222468720546 0.17318964323959346 0.43714572421171893 0.20745715240239865 0.691623055800943 0.24319585585030468 0.061386856920104566
1001 14014 0.002756361562717717 0 0 0.007295276146764975 0.04699429080725517 0.03857654054326905 0.00689042615192792 0.0676491451764693 0.0198531545037557 0.010216907050089258 0.003926362186234223 0.009052602691956622 0.01628066501216264 0.0010432676766630887 0.011860958069528827 0.043798865335736216 0.02082268669136257 0.028563316412753618 0.009478896125615711 0.011939282952570312 0.019192324833195343 0.010046950583693417 0.0006450993356704101 0.031058701263694886 0.010057159224797902 0.013361996708492136 0.007409914757414415 0.01609229363841275 0.030564402555038984 0.013371486084995042 0.04632622143373657 0.016865687698104523 0.004233237240474893
1101 15414 0.01399209638108011 0 0 0.03591211683759451 0.22723448465036364 0.19162110860815298 0.03390437016413189 0.321354422641386 0.10483183557919445 0.05361261317667558 0.01922472070827001 0.04940217370031272 0.07199041694659886 0.00499099029398284 0.058376083873551185 0.20906632334395722 0.12574287731554903 0.14054793282272035 0.04659149251167143 0.05478100821856669 0.09442877135663605 0.04917902139088554 0.002881766413077304 0.1514255339018206 0.04837397130664781 0.0658125478459846 0.03655719210298491 0.07713543519466715 0.16912595941335443 0.09388560551575924 0.2388303261650246 0.08554482951964268 0.020901750759946543
1201 16814 0.00631540335280986 0 0 0.02704606101707409 0.16631876976981297 0.1444479417647701 0.025404436683397345 0.15411372365948084 0.08785238036120528 0.049206053115183106 0.014220544344935325 0.03139141578338784 0.029405097066187224 0.0033189227443292594 0.04394940125947119 0.14497570622422742 0.09938472556932434 0.10595720915878401 0.035135331332500006 0.022654734455594683 0.03997945418601116 0.03711783737079515 0.0012809509264316533 0.1098297383420064 0.02337913815504401 0.04959810985750589 0.027376125972818216 0.03563387699875425 0.13038242786800608 0.0870332325073576 0.20282099726275074 0.058678014308326386 0.015507617154628922
1301 18214 0.00555751397524693 0 0 0.019974383121004604 0.12140551324145513 0.10559596923557661 0.018765292023818183 0.12195335018272922 0.06484034059646195 0.0387243642048955 0.01052049700751159 0.026465459372951996 0.0234996945042736 0.002499905627776091 0.03241643861386865 0.10814991973147535 0.08252506808233784 0.07817084081754644 0.025922159986501634 0.0239342623988044 0.03449266259559989 0.02739734843172124 0.0009576784018766678 0.07992501683999001 0.018912178432303552 0.036573036021061205 0.02021101933310397 0.029307176024082258 0.09906329310515832 0.07061978757334425 0.15068861652188928 0.046245280567171226 0.011404846701837031
1401 19614 0.004317656783639441 0 0 0.014975430650715675 0.09059119738457172 0.07808719190558067 0.014109749222433448 0.08487329644772863 0.054130619810919975 0.028218694126057965 0.007894316961067925 0.023840077163430288 0.016605237366185212 0.0018286632734710625 0.024318472239078764 0.07937082395693085 0.059914184909290034 0.05858643641942984 0.019441962719597885 0.04146915735572168 0.025711276484360095 0.020522755354086198 0.000710329774664485 0.05973046831876829 0.014810786267025717 0.027451182277494962 0.015213591772670945 0.02413506266341309 0.07333756358463685 0.05289349657752781 0.11255117675617496 0.0458127807209621 0.008565531131707408
1501 21014 4.772298373537783e-05 0 0 0.00022926853023089717 0.0014320673861381904 0.001240014093695516 0.0002114940611834897 0.0011349551895102681 0.0007691032835665083 0.000337699535673111 0.00011814434451596392 0.0002524215120302484 0.00021190484910671992 2.9262628022198203e-05 0.0003704888602047737 0.0012258757281224174 0.0006741147007821621 0.0008921418291422068 0.000295042649299582 0.0003093945463482048 0.00023190058079325545 0.00031413826234184307 7.985939083708786e-06 0.0009604846112856532 0.00014048995292162324 0.0004197704998698781 0.00022857244606260118 0.00022857254712740945 0.0010589553992801904 0.0006572288659664207 0.0017301072921002783 0.0005092168674806263 0.00012507101602279042
1601 22414 8.987962780209537e-05 0 0 0.0008924498624365601 0.005579029889002539 0.004812996142531903 0.0008188823115211415 0.003239252216078921 0.0030836212270503784 0.0010761843148497368 0.0004523844460024819 0.0006992915528910528 0.0005839630981753673 0.0001149679887335946 0.001440043557564702 0.004549195887047211 0.0020072684173113014 0.0034664253960821115 0.00114473677868547 0.0004501896229117172 0.0005995852374687134 0.0012250680363011135 1.565043894205333e-05 0.0037835575310977746 0.0003800304446197206 0.0016317663876250724 0.0008829921280743275 0.0006427309663496648 0.004004624654706248 0.0022195280968838747 0.006750545948986377 0.0015927862144428653 0.00047593825860317573
1701 23814 0.0009590335491137811 0 0 0.008877850230029459 0.05568987637079143 0.04855472619483064 0.008177513857290588 0.029411926979074868 0.032525367087573975 0.012629993101861569 0.004536178475789064 0.009999997044308533 0.005868367930392326 0.0011004530277385273 0.01432006621930858 0.04325879331223918 0.024984157366287247 0.03447111696385354 0.011394031530881516 0.00413574712125629 0.008050126770875514 0.012152675757140317 0.0001936209692009921 0.03788374865678618 0.0037737673796768294 0.01621255315686499 0.008879225350595129 0.005855745628968652 0.04228357923882542 0.02436845062418257 0.0682182707697502 0.015712270632124437 0.004827965713453278
1801 25214 0.005469603443566032 0 0 0.03702095060626764 0.23153614887181198 0.2023100413409809 0.034259597201260795 0.12805944573165637 0.14023409819400598 0.05761661372526114 0.019067943206869286 0.05026053604593367 0.028425990053790807 0.004526855892809835 0.05972868766764512 0.1782452769426662 0.1178388222876893 0.14388246369497298 0.04761713129290837 0.03303129399768381 0.0410406804787907 0.05063257432483706 0.0009711244323419442 0.15746968706369158 0.017120307086458193 0.0676218299498247 0.03720612017401428 0.025473471056181165 0.1808321890786613 0.1103032829477799 0.28598442794835427 0.07316816144742345 0.020301018424583088
1901 26614 0.00454348047356425 0 0 0.020702066907326903 0.12403975000540332 0.110141471858201 0.019248936442079957 0.08155779324344424 0.09305032013630596 0.03743341213071088 0.010713445870465717 0.04272962884219298 0.02029641346690046 0.0025491114479595537 0.033437777187137634 0.09581139113265752 0.08033098870668474 0.08065221047215528 0.02673288463584634 0.0636909953531018 0.04431264779646389 0.028343997913178594 0.0006786705384241045 0.08480280669184014 0.014330646911007565 0.0378588901959179 0.02089277733251566 0.024392475666805316 0.1079808863702235 0.06670783456449617 0.15427114427925429 0.08449322602133459 0.01151369318153676
2001 28014 0.009121299749992392 0 0 0.03193580394607497 0.18222412184907016 0.1603050487141353 0.02978449496899758 0.14250534275922594 0.15051762980907907 0.05928452094957221 0.016598808378482023 0.07494315702732533 0.03550086729953999 0.003963183764229917 0.051585802642920654 0.14360354817627594 0.12858044985516406 0.12454287389396894 0.04129125605943326 0.11364893403999858 0.09217021371896433 0.043701633368428625 0.0012193004765531255 0.12187266221008927 0.028618466672488012 0.058364714848365994 0.03229749041956787 0.046850975257465226 0.16237874153547366 0.10715350039127235 0.22670593525841262 0.14280404087662354 0.017945668724865783
2101 29414 0.007368517859767588 0 0 0.029389001876841327 0.13213580702695113 0.11208342347795677 0.027485636698764016 0.10566555808581829 0.10669706115923339 0.042961449817530195 0.015358787606251534 0.05411741476139577 0.02950991957322006 0.0035760089252265498 0.047642195164652505 0.10415608251268642 0.09151824939685078 0.11490463399148314 0.03805581613673225 0.09034855873148633 0.15859113870943675 0.040227321037460635 0.0010325248868696582 0.08850066705561468 0.03915495870576896 0.05380200770056527 0.029714448118522318 0.05699531020400142 0.11615228387022695 0.07785016334442489 0.17301904877617977 0.10332832340020212 0.0166618892680136
2201 30814 0.023559723406729034 0 0 0.08035912933344491 0.34532354459984754 0.2878543145203187 0.07544128715760266 0.2981675055357262 0.29418014682789057 0.11634113922735496 0.04214186314979453 0.14703423234336963 0.0833117355349105 0.00982998495923778 0.1305431286868857 0.27182860009686216 0.23983854025835183 0.31498892595498723 0.10443055926111536 0.2597770773747046 0.45173166047158736 0.11024198632486476 0.002876313905529683 0.22617984202613184 0.11107694919136672 0.14743722755549307 0.08146881935550054 0.1686216863401978 0.3129443717691327 0.20816585006422517 0.45229358329144154 0.29930068974521323 0.045767303069625904
2301 32214 0.009778129895256326 0 0 0.034485542285301214 0.1358135311244306 0.1018468436815908 0.0323542595393813 0.1279132084024054 0.1125500801970893 0.048574467015684714 0.018082420705546266 0.06403735273185004 0.04118170457615794 0.004156215600994985 0.05600803257326954 0.09769912239720238 0.09410232164038809 0.13510465690403783 0.044779253174859264 0.09535517431653251 0.175610872808662 0.047296662026619335 0.0011901834339386604 0.07917010086231388 0.04323084550989416 0.06326613178716677 0.03495954404104653 0.08591765094113085 0.13563755848288397 0.07688536843968634 0.17277599133111665 0.10782649709537048 0.019645723982924367
2401 33614 0.03300127599407883 0 0 0.1112982750427325 0.4156161469590624 0.30676802048979146 0.10437288248691355 0.36764002488123887 0.3278205775670135 0.14659927085113153 0.05843899146322111 0.23651040655946676 0.12902248459586804 0.013302661964810085 0.18071337994591635 0.29512835218358185 0.28788679725549354 0.4359679379238097 0.144473556328182 0.283646135207529 0.5345265186834561 0.15270469649970692 0.0037662438652279933 0.27083987025956746 0.13895462956979365 0.20409763623016142 0.1127842064435254 0.27283603038606774 0.4200715049127638 0.2480046532636053 0.577595403307305 0.3228646437622394 0.06350141517510054
2501 35014 0.015386430822999687 0 0 0.04882025751277682 0.18513904951427138 0.13025636227990167 0.04576401692236588 0.1521159650269702 0.14219565404898651 0.05997440494658332 0.025659027204269276 0.16654936528691025 0.06361376131444338 0.005855551937021943 0.07929115377439476 0.12668752174702302 0.11818184686557287 0.19113609122086977 0.06342060328610499 0.12765852283137508 0.352038754895541 0.06693346853677215 0.0016645331685279327 0.1492860215208651 0.1219914706192264 0.08947243547794576 0.04948816049579079 0.14708549298946189 0.17306824659804912 0.13083188775013893 0.29983036439422706 0.13342344154678643 0.027897937738256624
2601 36414 0.011639325292921035 0 0 0.03352129643819445 0.12277011954606935 0.08325514847859032 0.03139937660554936 0.10673293221716473 0.0918615120209465 0.04030140076986645 0.01757273233050038 0.11457495116208236 0.044569214211428475 0.004034056358899326 0.054336996191855946 0.08372829011806766 0.0775863729969776 0.13100361912766276 0.04347570009772957 0.08334832245877054 0.21024238125574746 0.045851915661596354 0.001117987158448407 0.09949640335036651 0.07512698699387405 0.061317919209822984 0.033904865047103785 0.09231209194932327 0.11599386510726109 0.08789439408704054 0.2039943568740941 0.09327054458509373 0.019119233601972513
2701 37814 0.0036501000384651797 0 0 0.009673941913197035 0.03793952798450101 0.02361915352548318 0.009058086760331981 0.029956532848772265 0.03494295792384203 0.011284494834959162 0.005063140768420874 0.03149374243942261 0.012662812724269315 0.0011569092892721989 0.015667834481398663 0.02411997890002954 0.02159607855112136 0.03778376486271034 0.012540422757910192 0.023438714490029062 0.042963141978842524 0.013230291247417458 0.00032509621227577864 0.027833356006482426 0.01878390884522943 0.017692040533418083 0.009778042878717554 0.0241055718380786 0.03221502096475505 0.025158293042487283 0.05871651276210357 0.02931611327861009 0.0055099693501534635
2801 39214 0.01632286985896346 0 0 0.04475511787765342 0.1469673038533367 0.08899422882267331 0.04193862682451755 0.12639773023653877 0.13940057736032138 0.04743851309857651 0.023434907626367525 0.138700599609258 0.058797249010434545 0.005332733625576573 0.07255939267745654 0.0928848785705867 0.08872249850334818 0.17498370026015309 0.05802093469636984 0.10766170650898295 0.15936125420481928 0.0612244567311809 0.00151714185609327 0.10654651501229663 0.0714378518176735 0.08193529238658878 0.04524593062406279 0.10525970557823326 0.13681750171454354 0.10488680810290094 0.2516926202360003 0.11808810235557633 0.025528183284057086
2901 40614 0.006567613278175652 0 0 0.018011407040641924 0.05221639558957537 0.03245151721945531 0.016895426318675397 0.04746709041005493 0.04970559759992383 0.017195124609615975 0.009431639531902732 0.05394266889657619 0.022781911120754377 0.002151197211079273 0.029242662846320207 0.034286466872233745 0.031405516928773795 0.07053126109665041 0.02338563252817572 0.04258480750320318 0.05698196684479006 0.02468054461746959 0.0005907341272578114 0.040963603528060936 0.02498365457323946 0.033012409830728194 0.018247225602670492 0.04198025249669792 0.04975473068892468 0.04079518626088595 0.098936853702991 0.043020443989850055 0.010287721097814829
3001 42014 0.006824267531319696 0 0 0.02163196950057749 0.04843626820422738 0.03542147013923123 0.020295906692572738 0.04505447586862803 0.05044976286919864 0.016344914771886352 0.011335721461588347 0.055537085592792856 0.02326107405595251 0.002570004998752226 0.035149507681457186 0.03846456792589743 0.02953045921301156 0.08477050521977275 0.02811039321432916 0.046274908482226804 0.05185099578473576 0.02967268843813251 0.0006942053178821126 0.042078779462249034 0.022843730522534855 0.03968697160692829 0.021916877685872117 0.03981480271371333 0.0478356515076573 0.044889421670861074 0.11052303152150278 0.040406875609409525 0.012364939180353
3101 43414 0.005956147909998232 0 0 0.017065579791443485 0.03612800597573115 0.028223893015960056 0.016021384299983184 0.03535768956535725 0.03909049058534279 0.012868169349336362 0.008952154821520186 0.04703723237842508 0.018440830861570005 0.0020210258962407098 0.02774030360374592 0.03077002977503163 0.023096715506733895 0.06689718243097408 0.02218411416078261 0.034066560446167835 0.04134529233432933 0.023404804654697235 0.0005411447652807017 0.03570714082998554 0.01838474954102883 0.031312548391577225 0.017299983834801986 0.030113361995327912 0.03740193154189264 0.03525932569397256 0.08779914304373783 0.03069832629292053 0.009764796696889547
3201 44814 0.01656027511039677 0 0 0.04569836371932988 0.0915308178679822 0.07804551279674286 0.042891448814214375 0.09044291972259148 0.0951674277695851 0.03341288662572771 0.02398751046026958 0.19463396679979061 0.04873925504641437 0.00542271738155764 0.0743198521077889 0.08518263588692315 0.060913028526006024 0.1791428296419033 0.05937006905436694 0.08714826588185416 0.09784383818588385 0.06269977144606508 0.0014334579222112682 0.08928916700376786 0.057041190499275335 0.0838269805519279 0.046327945243683395 0.07846641621980883 0.09629826713807844 0.09350880064828232 0.23466164088174885 0.07819051223781712 0.026169131611046812
3301 46214 0.015691227404327886 0 0 0.03941304078980157 0.07605857559362907 0.06593574149116295 0.03696936925052694 0.07564409108468806 0.0812646421555049 0.02747503091206222 0.020681365612944234 0.14360740326900107 0.03897167825723737 0.004660420842834908 0.06407696086678588 0.07209981121356154 0.04982295261369762 0.15446277510072853 0.051204617818104786 0.07485956305291715 0.08077155866505933 0.05405472286321546 0.0012344752163733585 0.07785265719541559 0.04535670437522334 0.07229413123578401 0.03994800175300335 0.06863250743228458 0.07955049720728277 0.07820682407244832 0.19370911543210528 0.0698640999710509 0.022560856703296443
3401 47614 0.0015554421705154323 0 0 0.0032910602937075224 0.00695516413757601 0.005599594642253376 0.0030895010767602272 0.006563079611360122 0.0074736857155214996 0.0024206095612770706 0.0017294962264028922 0.010815839353533486 0.003275950433332996 0.00039026965817549777 0.005353199355431394 0.006042498260022096 0.004366568298610432 0.012905332559246783 0.004278894654697947 0.007034709778347543 0.0068203031787698746 0.004514921705437984 0.00010262205744770133 0.006928212957221068 0.0038382670203117703 0.006040118297436057 0.0033373751178402415 0.006835049879777925 0.006874671783099591 0.0064237208003254335 0.015970824311133804 0.006404449447492972 0.0018838038745723888
3501 49014 0.010605616912695336 0 0 0.020676328151021474 0.04265754875195199 0.033326585298688614 0.019397705867770936 0.04016809558605108 0.046340192874501675 0.015091928690426892 0.010869798833293203 0.06424689054601695 0.019996347918880584 0.002443813721900354 0.033615652801188986 0.03629682311416572 0.027606678130559975 0.08103118560762018 0.026866402355577593 0.04217239989865797 0.0421906285953613 0.028348241203082353 0.000650285669034256 0.041531201763159276 0.03728957343991249 0.03792411824158863 0.020943754978835535 0.041428109727050265 0.04259461726091841 0.03904907278263239 0.09597545079829388 0.040119969058530505 0.01183031655316427
3601 50414 0.000827547034936468 0 0 0.0017626141182539954 0.003111619798113912 0.0025227491108179827 0.0016543149450063937 0.0029680287714805385 0.0031621131366280607 0.0011361141258562138 0.0009262660280574328 0.004271690518192223 0.0016346649011111966 0.00020888329001586382 0.0028667610097689307 0.0028194276577396863 0.0020670547705786057 0.006912402581697551 0.0022915320782703804 0.0029777530441013646 0.0028827514866298495 0.0024176256945401234 5.4718124060361424e-05 0.0029448720440931517 0.004552838701943695 0.003235607389232211 0.0017870153371133202 0.002854217152711595 0.0032083443484781163 0.003171099004289834 0.00794026386869992 0.002919994050135756 0.0010095799585381573
3701 51814 0.0017237692824908515 0 0 0.003289872856776773 0.005988679135050558 0.0048465670941140815 0.0030869675987744536 0.005392110446145329 0.005776430685986196 0.002128522401108567 0.0017299117534891573 0.007914542106223933 0.0030427066466903155 0.0003893335576660138 0.005349759362148152 0.0054040025912550855 0.003937619951549014 0.012895830225400659 0.004274282763642742 0.005696160076862901 0.005579362239726466 0.004511194843946521 0.00010252556747971228 0.005596922660868289 0.00956967770044159 0.006037329182117984 0.0033349920120556154 0.005232974551107518 0.006023181580419941 0.005792402599381998 0.014891685996467997 0.0056623855302247545 0.0018826832627378914
3801 53214 0.001657131697792115 0 0 0.0031236907021457995 0.005211234987397317 0.0042034660157464565 0.002932122880142644 0.004818283838030359 0.005320753771791259 0.0018937105130747295 0.0016428012540587855 0.006833873924284568 0.002680009708209889 0.0003695622328343307 0.005080020897539318 0.0047241128175077385 0.0035441704666891657 0.012245586351553485 0.004058459836901539 0.005088327070146012 0.004857122635119896 0.004284320227082135 9.693098330279656e-05 0.004889145439175603 0.016130013671537442 0.005732552782894371 0.0031664146665829154 0.004550914296845415 0.005433710800928761 0.005167501236224907 0.013069838195812502 0.004784168095271592 0.0017870764022976193
3901 54614 3.888099566151772e-05 0 0 6.677719893521218e-05 0.00010956098068640231 9.042580344651928e-05 6.271865053121499e-05 9.888801466954621e-05 0.00011235250112799934 3.8555136679717064e-05 3.51004748024907e-05 0.0001384150398939239 5.663552894374517e-05 7.89155332681904e-06 0.00010865924608558553 0.00010198391747930708 7.202342778181221e-05 0.00026191083870601335 8.679896473513232e-05 0.00010438065711784026 0.00010319406723759279 9.164352963896641e-05 2.069763037075917e-06 0.00010353763807541547 0.0003919530497094541 0.00012261827225687577 6.771043334518943e-05 9.493462228026896e-05 0.00011232364677790046 0.00011141208998817904 0.00028123951618353084 0.00010142058866266328 3.8224875490164704e-05
4001 56014 1.3954873406031057e-06 0 0 2.1783669919545612e-06 3.3782729453194016e-06 2.7482304714987977e-06 2.045721004298414e-06 3.2643476241361214e-06 3.4842397467646124e-06 1.2738601359270548e-06 1.1446634146866617e-06 4.373610562564151e-06 1.8920499645254027e-06 2.57764038868423e-07 3.5446585307846276e-06 3.123761883577428e-06 2.3155489718113178e-06 8.543979538807862e-06 2.8314750560112817e-06 3.3785916339201037e-06 3.2606160358578208e-06 2.9901893471421255e-06 6.742069492599629e-08 3.2825185168433036e-06 1.2460865137597435e-05 3.999657237167213e-06 2.209045512657412e-06 3.2168401467223014e-06 3.7215647909047706e-06 3.5713912740029944e-06 9.040515952751926e-06 3.3202911800572226e-06 1.2471734361635859e-06
4101 57414 1.0670278529038526e-08 0 0 1.5486373141613672e-08 2.4966846769907065e-08 1.901673239458369e-08 1.4543227552887375e-08 2.2425661868748278e-08 2.431106567897107e-08 9.019673967101205e-09 8.14611023833776e-09 2.9220014084125894e-08 1.3327647607148184e-08 1.8320613157557446e-09 2.5195017880414112e-08 2.1663040780098527e-08 1.6402317271055915e-08 6.073761683414936e-08 2.0129249805722126e-08 2.2155556087546864e-08 2.2728769399732583e-08 2.1251197042759784e-08 4.8233310204918e-10 2.2402452630044874e-08 8.685526062757122e-08 2.8431654094603096e-08 1.5700661215573628e-08 2.191305392193846e-08 2.6396453457846212e-08 2.5173026089577107e-08 6.348582743951238e-08 2.268937859951613e-08 8.867652055283705e-09
4136 57904 1.3871891522022106e-12 0 0 2.066363897420321e-12 3.2134363789326016e-12 2.389739075723649e-12 1.9409186042894656e-12 2.842656029821007e-12 3.150980669545055e-12 1.1779086667923103e-12 1.086754936436329e-12 4.0415100481933574e-12 1.6964275342225786e-12 2.4397943348660344e-13 3.36268022085055e-12 2.717956480416331e-12 2.1559446151544016e-12 8.104720570592194e-12 2.6863253358639022e-12 2.9274531897668713e-12 2.917795983625276e-12 2.8361456135415328e-12 6.445643549606535e-14 2.8661032881875563e-12 1.1860065825301073e-11 3.7939101450578495e-12 2.0958390286531817e-12 2.8187244181390167e-12 3.4921707047009127e-12 3.159188989353927e-12 8.002905752648162e-12 3.0102069540685353e-12 1.1831579877422864e-12
