% # columns="iteration, evaluation, sigma, axis ratio, bestever, best, median, worst objective function value, further objective values of best", seed=834789, Fri Jul  3 09:37:02 2020, <python>{}</python>
1 10 50 1.0000450010125153 2334.5293767843755 2.3345293767843755e+03 43127.47440037869 2511653.4127652235   
2 20 53.44695528736232 1.1803796696065225 2165.8300710370395 2.1658300710370395e+03 4761.276799128915 165852.8902001803   
3 30 52.38863466495801 1.1927321423892567 2165.8300710370395 2.9468299438663976e+03 4348.750488088429 944930.3317777329   
101 1010 0.08054075724647765 14.892431293402293 1860.8268825880284 1.8608268825880284e+03 1862.6045532136623 1864.408839344674   
201 2010 0.003256795197395095 561.8280420095315 1860.1078542349353 1.8601078542349353e+03 1860.1093609725503 1860.111603275782   
301 3010 0.0009279734977526075 9015.673868146512 1860.0914671734338 1.8600914866968801e+03 1860.0915247384244 1860.0915741272383   
401 4010 1.2892227859188353e-05 63.17761438089834 1860.0914558631546 1.8600914558634695e+03 1860.0914558811123 1860.0914558934599   
501 5010 2.3895105887269068e-06 739.8657662607663 1860.0914556503976 1.8600914556503976e+03 1860.0914556505131 1860.0914556506152   
590 5900 3.765376357122673e-08 10211.204228786059 1860.0914556500609 1.8600914556500611e+03 1860.0914556500616 1860.0914556500618   
