% # columns="iter, evals, sigma, 0, fitness, xbest" seed=834789, Fri Jul  3 09:37:02 2020, <python>{}</python>
1 10 50 0 2334.5293767843755 4.458792597218973 79.09765410924479 -42.12409631771626 21.813032539491857 17.30228697346298 44.8119541498412 -10.795130892767764 67.24350272424346 -10.586261075927563 32.77114821257015
2 20 53.44695528736232 0 2165.8300710370395 -2.5963595815145997 40.46745899726025 17.37403434333156 -16.943262520946938 -24.094926022034603 13.058879011966166 31.703687875863004 46.2588572788483 -83.57711323472746 35.782788256607404
3 30 52.38863466495801 0 2946.8299438663976 -76.41037915047612 80.00612363225608 -20.796769478238495 34.130261618298 -15.7050270603901 -34.554594651958936 92.84192157874122 46.8914443293909 -29.2848657043353 40.72361096892348
101 1010 0.08054075724647765 0 1860.8268825880284 -6.544948453213252 77.31797593197126 25.26671386673067 35.02412377855297 24.309568543062536 76.42814282662948 68.28314857418819 44.954769579739406 3.929223541116527 50.49768967294837
201 2010 0.003256795197395095 0 1860.1078542349353 -6.562601695102772 77.31589391097407 25.233287140526933 34.9305041909202 24.41397527668476 76.44705361941882 68.46342377348209 44.858164049090945 3.9288418446002877 50.494011757520695
301 3010 0.0009279734977526075 0 1860.09148669688 -6.566187059780694 77.31645540655609 25.26200156766334 34.94029935455837 24.41560724831995 76.38552514511763 68.6167452526717 44.86161897657894 3.928840901678142 50.49619903539055
401 4010 1.2892227859188353e-05 0 1860.0914558634695 -6.5663966798470605 77.3166536279465 25.264256147214645 34.93985839478126 24.41595656054587 76.38852770061425 68.6175894152285 44.8615742660015 3.9288410143608172 50.49605597997746
501 5010 2.3895105887269068e-06 0 1860.0914556503976 -6.566401897151541 77.31664381482966 25.263912968798866 34.93983019351323 24.415935750766426 76.38884232563643 68.61790466374073 44.86153916956257 3.9288410143596284 50.49605255223795
590 5900 3.765376357122673e-08 0 1860.091455650061 -6.566398129384186 77.31664338299171 25.26391198287671 34.939830993451636 24.415936410335203 76.38884779342263 68.61790858456179 44.86153754369409 3.9288410143595347 50.4960522926721
