% # columns="iteration, evaluation, void, void, void, xmean", seed=45, Mon Jul  6 01:10:33 2020, <python>{}</python> # scaling_of_variables: 1, typical_x: 0
1 14 0 0 0 -16.574443292751106 -38.22580251643894 -11.293714797871036 -35.66587146595645 -30.428789625178478 12.734680648531768 21.677747332642944 15.4419101290425 -34.53533806917151 18.455199449095275 1.7150795197558861 14.082323143426315 0.9580019811950781 27.24385880879971 -22.7649191334574 -17.00599032621034 -18.06318357685961 -2.387018717854297 4.837824509673965 -37.972589792736166 53.34341286655085 -0.5809793363853343 10.710304201273447 59.65258519093439 -37.01681993089184 -56.22611477502643 18.52275003286435 -10.056324577913115 -10.070530232700987 18.42861761396667
2 28 0 0 0 -58.761326352759646 -49.9931095006109 5.089090390370512 -53.4179977963323 -77.09651100026488 33.59524596285776 49.62527385895559 -40.043964002235775 -88.37433366460162 4.7111384776560445 -18.715664426834742 19.827428458011152 -18.86566396826055 -9.125825397544123 -47.751770437757536 -39.26272706564426 -23.84527472881535 5.3185707655063155 23.65363923350793 -43.104032392990156 83.22868233211146 52.68544173383058 3.289733072456081 42.19858645395457 -30.312394896472124 -43.23922951481258 13.74715767491052 -8.188921734707442 -38.28332367582676 17.941566367207514
3 42 0 0 0 -75.55404936123395 -55.870005328981605 4.0829391199874125 -33.35703178403329 -58.320224044322735 15.273016375356264 71.03310651874783 18.205336207273227 -72.81848093270573 30.520705106146984 -25.883159552137403 35.55873255322395 32.54037958724785 -27.68311131922274 -21.772447030781834 -29.67508863041873 11.271330274496652 -26.472526053527552 12.467268578167303 -71.08964471479567 140.18822611714816 99.43207437571157 -47.37361489815742 26.44526541646018 11.632257030997575 -42.909256964940944 -0.5982661779702187 -19.720342668845415 14.596082401513058 61.98268451328524
101 1414 0 0 0 -100.3790703632106 -86.65227615324063 -104.79665974292894 -81.94535572796171 -147.30129992174537 -110.59662310964298 96.62274104669605 94.02826811859852 -128.33405895890598 101.7276981549943 28.847128708341085 103.58472021416539 97.10280423323098 -104.33135999899334 -92.10433214225723 77.43966216437282 83.23446516894585 138.5343182294843 -3.504901515430781 -103.91916837912333 104.19778113034404 163.4868433757895 180.39770490066573 198.34746215269868 45.04395593203503 -102.28323669427716 -28.534765202572345 124.79780833733028 12.393603735250354 116.8366125437179
201 2814 0 0 0 -99.28705906615411 -86.4372848485193 -104.7482783524499 -80.16228981079261 -147.80953246429837 -111.88852073639409 101.99687402918467 93.26529549565522 -129.29746895108306 104.87393490829953 29.40743524331609 104.00199088318885 97.46342352248116 -103.88622101981076 -92.44750497272004 76.7489427932798 84.76259292796325 138.4865143209639 -3.4795030008470667 -105.62357863791829 104.60255815874815 163.65144938237592 180.0310790565885 198.65444925764305 43.21254617811441 -103.22837477358004 -29.04240951279199 125.8430230774736 12.080114507780166 116.70697388963926
301 4214 0 0 0 -99.34853614492026 -86.82234255966776 -105.94845973817728 -76.0777791619702 -148.73638694462 -116.03000730018657 103.8764375888697 93.08633918066418 -128.5100636103965 104.29182059451155 31.950471774205873 104.32443993924012 97.77588923033925 -104.25688174107951 -92.26446695978079 78.39621646226301 84.76650496826082 138.64126953622247 -3.6028161774414804 -104.51849984947546 104.45054063908643 164.1261878820699 179.16161326490482 198.34042907955677 42.08281053790688 -104.3824541978867 -29.13681239318086 126.67184803494033 11.564883964396412 115.20959796928923
401 5614 0 0 0 -99.80382159719872 -86.41318215197371 -106.41242195057359 -75.6572182741942 -148.71946438528948 -118.47944530210962 103.89912926006826 93.81481437073796 -129.1824039447565 104.2116617372105 32.31391500315746 104.8033842427403 97.36612463519234 -104.3482376856353 -92.31584591890707 77.65900013551536 84.5861987664255 138.3723237389761 -3.4622017118061765 -105.24995649872182 104.75505264491098 164.10059587961612 179.69200831462302 198.51273030365638 42.71861671536035 -104.74243940717177 -28.999535835587977 126.2629901128265 11.721040258385013 115.57247489293238
501 7014 0 0 0 -99.65999435706554 -86.32755195940948 -105.90253408114097 -75.82760515662692 -148.75380589191147 -119.12845616215932 103.70688868615795 93.73408559943769 -129.18737895299665 104.58512018146068 32.39544166927049 104.91523065574118 97.38822653674579 -104.62041440250583 -92.36385543462167 77.02675085989432 84.51365099228195 138.2613998865412 -3.529583802526072 -105.26373201320813 104.88207534659001 164.027335884974 179.6518078695218 198.53302299931033 42.81522909172753 -104.8797444653479 -29.04148124892337 126.35096719130757 11.815617006752598 115.5939758318394
601 8414 0 0 0 -99.4216963143085 -86.39637537382231 -105.42601657792359 -75.95179720551084 -148.78785545096864 -119.1579173156271 103.61953366317324 93.53427449102188 -128.92856168025634 104.89640318901894 32.31641611359921 104.90721716847005 97.36890036730742 -104.79158183774425 -92.4162465393124 76.65174264734507 84.50371798732034 138.34757277697116 -3.4836578001344005 -105.04495569551439 104.88619406953129 164.01508955056514 179.59613942306783 198.5421892529197 42.71303863120098 -104.89368650733965 -29.064415906317752 126.39893004225175 11.883875781366775 115.57006312033592
701 9814 0 0 0 -99.28927864901502 -86.3989980060668 -105.29530860280481 -75.97362779602044 -148.8212144710703 -119.19198603407673 103.7003987690189 93.44906678580497 -128.95530906789915 104.9346882552556 32.23819303815603 104.93665968702648 97.38476662498726 -104.86218008146858 -92.37497394590324 76.58647971762001 84.54733408538522 138.38832464423 -3.4282262358403295 -104.98744067387445 104.93595320775911 164.01673379304978 179.63105441570914 198.53236051353707 42.72526300232238 -104.89076613071357 -29.06132629036629 126.35897137220276 11.799700594486286 115.51326832650663
801 11214 0 0 0 -98.8672743149438 -86.46332286004531 -105.09059196160031 -75.92127381587946 -148.85228108124426 -119.20828399343974 103.67601377931368 93.39532629244272 -129.06019085125826 104.92706773789006 32.29523901455488 104.9263158426208 97.39171744871517 -104.99544515448153 -92.29608131277872 76.63286420471445 84.65502965642875 138.4712160402713 -3.39657583319125 -104.94859066687322 104.99500193742148 163.99161952030235 179.70965823694613 198.51631432729909 42.760354017750885 -104.92882773289011 -29.091422501157766 126.27638911102511 11.88813394759853 115.58500932169022
901 12614 0 0 0 -98.23290674915833 -86.41227933747064 -104.77090124643063 -75.8147999293779 -148.84025681401008 -119.14959771894603 103.5785501933398 93.27427018783247 -129.06610156116255 104.94583228225954 32.344621142569785 104.92432591770283 97.33995331851835 -105.11166681893128 -92.29218434954737 76.7207570596826 84.67082566448533 138.4873952987775 -3.438825526328424 -104.99691277596047 105.0657417500462 163.97262564404292 179.69920053067838 198.48525202573666 42.76734166040241 -105.03294174187953 -29.054543591575946 126.2866959440047 11.856307680673066 115.68090066809593
1001 14014 0 0 0 -96.61395017277557 -86.41691063906033 -104.55886192479765 -75.75519180553046 -148.894478281947 -119.2375501470455 103.82821058219051 93.32551296319832 -129.01833729165517 104.99420221063886 32.28912521417416 104.98821054755413 97.30835986615571 -105.29566854280091 -92.2650826020976 76.8568809298357 84.66657263406694 138.49039324248045 -3.443431603577723 -104.95169014446405 105.52302854818778 164.01832586825904 179.6293989398579 198.50852322623308 42.738605471231274 -105.35059428657631 -29.045879030715895 126.37312151366112 11.782162703849327 115.79916367986809
1101 15414 0 0 0 -94.61249914114956 -86.40976582106819 -104.59291592494287 -75.95203059261046 -148.827014584899 -119.23493657521767 104.16663085923798 93.50922656032554 -129.01691118038647 105.1580478389356 32.30068186896307 104.93105808663655 97.34659004952793 -105.17879748672692 -92.2963658046328 76.7904709223256 84.61230120223904 138.3938985428841 -3.4329765479369043 -104.87682187581906 106.09265650213521 164.08155677915548 179.65640712320132 198.4982802261641 42.74126838373126 -105.71894041375181 -28.993045370805383 126.34674326318914 11.830187887526236 115.69131696266784
1201 16814 0 0 0 -94.19759969960508 -86.40405465827612 -104.84257889582872 -75.85495697567238 -148.84967823396303 -119.18217277175091 104.20476908539842 93.49085421019399 -128.994242237724 105.00585808451419 32.26551646208624 104.88150027946787 97.3556279039581 -105.04543177592346 -92.29790455657886 76.75080230915188 84.70323481781043 138.49846180884109 -3.41706707112368 -104.9778524214357 106.17718732836478 164.08137535984028 179.64447573207764 198.5291555721846 42.706274596689404 -105.7014752482316 -29.042031169713372 126.35541331387059 11.831060069565998 115.5863120815303
1301 18214 0 0 0 -94.09563468196968 -86.40885909090898 -104.95826052220522 -75.86991959506636 -148.83343091696676 -119.17180378680486 104.21200211947196 93.45749159287381 -129.00078492387436 104.95748457262582 32.30110532040412 104.88333140558454 97.36725039256669 -105.03253042772732 -92.28228012008593 76.72008509301389 84.70117936376285 138.49252962845935 -3.406295532506623 -105.04946748554083 106.19612121090726 164.0641230424302 179.62446504118398 198.5115101918895 42.69293574134966 -105.62551763091035 -29.046041282605135 126.38160832042371 11.803825366888018 115.60737499570355
1401 19614 0 0 0 -94.06710392178744 -86.42682902169992 -104.98498016313229 -75.88736538750621 -148.82289299358206 -119.20779820611591 104.20029173720775 93.41834286255832 -129.0016905495308 104.93778328164777 32.311693915227615 104.91126336760566 97.34393024819863 -105.02528255345808 -92.28945450426744 76.72245102367539 84.6960335147182 138.48793247637968 -3.41165461860559 -105.0694217150083 106.18471303464884 164.07065093064676 179.63505996607404 198.51182734965158 42.69093460009093 -105.57120074878961 -29.053784810630486 126.36437741989816 11.792776083360792 115.63039716657529
1501 21014 0 0 0 -94.01409927917663 -86.43150474748346 -105.02897320568928 -75.9066281965578 -148.82224678135333 -119.20573789602497 104.19427787890217 93.40061427315389 -129.0002412140767 104.91671954228359 32.32898575829887 104.94516462916165 97.33485446528007 -105.02985699508918 -92.29777322738198 76.73209066104279 84.69978689826335 138.49210643190253 -3.4143410671606462 -105.077028992402 106.1963717729593 164.0825480823169 179.6331170297724 198.50282634447507 42.70840673047173 -105.51814242618539 -29.052109812099655 126.3676761845725 11.792888270327651 115.62902770935943
1601 22414 0 0 0 -94.02761273677531 -86.41992789896368 -105.03864057400976 -75.8934776184072 -148.82536033957186 -119.20759247041099 104.18016693908382 93.39110906367533 -128.9892123545596 104.91771917961233 32.32411997960932 105.00851302586132 97.34346294413017 -105.0480021986256 -92.29064953122318 76.73575832323955 84.70190804923269 138.49987521818218 -3.419624232032858 -105.04912075855502 106.18568960482622 164.08045709584644 179.63778338383565 198.5023468891986 42.720969093161365 -105.42531893295175 -29.0591598940036 126.36592837093241 11.815601675051226 115.6229622622164
1701 23814 0 0 0 -93.97968339281316 -86.4184677162525 -105.08791674991541 -75.89037592727128 -148.8193391799636 -119.20554327426238 104.19421025402828 93.40407741208779 -129.0022339229571 104.95680552941083 32.31791628330179 105.08307766202826 97.33737090991 -105.05708008551319 -92.29251750999008 76.73749279417984 84.7005500391314 138.49022147657354 -3.4150531342093555 -105.01561101780729 106.21197638731019 164.07991036803332 179.63027526762968 198.50893773761499 42.699339433824136 -105.21345430099275 -29.058014598077925 126.37013595958821 11.79951290159334 115.62451400616078
1801 25214 0 0 0 -93.9811459490311 -86.41307781906053 -105.04273277852339 -75.88775276756157 -148.82456485927483 -119.20017291942875 104.21762569005608 93.41669565785038 -128.99629974972748 104.99738444664185 32.34646983116434 105.0787865311562 97.35133936435109 -105.06260069844988 -92.2987678412888 76.74067203642414 84.7050260575584 138.49344501326937 -3.418324251557041 -105.03385394930744 106.2513111437286 164.08400904626302 179.63743904339162 198.50598360382966 42.69693928115387 -105.08622790753164 -29.056081915235364 126.36009695406989 11.793873954193817 115.62342188388727
1901 26614 0 0 0 -93.98613022000022 -86.41773385836191 -105.0366070506827 -75.88915377379897 -148.82424027353426 -119.20319161348341 104.22296163718394 93.42080571237784 -128.99275913652284 105.01012151917104 32.33240745549806 105.07375561422339 97.34710296783528 -105.06221052147771 -92.29407016893722 76.74098847676882 84.70437956009125 138.4929001733315 -3.415996383074615 -105.05020414982584 106.26240516033322 164.0810659388579 179.63626993609117 198.50716761431002 42.69777043790871 -105.05218439037152 -29.05519113994496 126.3631612162484 11.79824031537791 115.61652658182133
2001 28014 0 0 0 -93.9873069624228 -86.42030092155063 -105.03899367165239 -75.89084694484625 -148.8236395246058 -119.20287790900225 104.22304826203666 93.41911554034775 -128.99450890605243 105.01128673257828 32.3286923871324 105.0700677299976 97.34568352041784 -105.05726353654546 -92.29437971764 76.74060034827102 84.70499799508866 138.49278616969167 -3.4156595095528015 -105.05518245498192 106.26391701400794 164.08170453338792 179.636331005887 198.5061589871731 42.69859575118771 -105.04697262662032 -29.054432286543825 126.3631576714469 11.798966692585466 115.61696589481696
2101 29414 0 0 0 -93.9880329648949 -86.42074408789381 -105.03629097779884 -75.88851322442929 -148.8242419650204 -119.2040972231885 104.2226978127562 93.41688184047938 -128.9942225983244 105.01679770436961 32.32492118456003 105.06548475534888 97.34767680122889 -105.05071617602289 -92.29436287268679 76.74458498792985 84.70450470946567 138.49213831753582 -3.4174514062943464 -105.05444309508079 106.26589000350573 164.08261306988317 179.63603599692686 198.50600422231983 42.70074495299712 -105.0500027108012 -29.053736442836772 126.36379641825063 11.798733097259047 115.61881746597658
2201 30814 0 0 0 -93.98163169382573 -86.41899542445395 -105.03900407409779 -75.88783232443755 -148.82349042781163 -119.20304273100217 104.22259780621384 93.41491209099027 -128.994842278185 105.03253075043231 32.327105202527555 105.05503533127646 97.3505775139303 -105.04638852470296 -92.29664556250451 76.74433942847216 84.7051766863799 138.49194867056255 -3.4168719778097127 -105.05054929141242 106.27284707716612 164.080840370704 179.63643713670075 198.50616752735846 42.702481308448725 -105.0402720718003 -29.0553196501753 126.3641871225583 11.798222637318824 115.62092608645264
2301 32214 0 0 0 -93.9904001626828 -86.41992950809137 -105.04288394979314 -75.88656349612226 -148.82320741793328 -119.20420755438778 104.22085577281578 93.41511394275005 -128.99406049134495 105.03955986796403 32.329450736611996 105.04990694161175 97.34738114318901 -105.04663264724658 -92.29589852336582 76.74575810943506 84.70480356886155 138.4915987238255 -3.415848288252129 -105.0493226260424 106.2750216171702 164.08051402453182 179.63634717309853 198.50629197504986 42.70414480406193 -105.04106551241682 -29.056128467995585 126.3647224735005 11.79815256617087 115.61887909454582
2401 33614 0 0 0 -93.98876764797512 -86.42021038925235 -105.0445791793318 -75.88680817702746 -148.82427156609094 -119.20416949560091 104.22153822254467 93.41492495416207 -128.9939880313682 105.04395483529291 32.32970993214842 105.04540987675047 97.34573273358022 -105.04677512278775 -92.29458234129449 76.74449311258785 84.70469324014502 138.49123846183016 -3.416215216648929 -105.04849751743257 106.27763173842425 164.08118597278184 179.63657819882488 198.5060498608944 42.702965631661705 -105.04327456228212 -29.055972374407194 126.36398839656002 11.798448100125263 115.61933738016917
2501 35014 0 0 0 -93.98734892264947 -86.42019533495001 -105.0474173046 -75.88764649124451 -148.82355828623963 -119.2035923243622 104.22043061726397 93.41503093046103 -128.9933324269023 105.04593312659784 32.328400020347594 105.04534734457008 97.34558500160733 -105.04887952063632 -92.29358265151818 76.74363717558406 84.70539338126522 138.49224181195814 -3.416276659852909 -105.04800480589948 106.27811349444394 164.0811579628019 179.63641233159333 198.5059444786696 42.7032281013914 -105.0426834451481 -29.05563369070067 126.36425996003052 11.799202606579778 115.6203212617704
2601 36414 0 0 0 -93.98787016820295 -86.42037673390499 -105.04933066878108 -75.88801013280329 -148.8228363966811 -119.20444054782983 104.21861246649432 93.41605937954604 -128.9928734144656 105.04688818595113 32.328430710272606 105.04464811956387 97.34646946786525 -105.04989576332986 -92.29391783269283 76.74387001706181 84.70589565625947 138.49301114774008 -3.416747688505267 -105.04858199627641 106.27784009723294 164.08194630438982 179.63686450636683 198.5059003521237 42.70338953137224 -105.04619697723322 -29.054963117981984 126.36337841634095 11.798775124647483 115.62070911437347
2701 37814 0 0 0 -93.98917324907927 -86.42020217958616 -105.05094355524533 -75.88766425962228 -148.82327534172148 -119.20446928366721 104.2162934941843 93.41545643410274 -128.9937746516936 105.0475734970424 32.32840883593304 105.04481873395719 97.3469460986084 -105.05093936861361 -92.29455887802624 76.74488931313111 84.7064044353319 138.49328388658074 -3.41682234406928 -105.04954878336538 106.27746271184994 164.08171009531478 179.63651566060597 198.50623330925194 42.70230018944221 -105.04727001904898 -29.05512683459719 126.36347284849596 11.798367435233624 115.62038810997949
2801 39214 0 0 0 -93.98941451243402 -86.41989811472703 -105.05145984716304 -75.88753124170778 -148.82309208921086 -119.20521722461555 104.21443027126216 93.41520900594823 -128.9935972216246 105.04960052739516 32.32756766378655 105.04507206139064 97.34715349256092 -105.05200382055 -92.29509946105269 76.74475663103173 84.70632249680465 138.49320755505292 -3.416870049047828 -105.0500710885146 106.27800026476547 164.08155098136197 179.6365024477996 198.50612145816007 42.70226413003423 -105.04677404765205 -29.055198430936453 126.36343802224198 11.79856178084417 115.62006298042705
2901 40614 0 0 0 -93.98765656189383 -86.4197825096251 -105.05123249329829 -75.88772100003948 -148.82348353249023 -119.20424268613503 104.21213229467277 93.41498888298405 -128.99317364551422 105.05313238401244 32.32751849552687 105.04404186186002 97.34752289729303 -105.05228509522142 -92.2950385424237 76.7450718002582 84.70594145439824 138.4927414834224 -3.4165885809679977 -105.04981503486066 106.27998599983079 164.0813430934681 179.63658086571127 198.50588062252362 42.702376056963416 -105.04671237350986 -29.055416677368925 126.3633167456792 11.798817022285647 115.61966925220624
3001 42014 0 0 0 -93.98686039254807 -86.41999026196952 -105.0496152792422 -75.88806047007913 -148.82372093240886 -119.20413359114995 104.21013762539965 93.41570173515262 -128.99354875450942 105.05545863240813 32.327416466874915 105.04543815021324 97.3476188330947 -105.05272829737125 -92.29475948341215 76.74458276159517 84.70549623284587 138.49188508051662 -3.4164752561089786 -105.05004650877973 106.28196085145473 164.08182209137786 179.63651896636662 198.50568878849427 42.7026274946639 -105.04523187612007 -29.055609927391934 126.36321705024747 11.798766086279754 115.61950122721942
3101 43414 0 0 0 -93.98748792427298 -86.42025582954834 -105.04904725836252 -75.8877052593183 -148.82351958028315 -119.20429489037903 104.20946523651155 93.41570301627331 -128.99356856863093 105.05573731361504 32.327485230542315 105.04583545701996 97.34734663329142 -105.05224190344255 -92.29442978722882 76.74443440352165 84.70524082995937 138.49157004276873 -3.4165232427508183 -105.04983993944259 106.28212244531127 164.08217235098368 179.6362902713855 198.50583783660682 42.702805197315186 -105.04588242933431 -29.055794215718564 126.36339147431576 11.798206201137813 115.61988907805022
3201 44814 0 0 0 -93.98819645161593 -86.42009397434072 -105.0498849046227 -75.88731643719585 -148.82354575788557 -119.20403975472924 104.20892377418085 93.4156300293476 -128.9936114351509 105.0554906436731 32.327644698997425 105.0460049698912 97.34722737136453 -105.05193457283374 -92.29445187022834 76.74421243534475 84.70529033422534 138.49163125700596 -3.4166939161037972 -105.05041678388143 106.28191369258168 164.08218121209345 179.63608358056965 198.50601227998368 42.702454944250015 -105.04539790242848 -29.056014658639246 126.3635452703043 11.79835218935504 115.62014672264077
3301 46214 0 0 0 -93.98937131090436 -86.4199398625545 -105.05065469804744 -75.8871287752207 -148.82352930669296 -119.20307384871688 104.20699748067497 93.41589366088675 -128.9934421235702 105.05489856011394 32.327617584427955 105.04666473424716 97.3473121916164 -105.0504979970656 -92.29464757722604 76.74359203497923 84.70550208128476 138.49197133994693 -3.4166616890747536 -105.05118181537937 106.28156008816521 164.08242381153968 179.63624344719364 198.506141675191 42.703304087381134 -105.04794591134312 -29.05552830225308 126.36340387021994 11.798702707402605 115.62012233421689
3401 47614 0 0 0 -93.98671382189359 -86.41998204419728 -105.05179077142276 -75.88665329277683 -148.82381384896982 -119.20319283668185 104.20528850450046 93.41585856562938 -128.99351982207193 105.05354649152967 32.3281089438304 105.04954865262553 97.34687908301831 -105.05032592361809 -92.29422247721998 76.74432229166719 84.70551328361788 138.4919794129579 -3.416225387370995 -105.05081635949196 106.28130261432341 164.0818163721362 179.63657171817786 198.50588180303953 42.703268823452504 -105.04984446110593 -29.055370775922682 126.36306182805079 11.798873060429239 115.62006242966461
3501 49014 0 0 0 -93.986179324529 -86.41991441041701 -105.0513834913522 -75.88636225751883 -148.82404513667908 -119.20367314218188 104.20457613779054 93.41583346911668 -128.993757159985 105.05278952684462 32.32794510868043 105.05111179517121 97.34663496894876 -105.05052258603176 -92.29426106180776 76.7442785692904 84.7057240899776 138.49214677749976 -3.4162248397499284 -105.05071174991897 106.28111127537396 164.08174918409136 179.6366057955201 198.50595611744953 42.70310831699239 -105.05065205810376 -29.055462311785583 126.36294805386808 11.798689759411175 115.61995583068311
3601 50414 0 0 0 -93.98588827469004 -86.41997998861824 -105.04979792699525 -75.8864663342829 -148.82394806802031 -119.20326280771516 104.2028642146483 93.4159511724176 -128.99315652783469 105.05226243190266 32.32789315529342 105.05266631957024 97.3463342957179 -105.0502262369428 -92.29452480632564 76.74426933406147 84.70591319903231 138.49256744047156 -3.4165320455882493 -105.05136117681049 106.28138370119433 164.0818283373121 179.63674788922933 198.50595033206386 42.70315976641221 -105.05073324015225 -29.05563326145798 126.36266670664337 11.79872873144647 115.62023412245271
3701 51814 0 0 0 -93.9868693397269 -86.42059053867 -105.04924125205252 -75.88726552140325 -148.82396834894195 -119.20287147730761 104.20114116446982 93.41586521593612 -128.9928983354812 105.05259241926699 32.32828155670867 105.05402062240191 97.34640375011982 -105.04996924162762 -92.2941781349603 76.74465274703051 84.70558901390098 138.49225843920584 -3.4167597019528606 -105.05082536085672 106.28178647447349 164.0816321196471 179.63653841933996 198.5056799589427 42.70288340222049 -105.05073782638888 -29.05586693489517 126.3628309794507 11.798763394465997 115.61996905026257
3801 53214 0 0 0 -93.98812291452676 -86.4204664610834 -105.04952505936768 -75.88789451728525 -148.823891734599 -119.20360669373854 104.19997518645599 93.41553736256938 -128.99271117126443 105.0526329930617 32.32817442974318 105.05390834647137 97.34705453947342 -105.0493920687931 -92.2944083357397 76.74398363668186 84.70562390637843 138.49237722699056 -3.416974304813104 -105.05110278509467 106.28175297864867 164.0815494565064 179.63652330670863 198.50562863493025 42.70304642406609 -105.0525810931773 -29.055810877351043 126.36283778475541 11.798493680097593 115.61997168286649
3901 54614 0 0 0 -93.9893367556463 -86.42028384775733 -105.05104114150947 -75.88831653327361 -148.823421055056 -119.20358210735856 104.19891965213554 93.41514494117226 -128.99263638695618 105.05260657140887 32.32793343846378 105.05364364841422 97.34664160820275 -105.04965816136867 -92.29430160935091 76.74400548028746 84.70587160909574 138.4926774553474 -3.416789963142187 -105.05149646065166 106.28190020255443 164.0812082042028 179.63642377282835 198.50552106112505 42.70278928429772 -105.05281111172759 -29.055762589252755 126.36292136730142 11.798155644815013 115.61998763423279
4001 56014 0 0 0 -93.99305189946575 -86.41958018832479 -105.05107844537278 -75.88825644318722 -148.82336298687824 -119.20359200164647 104.19725149726736 93.41540045575198 -128.99247307811538 105.05458826623202 32.32739634691629 105.05251501078968 97.3467627699851 -105.04938177742162 -92.29446890341494 76.7449185817956 84.70599999524522 138.49276275579672 -3.416781233276319 -105.0501455082453 106.28312807386186 164.08123437757936 179.63660245840407 198.50551685688288 42.70262984491772 -105.05201423692536 -29.055793010862725 126.36256266061018 11.798315458517646 115.62013171064663
4101 57414 0 0 0 -93.99185131667068 -86.4196451351511 -105.05040247538622 -75.88774619710024 -148.82321463103085 -119.20375234910824 104.19628324117362 93.41544388912206 -128.99286967656337 105.05726353515905 32.32771653750774 105.0507633857117 97.34706520261895 -105.04949828138452 -92.29441303192283 76.74502734670132 84.70660280356167 138.49304217391264 -3.4166704896827556 -105.04989611342027 106.28567122958736 164.0815185799103 179.6363252473419 198.50574277868404 42.70258764405992 -105.05182176617394 -29.055393760166595 126.36278776564443 11.798520059335788 115.62013896243667
4201 58814 0 0 0 -93.99108120888631 -86.41961432184394 -105.05004349025735 -75.88779968259189 -148.82307293086606 -119.20418619734522 104.19544398457442 93.41509326153844 -128.99341604954228 105.0589707220457 32.328075353895805 105.05015329242869 97.34719255245852 -105.04927072461533 -92.29448847163144 76.74504619789283 84.70683730973015 138.49292192895047 -3.4165150423944937 -105.04977726083656 106.2874596345904 164.08132088149932 179.63631204092127 198.5059700551022 42.70275095971337 -105.05005237444331 -29.05540345780033 126.36287927229132 11.798931413647422 115.62014979141982
4301 60214 0 0 0 -93.99165483336851 -86.41974340106603 -105.04953744548476 -75.88807377798594 -148.82296303189477 -119.20455979726192 104.195198539728 93.41508865559997 -128.99346546998507 105.05901464206292 32.32840108842043 105.05080324337754 97.34711874248931 -105.0494769809162 -92.29443024372382 76.74485382462663 84.70668023808385 138.4927097799758 -3.4164603569604006 -105.04975990114204 106.28759751596762 164.0812773788627 179.63632476868466 198.50588919564842 42.70288113466219 -105.04937231527232 -29.055405561360395 126.36290150312409 11.799050307063277 115.62018072785233
4401 61614 0 0 0 -93.9921109084663 -86.41968854537538 -105.04959979566134 -75.88814324152291 -148.82295690394375 -119.20483538499498 104.19479565218332 93.4151507739581 -128.9932683925206 105.05885411393744 32.32850924528812 105.05086383684129 97.34695823544081 -105.04946935116511 -92.29450356257242 76.74464679843017 84.70671792585063 138.49282908194502 -3.4165032431739033 -105.04958016355822 106.287593345082 164.08130433809274 179.6364809391206 198.5058616643562 42.702804195082074 -105.05010488511022 -29.055369679268573 126.36266115363127 11.79922291307412 115.62025632470531
4501 63014 0 0 0 -93.99276476375064 -86.41990826064382 -105.04862526484841 -75.88817107683448 -148.82278284789376 -119.20467850581892 104.19350789108441 93.41501051118783 -128.99306001452774 105.05890678212971 32.32835712217176 105.05058170476134 97.34636823139003 -105.04893244636871 -92.29428093517903 76.74485662060715 84.70657931774511 138.49267765426356 -3.416597791202772 -105.04911805937839 106.28834397919125 164.08117022904486 179.63629980365192 198.50587505016773 42.70271308548639 -105.0524357458187 -29.055175277198337 126.3628583510205 11.799569725074171 115.62035728304774
4601 64414 0 0 0 -93.99186157274075 -86.41970248000446 -105.04816201626788 -75.88846864178743 -148.82294692207392 -119.20448063148456 104.1920113140322 93.4147538741116 -128.99344473293672 105.05645871629535 32.328505742874896 105.05246730104716 97.3470261039393 -105.0490623953212 -92.29474377872376 76.74494661833864 84.70692232765131 138.4929081308964 -3.4168357993276177 -105.04963964851832 106.2884579482387 164.0806415207312 179.63632559430746 198.50596016931567 42.702769058693136 -105.0541736602735 -29.054832881561104 126.36290355891725 11.79950273147788 115.62124134150166
4701 65814 0 0 0 -93.99192560280235 -86.41996769866229 -105.04872132502737 -75.88831525385234 -148.82323299972927 -119.20410023232942 104.1913549863465 93.41460703840605 -128.99339533384176 105.05553926532131 32.328915877332804 105.05336084410101 97.34702774197223 -105.04887914757467 -92.29470190261573 76.74518055358487 84.70708247246476 138.49305522599926 -3.416923649376619 -105.04978091840782 106.28900812283241 164.08079783402007 179.63652948235836 198.50615287951922 42.7026980042108 -105.05354571675396 -29.05487965053455 126.36250951215258 11.79888251508779 115.62101250393812
4801 67214 0 0 0 -93.99418226110113 -86.41982787025499 -105.04950889360786 -75.88803600165848 -148.82352246287397 -119.20360277617233 104.18962623759884 93.41461200216713 -128.9931914426762 105.05451699971293 32.32868156357544 105.05493834074016 97.34712038883049 -105.04765357272954 -92.29467694951899 76.74470071156426 84.70647869967509 138.49225016076133 -3.416769190046763 -105.05050983077233 106.29094268182504 164.08101813795153 179.6364757629459 198.50621235827933 42.70296655009627 -105.05083733633761 -29.05472961118117 126.36247066296987 11.798511222420101 115.62076666280528
4901 68614 0 0 0 -93.99444836514654 -86.41978661593498 -105.05032667607348 -75.88747575832154 -148.82369732009892 -119.20337880141005 104.18861639818384 93.41540197360916 -128.9930840942684 105.05378536790134 32.3288851234608 105.05557877992072 97.34712660014293 -105.04777413915274 -92.29456711513713 76.7442591373588 84.70639502833144 138.49207170195152 -3.416512377616491 -105.05092765694312 106.29210698862158 164.08094197942734 179.63632347209315 198.5061816202502 42.70270768496981 -105.05162296881426 -29.05444915061231 126.36258807996217 11.798886438789259 115.6204789292008
5001 70014 0 0 0 -93.99367204828391 -86.41971880918182 -105.05040111086721 -75.88749596504182 -148.823740626848 -119.20356595327897 104.18763124157074 93.41607546539423 -128.99306372382753 105.05289703574513 32.32837233371328 105.05648673191281 97.34714984146602 -105.04804960926933 -92.2946407602126 76.7438820025142 84.70638095621099 138.49193094509235 -3.416368672516948 -105.05035069460988 106.2933585232676 164.0807812295003 179.6363895737892 198.50650046506487 42.70273070141353 -105.05272578878754 -29.05474482987073 126.36250412840383 11.7989520975785 115.62045527679392
5101 71414 0 0 0 -93.99194164903733 -86.41984535111044 -105.05058583538168 -75.88770654754975 -148.82335689212698 -119.2033591029963 104.18650394816791 93.41619968825057 -128.99294002399105 105.05168318918103 32.32816645444028 105.05736213486908 97.34740614311613 -105.04882641705737 -92.29484541428666 76.74343629226831 84.70673789432321 138.4922294487301 -3.416599530072821 -105.04993846730231 106.29489301363155 164.08075313510204 179.63623666644858 198.50672301332895 42.702963130836935 -105.0533233159869 -29.055159026288358 126.3627058065474 11.798940175413845 115.62022684742148
5201 72814 0 0 0 -93.99123317638568 -86.41938807560382 -105.05171395515836 -75.88744459180548 -148.82307922717274 -119.20322545948025 104.18546389629302 93.41602464495733 -128.99284953286855 105.05078087388411 32.328222159174345 105.05706426669687 97.34792683495235 -105.04906306279054 -92.29508203880944 76.74389217037242 84.70676903716694 138.49213972002323 -3.416878204328842 -105.04950056715144 106.29649017546816 164.08073807291805 179.6362277969644 198.50621755004875 42.70327788450436 -105.05412582316613 -29.05549671467504 126.36274545893347 11.798953762907942 115.61941744006556
5301 74214 0 0 0 -93.9910658601803 -86.4194805829185 -105.05193711964317 -75.88744615520497 -148.823073699767 -119.20359897869218 104.18469838974632 93.41539252520542 -128.99361780785947 105.05004596956097 32.32802503939569 105.0566591554048 97.34711777129394 -105.0491430892226 -92.29465886595865 76.74421618308027 84.70674449400589 138.49167869512368 -3.416944122476022 -105.0496258649893 106.29786913451716 164.08149378907493 179.63632898587812 198.5056955366931 42.703395051946195 -105.05372105401692 -29.055690030003362 126.36241581045718 11.79941435384212 115.62020424362538
5401 75614 0 0 0 -93.99047417974357 -86.41984436371288 -105.05129960298498 -75.88730705098862 -148.8232577943802 -119.20334869006861 104.18385183202962 93.4147645740028 -128.99371696000725 105.04891573105637 32.327902919203495 105.05438111344492 97.34688917982594 -105.04950169670349 -92.29465114665533 76.74473877639063 84.70731848563887 138.49213429807577 -3.4164522621618585 -105.05051707554827 106.29950400742374 164.08158213631054 179.6363523724366 198.50566995697181 42.70366410594211 -105.05614186343612 -29.056068021044275 126.36238626430875 11.799474558350731 115.62025134617592
5501 77014 0 0 0 -93.99129541572967 -86.41998332328241 -105.05150934837299 -75.88744974555038 -148.82339341961293 -119.2035883902488 104.18350029334113 93.4147555459832 -128.99313096192884 105.04860522406516 32.327546684806364 105.0543824254521 97.34704095114527 -105.04997343545013 -92.29456097268022 76.74472188279408 84.70706114384784 138.49200717197607 -3.416283192070942 -105.05070627392662 106.3001085652843 164.0815916176133 179.63625837523634 198.5055036276664 42.703518791673055 -105.05586719192912 -29.056190683776098 126.36244416782647 11.799397170549497 115.62003885355799
5601 78414 0 0 0 -93.99153379420964 -86.41982005129536 -105.05245142614984 -75.88769646926654 -148.82355276014496 -119.20368469692318 104.1828887918466 93.4146111662357 -128.9929119077714 105.048013032789 32.32746865000925 105.05428334531963 97.34702968615335 -105.0507190355648 -92.29469542073174 76.74467697486591 84.70700006779168 138.49192021924628 -3.4163566220031196 -105.05063116512366 106.30112870522508 164.0815521657989 179.63600765028704 198.50545615216052 42.70338057010572 -105.05564732254894 -29.056225855198324 126.36270918434069 11.79939424360743 115.62034448024518
5701 79814 0 0 0 -93.99311662646835 -86.41967528517279 -105.0531265607262 -75.88753929967561 -148.82359435126813 -119.2035555026243 104.18189831162371 93.41502835885842 -128.9928971665911 105.04704662204522 32.32815270286727 105.05377557910361 97.34662101305639 -105.05127176371406 -92.29483808819872 76.74456819604256 84.70692723573528 138.49167314722794 -3.4165368356679098 -105.05037812412542 106.30276272838496 164.08157319342953 179.63594547766132 198.5055965153355 42.70364801380594 -105.05676602314644 -29.056162631860307 126.36278259212304 11.799132466733521 115.62048105780768
5801 81214 0 0 0 -93.99389707937944 -86.42005999978744 -105.05316011012332 -75.88723604320394 -148.82384466171675 -119.20372039298714 104.1805424996739 93.41466167666357 -128.99289233103855 105.04576353327975 32.32773399862246 105.05355418580379 97.34644796085898 -105.051337003105 -92.29465129024508 76.74457912770288 84.70670578732258 138.4911770279282 -3.416811050587437 -105.05075129772973 106.30520482696866 164.0810305815151 179.63635925970917 198.50568703908007 42.704195578449095 -105.05594982980637 -29.05614472125073 126.36248594557436 11.799465763535352 115.62050630618722
5901 82614 0 0 0 -93.99472305067276 -86.42027007973135 -105.0523869987699 -75.8869851858817 -148.8239324855883 -119.20352226462435 104.17943484535107 93.41454464439865 -128.99317209303342 105.04486625289108 32.327394132605505 105.0529999254471 97.34687489452844 -105.05189011329364 -92.29498308936131 76.74393905063593 84.70688947964219 138.49108359530416 -3.4169116563881587 -105.05024981940811 106.30712002163659 164.08073246439895 179.63653704512024 198.50556308501777 42.703903897002874 -105.05556712722327 -29.055836633328667 126.36220053667842 11.799363144354977 115.62058357530087
6001 84014 0 0 0 -93.99658920043484 -86.42024407758989 -105.05149464290709 -75.88706260967523 -148.82371090614456 -119.20300094484024 104.17902461043207 93.41442013177532 -128.99318438117544 105.04481463874319 32.32708452746196 105.0521495600569 97.34713843276337 -105.0518400908418 -92.29507726800173 76.74399545003018 84.70694732080709 138.4910902685674 -3.4167947214951564 -105.04974694142378 106.30766390431248 164.08070936026238 179.63653000098353 198.50553965878754 42.70383106723221 -105.05440239403272 -29.055574437648517 126.36217395444025 11.799343035524911 115.62070543263029
6101 85414 0 0 0 -93.99456274158554 -86.41993342203679 -105.05048957712758 -75.88770778074597 -148.8231167535553 -119.20370903248066 104.1782299230282 93.41435575008904 -128.9931064718949 105.04374043616436 32.327755262906244 105.05067123429428 97.34739853451768 -105.0508910488968 -92.29516038940737 76.74518210595372 84.70684424743969 138.4908657070733 -3.416757770545934 -105.04971501849055 106.30901699927175 164.08084180412698 179.63650708403193 198.50597268406835 42.70343872908146 -105.05354404235658 -29.055176955232145 126.36204505784632 11.799748167868211 115.62059512644198
6201 86814 0 0 0 -93.99264042266367 -86.41984608377822 -105.05018526639785 -75.88741859405106 -148.82318731097837 -119.20391461318785 104.1778629360396 93.41441308668946 -128.99301686765335 105.04289666827746 32.32841614789973 105.0511718750919 97.34758347738305 -105.0505961755029 -92.29495612983897 76.74486488657594 84.70692808880852 138.49091487624463 -3.416576121540329 -105.04992793636548 106.30981134951068 164.0811341039972 179.63637183549776 198.50626241236384 42.70324624658095 -105.05223690959166 -29.05501151411334 126.36205460286578 11.79950918342648 115.62045685995216
6301 88214 0 0 0 -93.99306487956258 -86.4198147243581 -105.04975408088792 -75.88748614571479 -148.82319549834548 -119.20384675517393 104.17739469660712 93.4142319272723 -128.9930083115039 105.04240637515208 32.328432629661584 105.05030847713292 97.34760347737917 -105.05084578056324 -92.2946780087927 76.74476112782283 84.70700837286147 138.49092189737328 -3.41664040537309 -105.04965003860323 106.31068762657522 164.08105712479943 179.63632279088168 198.5063771310925 42.70338110100966 -105.05206296838024 -29.05531620438009 126.36213722667536 11.799315661307258 115.62062324928324
6401 89614 0 0 0 -93.99340675967872 -86.4196858252793 -105.04948038036977 -75.88767060964967 -148.82326876475895 -119.20373996015907 104.17639682812188 93.41444586046157 -128.99302376779912 105.04120386360293 32.32836266065588 105.04887168643384 97.34745733977782 -105.05125023963274 -92.29440620995709 76.74425017136535 84.70716328731737 138.4908873061939 -3.416720796796876 -105.04981763499931 106.31267999804204 164.08106346843186 179.6363357292334 198.50623736650394 42.70330118185393 -105.05115468895362 -29.05531056643136 126.36205680650407 11.79955764405053 115.62022442090486
6501 91014 0 0 0 -93.99258714995003 -86.4197558463915 -105.04892328460997 -75.8876345948703 -148.82342309158074 -119.20383230475383 104.17586759219044 93.41460970218678 -128.99291324800828 105.04041644176544 32.32785548260434 105.04868024316418 97.34708606465523 -105.05097808008564 -92.29435238464178 76.74408293961727 84.70705445111247 138.49068187256754 -3.4166375064848835 -105.04989739974447 106.3138828441503 164.08097760421816 179.6363072599897 198.50606393358842 42.70349845666432 -105.05073385281501 -29.05523461217518 126.36213374254001 11.799470402670691 115.62006983852886
6601 92414 0 0 0 -93.99236949831256 -86.41996159599825 -105.05014274027144 -75.88749068543332 -148.82336522169703 -119.20438254185038 104.17525127708356 93.41503523878073 -128.99297320434323 105.03972554740155 32.327921084095394 105.04805161620116 97.34714718489099 -105.0505505889211 -92.29465041580764 76.74438062144498 84.70740094123624 138.49091161199945 -3.4167167968925547 -105.04956205659268 106.31523617558742 164.08110763255243 179.63618257072125 198.5059452993306 42.7035899887203 -105.04904756837831 -29.055267955349894 126.36224844488085 11.799499642112249 115.62033462773333
6701 93814 0 0 0 -86.08287988964757 -196.3618092595336 289.50396610075603 352.68068970703837 112.27423015442552 -1423.5794832680926 -1672005.0525809946 -2112.800630362661 162397.07245154673 127.37106936096224 -161.8154854192175 -2188.666660370994 -95.701119440159 -194.0810082083707 1163.6212958362833 -1141.759019656336 476636.4425381994 -418693.72983474575 -2318.8165530479573 1597.4453577131542 -31587.730752629133 8677275.60287681 39675882.02563719 1077.0919353119598 -7832649.160175232 875.5851255419873 2328.610027845749 30833396.721369047 -1694708.2507223582 -18.858752012385676
6725 94150 0 0 0 -86.08288016832698 -196.36180872443938 289.50396620216367 352.6806895958336 112.2742304194129 -1423.579482329825 -1672005.0525810167 -2112.8006317963486 162397.07245177115 127.37106918391538 -161.81548536617873 -2188.6666610432912 -95.70111947208069 -194.08100826622226 1163.6212964186395 -1141.7590192647042 476636.4425377567 -418693.7298344012 -2318.816552609609 1597.4453580673176 -31587.730752835516 8677275.602877045 39675882.02563698 1077.0919350290958 -7832649.16017517 875.5851260081454 2328.6100273868346 30833396.721368827 -1694708.250722058 -18.85875279497653
