% # columns="iteration, evaluation, void, void, void, xmean", seed=48, Mon Jul  6 00:51:36 2020, <python>{}</python> # scaling_of_variables: 1, typical_x: 0
1 14 0 0 0 39.792570831463095 43.75543625829653 10.075141418530121 -19.134266420235544 19.237772363668004 37.39108726174131 -11.155437522045373 -22.644135353756248 8.882416291235842 -34.70148975551019 -26.912033346243156 -3.846048033046036 -35.70821919397726 -11.002147403946266 -21.810998912621802 31.116527714522327 -7.9498046657302694 12.299394043941275 -29.280155628575653 -0.1628568256288585 20.680433147243427 9.8878516350631 29.18914126167016 -22.597816051055432 8.295078992257913 56.93844065446394 -2.862795014925716 -31.769779055019793 17.057635906597557 4.038906329823641
2 28 0 0 0 33.409230010280034 72.98471969141139 14.589835951002266 -0.3834534979616251 9.61710285029386 7.709912933996961 32.35486371001491 24.17146898176781 -7.103675414245039 -3.6324966270987957 -32.10817555098914 -11.080978486364652 -4.735116454211823 12.994481155308785 -25.10908079054887 11.799434313874695 5.409261733149892 -0.44003273611867577 -38.798066205340824 -11.72847159733307 16.254127841313785 26.040554906048857 61.33427438092863 -73.66766306230316 19.031873377658137 43.99393084847757 4.996027695473832 -52.786458648054 33.29784027821825 -24.14889687988657
3 42 0 0 0 24.880190526198213 77.30178247605426 -0.08909807596286079 38.10672675201146 42.545326086331215 41.865238172422664 30.352641833976538 26.64379545776628 15.735743020374237 3.3206090223632803 -26.68497615239025 -36.439603718643475 -6.398138484405232 14.031722045449337 9.046611694626709 23.17599639466086 34.21929476712744 -16.47176721569916 -64.77571083944412 -9.266363015832866 1.827872652071278 28.784407333294887 92.13395377675715 -13.702456340888112 72.24180183088738 38.404216882935806 -5.355632114977467 -46.144188360747485 19.687626703306474 -64.42409621532731
101 1414 0 0 0 -14.043503607940917 178.4642626026423 -69.8375512450779 111.74066771501066 29.094186378637335 56.68706358163892 -11.602565117626948 121.26229232902395 -23.642943681301567 120.37448887331287 -280.7333836824914 -11.202809516576577 -132.81702017437993 49.22397485874755 19.196291632405483 3.366670587824471 -11.9082571798205 -21.160467590863494 -44.84501533220786 -66.03721207343341 63.02152390212918 6.520730286507808 106.23788297316985 -66.0383686956348 -18.92448231695325 21.68068386842197 103.3996537620603 -35.30639209650343 -154.54488823478343 -29.754760929110212
201 2814 0 0 0 -12.657336283719987 179.65592900660187 -80.23356043496432 115.50479926215107 32.85733315839674 42.79002129316731 -6.717076049715513 121.28242268728698 -27.889445196481045 122.33341603440965 -286.97302864059895 -7.344208912571234 -140.31837296192853 49.82501138902847 16.623488339894337 0.7305967646036744 -6.994560237939854 -32.17357773052936 -53.68941145033055 -66.39092992088251 67.06906750250427 4.908170866617772 105.70433460048736 -72.06667316564888 -19.389454620641594 21.583103188767986 105.23264031374597 -57.70011614899181 -146.4719436111859 -29.377524943381964
301 4214 0 0 0 -6.273435868304119 179.01988425322574 -82.04322038371843 116.61181051450224 32.499744493658994 42.150288549954226 -3.280054922403166 125.96643129564065 -31.390060788538467 128.78589162536574 -280.6901239679447 5.51615909899326 -140.87641040130444 58.188122949510586 14.194103744042978 0.5224337410544674 -4.134933471360781 -33.31920631568564 -70.4411382266564 -68.88587890917732 53.001444287565995 14.874338149157804 104.92335034261411 -72.43187772545693 -19.56637885575046 3.108162636922628 104.29205353665897 -63.20300078212995 -145.24607042898793 -37.7384753352408
401 5614 0 0 0 -6.370180081928317 179.36365105075686 -82.72772084037548 116.8506129716606 32.63722191549041 42.155909264011335 -3.746777612925614 125.73507075959103 -31.353617778271 128.73203562828982 -280.53981610447926 5.790386475184652 -141.04429890343542 58.545031176035884 14.485557509503096 1.1536688927627698 -4.1696430181732245 -33.294230422512015 -70.56031938658208 -68.90719573388012 53.07744657978584 15.011669401014988 104.42043741424392 -72.47460778027634 -19.093150358113945 3.082807513964879 105.05172749648588 -61.96359642989435 -144.70832350542307 -37.66634017142707
501 7014 0 0 0 -4.255731703872176 179.60455573053906 -82.8781793608038 118.65033342826862 32.70419723504781 41.95074907929241 -3.7286510542610825 126.43514207104266 -31.5794334618675 128.9675388075137 -280.8721272097549 7.594908262821152 -141.1742048602709 59.808394040660446 14.355712467097618 1.4449507696304633 -3.963575968379499 -33.40569771965693 -71.36682541357172 -68.95757430081845 52.827063297815215 16.13066096326393 96.72842720834109 -72.25295002059244 -18.770760341315963 1.8915820735579152 105.12208164112933 -61.45336009996248 -144.80875226669767 -38.549428887153816
601 8414 0 0 0 3.9895282374498455 184.04195460099214 -83.22732678268304 127.439724261412 33.31206047162824 41.23761874428058 -3.615489272195448 127.92380729686614 -31.952392844531463 129.32355278480168 -282.672032273586 12.449559577268245 -141.07404635238046 63.3334661588299 14.349249301908635 1.4732155718036755 -3.2770987446553463 -33.45389580270725 -72.74930947953388 -69.2316631276659 56.37742458443226 17.38678506382684 88.25046499656676 -69.65791347390908 -10.811501951423413 -0.08643300039577055 105.05032190018129 -62.29180569805893 -144.21916431346267 -39.43948937245306
701 9814 0 0 0 8.065475391385084 188.09936186473513 -83.04577688861797 131.35762134666496 33.39246382412922 37.805850506632524 -3.3225803665732445 128.75076698948993 -31.989988903116657 129.72208810598653 -283.4319040517752 14.285571419147951 -141.2819600949693 64.37382292574456 14.181976465978366 2.3518807837349325 -1.5801412222063713 -33.591438092893995 -72.19903625139447 -69.27916488479588 58.378361219394755 17.699331512653334 85.14664570677567 -68.8009520520271 -3.2250433762913366 -0.41623623559802303 105.09260105582842 -59.75337634710456 -144.5052913087162 -39.678254944559875
801 11214 0 0 0 16.47486796878939 199.4343299746179 -81.46253001921616 140.28398187629014 33.43384150186633 15.062490840778826 -2.9794021001218205 130.54897711294075 -32.119943429659365 130.71744672263625 -284.8510472192337 17.34641418346453 -141.37580402564157 65.9759283645421 13.141327146320146 14.662193747620776 9.489507886563485 -32.86879789143193 -66.00162461636654 -70.15265445165178 63.081372314492086 17.72001352350824 79.71405239749014 -65.50816803628348 19.90711618916965 -0.004079063759237139 102.31007564806765 -25.251645319473386 -146.71653091143014 -39.632027062214604
901 12614 0 0 0 16.86943284938396 200.38571000643785 -79.93317187185148 139.8946405360882 33.50145694185669 14.67020623614057 -2.7287947570048128 130.84745947966354 -32.04925826179852 130.84193203621993 -285.27150059531704 17.365435090924354 -142.54748312034442 66.38303242016742 12.639785124208116 13.862100728434783 9.937836532890955 -33.92070645093198 -65.90638447165368 -70.18896950339457 63.57084924608494 17.84196491469934 79.72404571190985 -66.46065226693044 19.36127502241275 -0.04285152123237802 100.44675840850067 -23.701630508540756 -147.56114839729895 -40.301066818838066
1001 14014 0 0 0 18.325976720170228 201.00359293659983 -75.75897638041292 139.47915608862255 32.267985804431206 13.149084602260622 -1.8885876004903024 132.25716946205873 -32.197957180690416 132.17587135210812 -285.31127780359657 15.963166151576484 -142.50313266261838 65.06735646696485 11.078512549281292 14.278689670368445 10.536290598867827 -34.88025478705125 -65.45191925749828 -70.21341879702568 64.03693826696824 17.78736723905259 79.53149755713684 -66.65585712155857 20.322434841234237 0.2124900083075348 93.26141345449724 -18.97313090981333 -151.63383803556204 -40.98372687710104
1101 15414 0 0 0 23.7389736820379 201.76802863704043 -66.44247019736214 137.08087392179968 27.657047800502312 11.034018946463231 0.1756482105666411 138.34033507538456 -32.955214678000694 135.31963095380584 -285.42422478989914 10.11933360117416 -142.58196512994135 60.1466213798801 6.8594269516611375 14.656096420538894 11.758255791802538 -36.85888487782291 -64.83865872944557 -70.28642775685405 65.10950955217992 17.77381566248229 79.30607055287174 -67.74671715090413 21.89357975077455 0.12027760946822043 84.44449626928201 -11.792605255514756 -161.086800190633 -44.102887970388544
1201 16814 0 0 0 30.644185367454277 202.22219051798172 -58.38340452132321 133.58329632075876 21.441283625932456 9.68993727845811 2.171951108629203 146.05198615498358 -33.58838673631284 138.15160644730747 -285.4307428701036 2.508709648187275 -142.719241228449 53.32865633972744 3.450578737147201 14.820739402086254 12.321341208449065 -38.79377026472031 -64.64620847093907 -70.26589996787156 66.1748276310485 17.855273556537142 79.13302389236215 -69.26181049466389 22.627513611546817 0.20956630030998002 78.12739777120133 -7.200869064688759 -169.04212291910423 -48.01761723603138
1301 18214 0 0 0 32.510684490048455 202.3472055794846 -56.45691098565842 132.60694974149214 19.66679524477088 9.461615590728414 2.5442292531392763 148.26324170315758 -33.70941658815029 138.73725381113323 -285.4299899782142 0.2721188322198935 -142.70582876019597 51.424405425852335 2.675786331622238 14.785747162510315 12.440307437904412 -39.149466793595295 -64.47250319031701 -70.2899540867122 66.54657237791281 17.83546846603017 79.1064277618072 -69.6765722787043 22.783057125697876 0.24352215045563694 76.76718211144781 -6.218389166992449 -170.95292438996785 -49.13123711599526
1401 19614 0 0 0 32.51091431310132 202.3447000247332 -56.457439008768745 132.60721371226072 19.668431749121122 9.462828887877064 2.5455128264804956 148.2613061878142 -33.705535952386136 138.73490135893195 -285.43050289854176 0.2718851782120629 -142.70259025197842 51.42624674126072 2.675946379528219 14.785068523059257 12.440042230165956 -39.14947874019411 -64.47255886535564 -70.29058870204504 66.54480357490993 17.835400590269426 79.10573054950942 -69.6744514099784 22.781050621804095 0.24260311253726843 76.76750893512866 -6.218718809809577 -170.95165687919808 -49.133022607336834
1501 21014 0 0 0 32.5107437111334 202.34468801004232 -56.45755843069852 132.60729804972104 19.668541647133512 9.462873746686583 2.545480249213738 148.26112944844485 -33.70552152559044 138.73478048697314 -285.4305331378995 0.2720436820559638 -142.7025729465716 51.426331229231046 2.6759468266896334 14.785055751751006 12.440106980771567 -39.149433699240824 -64.47255758783858 -70.29056060647642 66.54476773242328 17.835372412465404 79.10574876859187 -69.67437875076861 22.781000719396477 0.24256309517063873 76.76763001935215 -6.218777896170139 -170.9515005630605 -49.13288620919507
1555 21770 0 0 0 32.510725337508426 202.34468706381642 -56.45757732679025 132.6073081032095 19.668558173483504 9.462875277971168 2.5454775390965674 148.26110612678988 -33.70551753895505 138.73477561791222 -285.43053325069417 0.27206505752986343 -142.70257191216817 51.426350439644104 2.675955533731803 14.78505629208764 12.440105442108914 -39.14943005013914 -64.47255860462674 -70.29056071739502 66.5447634830334 17.835372485764804 79.10574898376433 -69.67437488801448 22.780998736291746 0.24256359483429946 76.76764315769337 -6.2187866817049695 -170.95148290363682 -49.13287496232552
