% # columns="iteration, evaluation, sigma, axis ratio, bestever, best, median, worst objective function value, further objective values of best", seed=782922, Thu Jul  2 11:19:15 2020, <python>{}</python>
1 14 50 1.0000483345014077 11371102040.503618 1.1371102040503618e+10 39675337018.671104 66572528585.64206   
2 28 52.96643830317019 1.0728560778180176 7336209734.174541 7.3362097341745415e+09 18559729131.67902 59962820257.68569   
3 42 53.93803098851323 1.1015919702345125 3463117836.338892 3.4631178363388920e+09 24368683669.989033 37795223868.28722   
101 1414 0.11415611955317922 3.3352094077464254 1101290.3858937924 1.1012903858937924e+06 1143708.6487230675 1242759.5648221993   
201 2814 0.05708971342889494 22.948223757734283 197663.29775982365 1.9975269731689928e+05 204779.47519857256 215746.3323585991   
301 4214 0.040130486378581014 52.51992282692352 155807.09858266238 1.5580709858266238e+05 158236.06385413755 165265.55636683814   
401 5614 0.043837157650542725 143.59087403353996 64960.271384504485 6.5006821078815548e+04 66698.36611209925 69492.4373114909   
501 7014 0.009868352401280102 837.8009609447863 55887.056345097524 5.5887056345097524e+04 56050.74701328261 56323.08741500381   
601 8414 0.0025009376062240817 1183.3120968257049 54888.161495576176 5.4888161495576176e+04 54899.48503031388 54916.881022167574   
701 9814 0.015064901392597627 1182.9782929994296 53073.04032982338 5.3089876518866797e+04 53162.33366814544 53176.92603184343   
801 11214 0.030806881564838955 1322.9077698586761 50663.00240150522 5.0663002401505219e+04 50846.75580146731 51032.2913846831   
901 12614 0.03405813282961852 1588.490469575942 49245.23973011659 4.9245239730116591e+04 49408.71388430055 49671.17246597842   
1001 14014 0.0341106214795614 2052.7907347144646 38941.2403088983 3.8941240308898297e+04 39138.83490940299 39530.8807015266   
1101 15414 0.037045790018219435 1950.175561137454 37945.11027942171 3.7945110279421708e+04 38031.63467384891 38180.78888376682   
1201 16814 0.14014699606915795 1650.6921070220153 21146.824960339472 2.1250697538809214e+04 22010.682649713675 23040.418952449985   
1301 18214 0.1071275164922138 1715.0757651835418 11192.307619288717 1.1192307619288717e+04 11487.971334902177 11874.698804062895   
1401 19614 0.06940166817977726 2020.2640745022368 2451.036597087652 2.4589519752246865e+03 2493.4013914578472 2545.3169445138674   
1501 21014 9.026732683241367e-05 2213.826106632944 2355.0984366474545 2.3550984366474545e+03 2355.122476858128 2355.1503589488684   
1601 22414 0.00012566640815469415 2510.3350338427754 2353.9031365397077 2.3539052157558949e+03 2353.9288619962745 2353.9918368510585   
1701 23814 0.0003387316843322564 3645.631767904936 2352.67959318806 2.3526795931880602e+03 2352.742448616623 2352.884068940241   
1801 25214 0.00039391855390415084 3678.2101722887655 2351.958901495811 2.3519589014958110e+03 2352.019887542989 2352.1217633703773   
1901 26614 0.0012731277922307506 5026.669932673899 2347.4471902368377 2.3474471902368377e+03 2347.9077320602464 2348.307926598902   
2001 28014 0.000138563344077448 6020.2166267054445 2344.1441126017785 2.3441451512944318e+03 2344.151689460628 2344.162746026002   
2101 29414 7.596533942317226e-09 3216.4197058098785 2344.1392570470357 2.3441392580903280e+03 2344.139271920781 2344.139303112113   
2201 30814 1.0227230886093524e-10 1655.363739176658 2344.1392431824943 2.3441392431824943e+03 2344.1392432039443 2344.1392433773067   
2301 32214 4.818694002551288e-11 951.9882614536386 2344.1392427844457 2.3441392427856531e+03 2344.139242787024 2344.139242794081   
2401 33614 2.382153029501259e-10 1298.68139495981 2344.139242610568 2.3441392426105681e+03 2344.1392426294306 2344.1392426586176   
2501 35014 1.9734207883369104e-09 3940.2581873181775 2344.1392343399625 2.3441392343399625e+03 2344.1392350404126 2344.1392355832127   
2601 36414 8.700151900325647e-07 11006.515588694061 2344.137760158193 2.3441377639464963e+03 2344.1378417020214 2344.138051631626   
2701 37814 8.743105733295123e-10 10058.966243961699 2344.1376067823785 2.3441376067917072e+03 2344.1376068084974 2344.137606911857   
2801 39214 1.6599983905640225e-09 21164.81438782697 2344.137605574561 2.3441376055745609e+03 2344.137605780734 2344.137605956194   
2901 40614 4.08012428954202e-09 59432.64331806151 2344.137597645324 2.3441375976453241e+03 2344.1375979685836 2344.1375993148104   
3001 42014 2.049275013362261e-07 51953.44892691566 2344.13732297253 2.3441373229725300e+03 2344.1373578388548 2344.13747909036   
3101 43414 4.175326476623749e-08 30791.57769886541 2344.135484467837 2.3441354862579924e+03 2344.1354927362436 2344.135496686354   
3201 44814 5.7106770154787e-09 28827.296414969118 2344.1354775984587 2.3441354775984587e+03 2344.1354779253365 2344.135478212927   
3301 46214 2.611263453734633e-07 25916.235786693152 2344.1352708152767 2.3441352708152767e+03 2344.135307969589 2344.135386295779   
3401 47614 7.130212277748989e-07 14494.39503960334 2344.1320465866384 2.3441320465866384e+03 2344.1320862419516 2344.132152123381   
3501 49014 1.468391834126237e-08 12980.136369746759 2344.131931241855 2.3441319312418550e+03 2344.131931454902 2344.131931806315   
3601 50414 4.628051248140523e-07 13371.45404471281 2344.13172500127 2.3441317250012698e+03 2344.131762224972 2344.1317914898127   
3701 51814 4.879823554617602e-07 7934.398574350245 2344.128252735869 2.3441282566488480e+03 2344.1282616481135 2344.128278659725   
3801 53214 6.094792590806038e-08 7708.233193818599 2344.1281766173374 2.3441281766173374e+03 2344.12817892372 2344.128180550965   
3901 54614 5.606617156991253e-06 7411.994695663869 2344.1220250534516 2.3441220250534516e+03 2344.1223907602052 2344.123148222602   
4001 56014 1.2965369374771044e-05 5566.046246479717 2344.1147585078625 2.3441149291809943e+03 2344.1152615233623 2344.116206808062   
4101 57414 1.9617767566312842e-05 4212.957110515279 2344.106355409591 2.3441063829021555e+03 2344.106971414263 2344.1086515717902   
4201 58814 2.8940054651085924e-05 4837.844906410402 2344.0675479547954 2.3440675479547954e+03 2344.0681717206276 2344.069325552076   
4301 60214 7.857468677912959e-05 4810.789488817831 2344.0148254018295 2.3440152953680526e+03 2344.016792027642 2344.0206565275607   
4401 61614 0.00024197076266254387 5371.3076849874715 2343.8242875425167 2.3438242875425167e+03 2343.841550748896 2343.8700918540026   
4501 63014 0.0006153829173596415 9343.276478202606 2342.644184953894 2.3426441849538942e+03 2342.694758541495 2342.7471709075753   
4601 64414 0.0033235791623127116 19998.22703351382 2318.3555245657612 2.3183555245657612e+03 2319.614228610552 2320.407448447246   
4701 65814 6.415212635864671e-05 19476.669131979244 2317.7880819881293 2.3177889411692640e+03 2317.7898097716575 2317.7913287494316   
4801 67214 3.714542360989475e-05 9738.696193073134 2317.7724579028345 2.3177724579028345e+03 2317.7732011705994 2317.7742290134497   
4901 68614 0.0006027896655499714 8250.443847758253 2317.551143196483 2.3175511431964828e+03 2317.5812260005814 2317.5942216908384   
5001 70014 0.0039489547557111865 10836.982628078089 2312.3254275609465 2.3123254275609465e+03 2312.855055807882 2313.231526540315   
5101 71414 0.0002413543531982152 10864.28803837985 2304.439570723724 2.3044395707237240e+03 2304.443763162948 2304.447190159346   
5201 72814 5.274545042538854e-08 8471.98389279095 2304.437294934991 2.3044372972936926e+03 2304.4373098251617 2304.4373248002266   
5301 74214 2.2135245185734235e-09 5647.967002965403 2304.4372910373245 2.3044372910373245e+03 2304.4372910832903 2304.437291109783   
5401 75614 1.7341044954833594e-09 3789.315182628178 2304.4372905787486 2.3044372905787486e+03 2304.43729059533 2304.4372906054705   
5501 77014 1.124302485307222e-08 4179.264905605454 2304.43728743929 2.3044372874392898e+03 2304.437287609821 2304.437288030259   
5601 78414 1.6713314849525759e-06 14339.005890458986 2304.4369245873595 2.3044369414909256e+03 2304.4369606678597 2304.436997023218   
5701 79814 1.2464706569530217e-08 13032.223676049993 2304.4368874986194 2.3044368875173755e+03 2304.436887582728 2304.436887736516   
5801 81214 7.42943569032667e-08 14714.576282307286 2304.4368680027715 2.3044368680027715e+03 2304.43686918419 2304.4368714664274   
5901 82614 3.0370141943365113e-07 15095.839164155092 2304.4364764455663 2.3044364785772800e+03 2304.4364859066563 2304.436489708725   
6001 84014 8.327850395471589e-08 23525.023280300535 2304.436467930664 2.3044364681788375e+03 2304.4364683709728 2304.4364691174987   
6101 85414 5.163461498445056e-06 28688.782462173647 2304.436001752764 2.3044360017527638e+03 2304.4361031372523 2304.436317353615   
6201 86814 1.7576954898577223e-07 27667.265582979704 2304.435781438026 2.3044357814669706e+03 2304.435782649748 2304.435784211542   
6301 88214 5.6620696322915855e-06 27378.62793851592 2304.435166089972 2.3044351660899720e+03 2304.435238905565 2304.435402743847   
6401 89614 1.662548830917441e-05 22340.098131574337 2304.431389717869 2.3044313897178690e+03 2304.4316535320468 2304.4321877893144   
6501 91014 4.802817540071764e-05 18580.23270207402 2304.409604685513 2.3044097368743523e+03 2304.4108322086954 2304.4121782556595   
6601 92414 0.00031608909146413144 21691.41898316333 2304.275450062775 2.3042754500627748e+03 2304.286128605607 2304.2916680338317   
6701 93814 0.00030759796720182195 34048.65358168546 2303.8669147003234 2.3038669147003234e+03 2303.8737143082453 2303.894498067485   
6801 95214 5.6607778217196815e-05 32194.707096781352 2303.8138468683646 2.3038138468683646e+03 2303.814146688121 2303.8143756591585   
6901 96614 0.0004466149602648034 26910.24420781273 2303.7572214279685 2.3037572214279685e+03 2303.763996802495 2303.7698249803752   
7001 98014 0.003927059669287252 23807.845897528703 2301.6584203979523 2.3016584203979523e+03 2302.0696546100335 2302.561103697123   
7101 99414 8.190498465560322e-05 20288.98763578354 2299.498175376427 2.2994982743308497e+03 2299.498676762955 2299.499170273159   
7201 100814 7.523402392450625e-09 20642.279055320003 2299.497895073923 2.2994978952115598e+03 2299.497895283296 2299.49789559122   
7301 102214 1.0742180501548054e-08 18119.28968198794 2299.4978940720734 2.2994978940720734e+03 2299.497894128709 2299.4978942613347   
7401 103614 2.8363336931132585e-07 18197.91377666365 2299.497868651598 2.2994978686515979e+03 2299.4978734186548 2299.4978819294165   
7501 105014 1.4564950608624552e-07 20127.757531233594 2299.497644386384 2.2994976443863839e+03 2299.4976457418356 2299.497648830267   
7601 106414 8.921244164884433e-08 26813.53767485102 2299.497637861628 2.2994976378616279e+03 2299.497638454179 2299.4976392877593   
7701 107814 1.6496862687847316e-06 27831.582645683084 2299.4975540887326 2.2994975540887326e+03 2299.497566441051 2299.497580984209   
7801 109214 2.2561385578383886e-07 22450.543101455634 2299.497198854853 2.2994971990255171e+03 2299.4971998816914 2299.497200744604   
7901 110614 1.8058509739074083e-05 24205.340070840448 2299.4963422718165 2.2994963422718165e+03 2299.496408093926 2299.496555628305   
8001 112014 8.435774586793506e-05 17623.085386246734 2299.489741497555 2.2994897414975549e+03 2299.490745758044 2299.492616867106   
8101 113414 0.0006543097686238416 15951.833938998916 2299.324395512328 2.2993243955123280e+03 2299.3403493001633 2299.3594626310787   
8201 114814 0.000232061500337034 31565.97351135757 2299.119087901206 2.2991191740901158e+03 2299.1204633361012 2299.12142155411   
8301 116214 2.9675345541672677e-05 22608.103194261894 2299.102191799674 2.2991021917996741e+03 2299.1022508272085 2299.102393743379   
8401 117614 4.567358967161848e-08 21336.213529566496 2299.102045742974 2.2991020457429740e+03 2299.1020458541616 2299.102045890235   
8501 119014 5.859112357173588e-07 45095.108793306215 2299.102012817306 2.2991020128173059e+03 2299.102017987584 2299.1020250672914   
8601 120414 2.607407627283125e-06 53334.93144133033 2299.101573225077 2.2991015732250771e+03 2299.1015801675644 2299.101587456738   
8701 121814 1.7102860510419278e-05 61068.42001644937 2299.1012962789355 2.2991012962789355e+03 2299.101335694191 2299.101368714617   
8801 123214 0.0001736628889203465 49019.204340969445 2299.096512436192 2.2990966354745874e+03 2299.09715685136 2299.0984933773925   
8901 124614 0.0008161285079011754 37010.73931713352 2299.0253070570643 2.2990253070570643e+03 2299.0341332165963 2299.0455886863565   
9001 126014 0.001164005908681649 31241.292978113055 2298.673390718193 2.2986770769749478e+03 2298.6835773148223 2298.6913604847255   
9101 127414 0.001301016260284242 33433.3249928554 2298.188497867408 2.2981894243956367e+03 2298.1952474241534 2298.2142328643777   
9201 128814 0.001064434826945929 28654.528452048788 2298.1348039824056 2.2981348039824056e+03 2298.142161486844 2298.144247262284   
9301 130214 0.008113896917107474 27191.182595463637 2296.5164891254553 2.2965164891254553e+03 2296.7387643041434 2296.8025934632074   
9401 131614 0.0011096449056336893 24333.592674429652 2293.023823781803 2.2930247779417036e+03 2293.0259967026022 2293.0284431793953   
9501 133014 7.094057263030054e-06 21609.63570770776 2293.021345273396 2.2930213452733960e+03 2293.021379506037 2293.0214028845044   
9601 134414 5.012125493618386e-08 22743.310902929945 2293.021327976232 2.2930213280196795e+03 2293.021328108114 2293.0213284167685   
9701 135814 1.0719590555726037e-07 29383.651020526275 2293.0213246874605 2.2930213246874605e+03 2293.0213248651285 2293.021325120446   
9801 137214 1.1473532501275374e-05 49913.446963384806 2293.0207493696503 2.2930207675184261e+03 2293.0207857876485 2293.0208105240827   
9901 138614 5.867812058268993e-07 49196.439906949876 2293.0206669565005 2.2930206669565005e+03 2293.0206681801615 2293.0206697762565   
10001 140014 0.00024359673824155781 49400.60225651996 2293.017792939349 2.2930177929393490e+03 2293.0181993290817 2293.0192685652573   
10101 141414 0.0009364680992411745 37999.96363610909 2292.9761808151648 2.2929761808151648e+03 2292.9799838446756 2292.983278763137   
10201 142814 0.002020234727765746 33137.25358856293 2292.810910568647 2.2928124904421270e+03 2292.8198977823704 2292.8267218134724   
10301 144214 0.0012582058986294164 30499.582856038844 2292.3856717251747 2.2923857823322942e+03 2292.3862000411254 2292.3918176914103   
10401 145614 4.3348851292251195e-05 24454.07889189911 2292.3808810008595 2.2923809031072933e+03 2292.3809674857603 2292.3810480689867   
10501 147014 7.411358885186322e-08 22222.80917145449 2292.3807295313804 2.2923807295313804e+03 2292.3807296327595 2292.380729940067   
10601 148414 5.872631370497648e-07 23146.944349148784 2292.380710024186 2.2923807100241861e+03 2292.3807134378153 2292.380715645692   
10701 149814 0.0005255332643026888 28568.77820359615 2292.3764583860147 2.2923764583860147e+03 2292.377240599315 2292.3782307945958   
10801 151214 0.008054534006529482 21452.442131492713 2291.980263020383 2.2919802630203831e+03 2292.0118618193524 2292.1218523063085   
10901 152614 0.013988519009708577 35099.18863439776 2286.351799115522 2.2863517991155222e+03 2286.4416350599677 2286.5532071043813   
11001 154014 0.05282161156487659 30129.092671043658 2280.818984281462 2.2808189842814618e+03 2281.4219503672707 2282.209525497162   
11101 155414 0.024481242256551086 26847.493802010133 2273.896944295725 2.2738969442957250e+03 2273.993458920182 2274.156177425894   
11201 156814 7.523765858200245e-05 23358.93478306619 2273.5581381706806 2.2735582076543224e+03 2273.5583357147434 2273.5584699380925   
11301 158214 9.638842622110438e-08 18192.273756168954 2273.5580471251346 2.2735580471597555e+03 2273.5580472820684 2273.5580474632725   
11401 159614 2.0346924341041622e-08 14600.154186661866 2273.558045044726 2.2735580450447260e+03 2273.5580450509287 2273.5580450599655   
11501 161014 1.8114130686620262e-07 14802.558171114222 2273.558043300469 2.2735580433004689e+03 2273.558043553072 2273.558043918981   
11601 162414 3.1034744354253987e-06 50140.80942930185 2273.557978873784 2.2735579788737841e+03 2273.5579855352194 2273.5579940793305   
11701 163814 1.45311172349377e-07 74379.55542952142 2273.5578697810606 2.2735578697810606e+03 2273.557869808478 2273.5578698447393   
11801 165214 1.6575644248383648e-06 92130.93522004726 2273.557857507241 2.2735578575072409e+03 2273.557858708098 2273.557859597355   
11901 166614 3.131035648058886e-07 18340.312961097112 2273.5578210751423 2.2735578210789722e+03 2273.5578211070465 2273.5578211443653   
12001 168014 2.336096043342719e-06 16954.540634639685 2273.5578094745983 2.2735578099243667e+03 2273.5578105182667 2273.557812030634   
12101 169414 1.3738170829106426e-06 30133.672976315775 2273.557768652716 2.2735577686527158e+03 2273.5577687600016 2273.5577690656805   
12201 170814 4.733889651266963e-06 28517.22920556105 2273.557753605693 2.2735577537467179e+03 2273.557755104538 2273.557756739242   
12301 172214 7.338783561280972e-06 26858.89232267985 2273.557656256351 2.2735576570439848e+03 2273.557658884565 2273.5576607794137   
12401 173614 4.845277033647205e-05 26194.98982289991 2273.5574242958355 2.2735574307091943e+03 2273.557458843104 2273.5574865303743   
12501 175014 0.00010100789540477889 20251.16407400296 2273.556614222899 2.2735566451208306e+03 2273.5566754175493 2273.556736059561   
12601 176414 0.00031451689541518594 21463.904270046252 2273.5539680816228 2.2735539680816228e+03 2273.554223227642 2273.554470948105   
12701 177814 0.0005595398395316648 25353.245437599086 2273.544442451207 2.2735444424512070e+03 2273.5448432208736 2273.5451317932457   
12801 179214 0.0005360425939950899 24849.37645183828 2273.5401531677076 2.2735402040345111e+03 2273.540357128053 2273.5406217394425   
12901 180614 0.0008432085552573396 22284.988620725817 2273.527443578937 2.2735274435789370e+03 2273.5276284275405 2273.5284193150064   
13001 182014 8.999653653708744e-06 19330.33435475094 2273.5259942540015 2.2735259946469700e+03 2273.5259998486745 2273.526004219069   
13101 183414 1.519226068135373e-05 22735.084173911186 2273.5259414269367 2.2735259414269367e+03 2273.5259464150595 2273.5259524204816   
13201 184814 0.00030547383345174784 29050.582433451844 2273.5253191440006 2.2735253285013755e+03 2273.5253699870555 2273.5254140781426   
13301 186214 0.0018273368899603022 22728.17790881245 2273.5157708451097 2.2735157708451097e+03 2273.5171151232134 2273.5184142817698   
13401 187614 0.0006925380689584991 17693.61883403877 2273.508101236976 2.2735081012369760e+03 2273.5082032976065 2273.5083773160177   
13501 189014 0.005488717548885139 14245.074027681077 2273.4694830379 2.2734694830378999e+03 2273.471996422248 2273.476406432214   
13601 190414 0.00018111560647220357 14415.851275157602 2273.448809665758 2.2734488169964811e+03 2273.4488629211505 2273.4489253480415   
13701 191814 1.2416890864862512e-06 16593.423033536277 2273.4487717800857 2.2734487717800857e+03 2273.448771925304 2273.448772184569   
13801 193214 9.52160027319721e-06 32204.32338574067 2273.4487437408357 2.2734487437408357e+03 2273.4487458110666 2273.4487487672977   
13901 194614 8.75327136911724e-06 49233.55882182008 2273.4487089818444 2.2734487089818444e+03 2273.4487108106705 2273.44871184146   
14001 196014 0.00032170958496743706 38379.73640544082 2273.448143967288 2.2734481439672882e+03 2273.4481761332804 2273.4482152868786   
14101 197414 0.0019106763685820434 24488.643984099803 2273.4410144394337 2.2734410144394337e+03 2273.4416666428633 2273.4418953706218   
14201 198814 0.002092747331076689 17508.008974052933 2273.4324197951 2.2734324197951000e+03 2273.4327926409005 2273.4332897051713   
14301 200214 0.0034994053621510987 13910.605898397369 2273.420585105733 2.2734205851057332e+03 2273.421661183746 2273.422354106808   
14401 201614 0.004030685926429124 23610.858173959572 2273.345420954724 2.2733455155334605e+03 2273.3458912914653 2273.3462948692995   
14501 203014 2.241829556293269e-06 14970.286559996106 2273.344632195138 2.2733446322442210e+03 2273.3446327234055 2273.344633903856   
14601 204414 2.6438237269481614e-06 13737.767636615057 2273.344628972295 2.2733446289722951e+03 2273.344629092865 2273.3446299392194   
14701 205814 8.488105902268382e-06 27777.126931199346 2273.344611360307 2.2733446113603072e+03 2273.3446126446847 2273.344613490415   
14801 207214 2.6550941169308575e-06 66786.25890097463 2273.3445946606416 2.2733445946606416e+03 2273.344594798358 2273.344594877177   
14901 208614 5.750221654005481e-06 63418.269996785544 2273.3445880546847 2.2733445880546847e+03 2273.344588255412 2273.3445884986877   
15001 210014 1.263080834953951e-05 58398.091061732994 2273.344582896512 2.2733445828965118e+03 2273.3445833707897 2273.344584147239   
15101 211414 1.7755256354271634e-05 48888.832794170754 2273.344574625826 2.2733445746258262e+03 2273.3445750573883 2273.3445758906864   
15201 212814 3.7096201646631215e-05 43013.62322610796 2273.3445594076234 2.2733445594076234e+03 2273.344560806766 2273.3445628508102   
15301 214214 2.1619734269586164e-05 35527.275072288416 2273.3445419662607 2.2733445419662607e+03 2273.3445424528263 2273.3445429401304   
15401 215614 3.8467956866857826e-05 33583.01042388131 2273.3445273112784 2.2733445273112784e+03 2273.344527880833 2273.344528679644   
15501 217014 6.073187861848248e-05 29230.46936960668 2273.3445075934437 2.2733445081375235e+03 2273.3445090725218 2273.344510906159   
15601 218414 0.00011349477053642095 28422.186547763085 2273.3444625945845 2.2733444625945845e+03 2273.34446466587 2273.344466490299   
15701 219814 7.469327884369238e-05 25595.671999828817 2273.3444274090525 2.2733444276308260e+03 2273.3444280165613 2273.3444287737084   
15801 221214 0.0002103365092873137 23690.785383310165 2273.3443742863956 2.2733443749339758e+03 2273.3443774190036 2273.3443832448506   
15901 222614 0.0008030766244326333 21048.070296151254 2273.34388423001 2.2733438842300102e+03 2273.3439327183996 2273.343972982266   
16001 224014 0.00032826714110980676 19108.68746980854 2273.3430692715524 2.2733430693563432e+03 2273.343071625803 2273.3430784850816   
16101 225414 5.24229030077128e-05 18511.394525684336 2273.3430457109926 2.2733430457109926e+03 2273.3430459457604 2273.343046137815   
16201 226814 0.0001931997154119143 16323.893641253077 2273.343030258996 2.2733430302589959e+03 2273.343031845525 2273.343034541505   
16301 228214 0.0023458216965704225 13603.185648263205 2273.342242676565 2.2733422494870520e+03 2273.3423664449156 2273.342441493139   
16401 229614 0.03688089677040675 13254.954214147867 2273.0014411774628 2.2730014411774628e+03 2273.024432785298 2273.04474117765   
16501 231014 0.0005394517638586688 10554.51525827809 2272.9695816896437 2.2729695834878312e+03 2272.9695870322576 2272.9695957350564   
16601 232414 2.8109267439152043e-05 10848.392617721529 2272.96956370706 2.2729695637070599e+03 2272.9695637602704 2272.9695638060575   
16701 233814 3.58046092182579e-05 10549.631972862768 2272.96956289744 2.2729695628974400e+03 2272.969562928564 2272.969562957657   
16801 235214 0.0002151928263889523 10678.050159370378 2272.969553833722 2.2729695538337219e+03 2272.9695549729863 2272.969556158628   
16901 236614 0.002587139631797876 9593.9488353464 2272.969076156009 2.2729690778624758e+03 2272.969122590232 2272.969163606264   
17001 238014 0.021744675366662348 9788.734488092 2272.939989618022 2.2729408855398997e+03 2272.9419485530925 2272.9451928503076   
17101 239414 0.000659974272723544 11425.723711988096 2272.92102377397 2.2729210274551524e+03 2272.9210316117765 2272.9210387694075   
17201 240814 5.5390365753128654e-05 8048.615570914849 2272.9210163498283 2.2729210163498283e+03 2272.9210164415404 2272.9210166091143   
17301 242214 2.6248847910113243e-05 9383.12118153631 2272.921016007209 2.2729210160072089e+03 2272.9210160138623 2272.921016029006   
17401 243614 2.9511476676343965e-05 17416.78094541118 2272.9210153018494 2.2729210153018494e+03 2272.9210153095746 2272.9210153155664   
17501 245014 8.58104563441481e-06 15066.604213347639 2272.9210152822966 2.2729210152823312e+03 2272.9210152827472 2272.9210152829105   
17601 246414 6.438671969382621e-05 15730.209913198276 2272.921015123739 2.2729210151293400e+03 2272.9210151410407 2272.9210151702564   
17701 247814 0.0004805114512514975 15283.980064010684 2272.921008562665 2.2729210090758611e+03 2272.921009810749 2272.921010452664   
17801 249214 0.004046551365342109 20649.896049014158 2272.920455212519 2.2729204552125188e+03 2272.9205419223636 2272.920573336546   
17901 250614 0.0015759368365925023 34443.651920639495 2272.918587534054 2.2729185875340540e+03 2272.918596924153 2272.9186114951044   
18001 252014 4.428931030082011e-05 23367.738503968492 2272.9185768982006 2.2729185768986795e+03 2272.91857690416 2272.918576907899   
18101 253414 6.430715504033415e-06 31494.765902355688 2272.9185768576385 2.2729185768576599e+03 2272.918576857719 2272.9185768577936   
18201 254814 6.586494673749235e-05 27915.743480936053 2272.91857683122 2.2729185768318298e+03 2272.9185768379743 2272.9185768461552   
18301 256214 0.0003451474856520053 25216.09851190444 2272.918575744103 2.2729185757441028e+03 2272.918575923814 2272.918576020792   
18401 257614 0.002475725353227582 25310.417225581194 2272.9185134373815 2.2729185134373815e+03 2272.9185225238043 2272.918530999486   
18501 259014 0.0008912537774394625 24047.42893856756 2272.918382535995 2.2729183826819026e+03 2272.9183832618514 2272.918383675561   
18601 260414 4.257339120555884e-05 21293.820387951597 2272.9183791955647 2.2729183791955647e+03 2272.9183791965447 2272.918379198153   
18701 261814 2.6999304213901208e-05 17573.81628608049 2272.918379189904 2.2729183791899040e+03 2272.9183791904547 2272.9183791907694   
18801 263214 0.0002789717937005466 18002.04595481548 2272.918378984408 2.2729183789844078e+03 2272.9183790209236 2272.9183790489983   
18901 264614 0.002171371824029368 18705.592294777245 2272.9183706477434 2.2729183706477434e+03 2272.9183725178746 2272.9183737269923   
19001 266014 0.0052043459058760426 18690.40665930315 2272.918070082369 2.2729180700823690e+03 2272.918075414563 2272.9180853287085   
19101 267414 0.0002931136427106052 22924.688928439395 2272.918036176756 2.2729180361783019e+03 2272.9180361876793 2272.9180362047223   
19201 268814 7.982243229837722e-06 21886.812453877854 2272.918036149836 2.2729180361498406e+03 2272.9180361498447 2272.9180361498475   
19242 269388 9.328159620381224e-08 22457.386474264567 2272.9180361498215 2.2729180361498229e+03 2272.9180361498275 2272.9180361498293   
