% # columns="iter, evals, sigma, 0, fitness, xbest" seed=48, Mon Jul  6 00:52:43 2020, <python>{}</python>
1 14 48.04561818948094 0 1375.5061994072078 -5.78231987155734 18.697364017631173 -66.09883486482543 -0.07756235064999469 -30.098089378422248 12.039546338749028 -26.485283943044628 -66.12211647668255 16.36331576961097 21.173469895931525 -96.52766140977461 76.93068811818186 21.046358946083345 62.018644565892465 2.5972099077531907 9.764376316641375 -97.20283612922431 -0.6408171034087045 31.185848490320083 57.95411877745816 -3.3086734839455625 0.7215163911633974 25.933549299606533 85.07619399436979 -25.933142689662226 -95.88431661538264 54.676517419556404 62.1210681816446 -86.68352061571525 21.745535290949487
2 28 46.283308041268576 0 1384.7977756833502 -70.40280550152907 -31.11833962525459 -6.206459542805046 37.997101690559276 -25.15305235014993 68.33533308003906 -21.09054693668691 -9.395506581974232 13.081670849798368 -1.9574673294459384 -60.72427701498043 22.228984138769373 36.539102959601664 49.63742326543997 7.346320730510321 46.49774923680674 -31.444421018453845 -41.33498730266153 96.91406901966845 54.16595471513233 8.527467112377598 42.44274806162258 55.1949264335306 -96.18096177545814 -74.32197990854593 -12.34479156708276 45.59578779639578 -5.047888890710404 -99.97944024450504 22.635531978819497
3 42 45.898729575751325 0 1304.9319374205566 13.127948069825846 -32.71490767986562 54.784511492866955 -86.35307325806009 -23.447877696796496 -18.705980410379297 -87.0789962983977 60.69445296569997 47.60342433813895 -31.871755993952778 -54.659840603582296 -4.771501018085257 64.53979502083783 42.05055699297917 -18.356946637659803 92.38673119070299 -25.921413862415925 -12.600828085553804 80.39511742121377 13.340571019383113 38.97269202819316 11.073650977468974 -46.81492952906875 -75.60375818189004 -50.631733932582904 0.37205837394753516 45.152330778835505 -4.691402422869803 -53.58315947704608 -41.813612688528536
101 1414 16.130057419817327 0 1142.3102397270206 61.676604433089636 -42.6806712926652 -14.449461607577062 -51.10704705820626 -43.566990604501875 28.622537594092254 66.36332752308618 15.627404722726524 -6.038716468182502 -13.391567869926746 -83.08575661140371 51.11545832061292 64.83120795993861 82.99001241140647 -75.46170858560569 -2.9713621675815123 -15.072894166224858 -81.81087985245307 27.162308113823535 -60.28175221987694 -13.1176921645696 -85.30201117385067 -10.570919776386278 22.012625856767244 -74.39710000899387 -71.72084171611331 39.54436949848986 0.31863362905473736 -24.699471987337745 45.04961579832976
201 2814 7.262188190910265 0 1096.5603473151139 71.5976581937441 -32.38806247171894 25.606039814152908 -77.40866806466441 -39.08676426119597 -0.8655101765394742 41.585509186176466 -7.734131746240617 20.16498591143793 -40.67462403640769 -81.60834013772298 8.160034941819502 63.98648276640657 47.76894446038414 -42.875203541193606 -19.103557838608367 -23.636515446387794 -45.778223875748324 65.00272329244463 -41.77532559067673 -37.02653404139109 -69.86914436878067 -34.1905059555749 40.54535766476316 -53.52195945828757 -49.78386545692521 52.456768410975286 -32.577273875597506 -64.90177443877798 30.992859827199254
301 4214 0.34589341534004664 0 843.3749570118758 56.74077602394006 -25.08172936747335 23.678781747113185 -85.85394689884299 -25.142486303071934 -2.8491881805277903 43.51612236393913 -17.50009000161137 37.30007250037037 -32.79659047474968 -84.57157224292688 5.951881176457177 74.45614813065342 39.68375019976167 -58.27227100041098 -10.085610171268982 -40.37172735942414 -50.110021272493924 41.8205967981689 -40.31484759198357 -30.107706037264492 -66.06623990745072 -19.765696734387465 36.56063825269999 -63.925471015857994 -60.703690584464766 46.99410551942688 -26.88795639534609 -35.765774987527664 30.65497547279518
401 5614 0.01224570200306956 0 840.7957371168633 56.02184830658685 -25.301803148057555 23.898416705322887 -85.04597094042111 -25.121110195801045 -3.310593367264459 43.25570583716632 -17.725971567969324 37.879514477304 -32.40543078695549 -85.28130091526593 5.487344995580417 74.706639478027 39.73492855663674 -58.152221219061815 -10.20720376045035 -40.59933446510249 -49.949515481709625 41.39429306370696 -40.43829645342368 -30.15107803848799 -66.0665224101291 -20.044680843563086 36.571928400554825 -63.48826119665304 -60.62024099001923 47.52666269309813 -26.915624605725924 -36.222015726025006 30.78701266272941
501 7014 0.0004039408867557796 0 840.7932872738149 56.04322233960049 -25.300756936016988 23.895600729853587 -85.05441215984304 -25.12423010253699 -3.304047913060546 43.27963853813304 -17.71195448557262 37.858592958100445 -32.417733810819016 -85.28735646926509 5.484137285528612 74.70506175650829 39.741002003734806 -58.144280279646686 -10.212663749706486 -40.598694574163886 -49.96504442673131 41.37864023388605 -40.4292146075952 -30.15177625674156 -66.04188367029462 -20.024800587331224 36.566965402096685 -63.47934608663377 -60.61791983655891 47.53163729089678 -26.920267671124762 -36.22643061053992 30.799115595893355
601 8414 8.982184775261176e-06 0 840.793286076934 56.043331176647264 -25.30049631173339 23.89538838262777 -85.05408229028667 -25.123952770761903 -3.304132716008312 43.27960156185634 -17.711920670942124 37.859040723999314 -32.4180915962699 -85.28707797138712 5.484355439027302 74.70520279212295 39.741067989487675 -58.14377693106227 -10.212596101590895 -40.59880948820677 -49.96508618045519 41.378765899214045 -40.429027199035716 -30.152128692568407 -66.04193641899542 -20.025035247719195 36.56680923523814 -63.47967767791499 -60.61798468578064 47.532059985776584 -26.91974173775862 -36.22661365065707 30.79907770836987
701 9814 2.450223632424872e-07 0 840.7932860760918 56.043331393512034 -25.300490162202124 23.895391027176306 -85.05409137052645 -25.123946835212713 -3.304134858481104 43.279606197919236 -17.71192236209976 37.85904198154867 -32.418097623054564 -85.28706796243898 5.484353648137179 74.70520267736276 39.741063126549044 -58.143776071899595 -10.212586956070313 -40.59879971489716 -49.96508697475812 41.37878024042365 -40.429027319414416 -30.152120929420594 -66.04193808111793 -20.02502382688533 36.56681912324684 -63.4796778394481 -60.61798567855976 47.53206561147675 -26.91972970367332 -36.22661461102942 30.79907565009215
735 10290 9.162993101566489e-08 0 840.7932860760915 56.04333146483544 -25.300489995192834 23.89539104070569 -85.05409159628634 -25.12394675172564 -3.3041350059188206 43.279606132541346 -17.71192200896616 37.85904199886991 -32.41809757455951 -85.28706818871802 5.484353866952498 74.70520312849428 39.741062985878365 -58.1437760001244 -10.212586915214873 -40.59879972837159 -49.96508688505986 41.37878020215898 -40.429027242564075 -30.152121113868905 -66.04193837218091 -20.02502365223426 36.56681919186393 -63.4796779826481 -60.61798566644356 47.53206570048923 -26.9197297141097 -36.22661448276733 30.79907548192123
