% # columns="iteration, evaluation, sigma, axis ratio, bestever, best, median, worst objective function value, further objective values of best", seed=44, Mon Jul  6 00:54:30 2020, <python>{}</python>
1 14 47.21161389401867 1.0000483345014077 17986522001.503113 1.7986522001503113e+10 45681034628.15015 86749950282.04929   
2 28 47.66355069542983 1.0791966732543117 9641680427.426569 9.6416804274265690e+09 29488187131.3573 43304519393.71033   
3 42 50.628409250348426 1.0996698693931182 9641680427.426569 1.1098996472366440e+10 23865947903.247772 46210423508.46947   
101 1414 0.21596620729320398 3.2616431211863115 9020596.318478081 9.1269794104790110e+06 9436510.64517361 9811183.689734332   
201 2814 0.19431852476327044 6.872878298442742 5119933.734651917 5.1199337346519167e+06 5395127.409428386 5668452.567243311   
301 4214 0.1730376505413668 10.015051669983226 3220121.1524323225 3.2201211524323225e+06 3353416.816575028 3546063.091018147   
401 5614 0.08897544727829211 18.875747863067975 413519.9149477042 4.2115849365983380e+05 440167.4780905667 476387.8335559582   
501 7014 0.0342695399238365 27.194511187559673 345617.0821798796 3.4719691868522682e+05 347986.8455207538 352134.04547409504   
601 8414 0.23265723610288372 32.94581782935693 148388.3622844771 1.6614402798278417e+05 211961.1017077408 297688.04019800085   
701 9814 0.0137291980535227 82.38851104131112 84142.81676526593 8.4156773598629414e+04 84335.16461367921 84505.54539763712   
801 11214 0.048615777671699036 84.5575675241475 73709.24076438518 7.4026677607792444e+04 74794.88377727092 75432.59669206894   
901 12614 0.05751896294379327 93.92019708794605 30904.019728981097 3.0904019728981097e+04 33357.60182181988 34883.157085376806   
1001 14014 0.006010999978799492 187.41578509720048 25552.91396293726 2.5552913962937258e+04 25572.469445623257 25587.186694473952   
1101 15414 0.07469236519891652 213.65395376570726 22424.031118101273 2.2470859362169300e+04 24464.420211305685 25332.65431756263   
1201 16814 0.038895703484085296 290.5147026343252 10387.682166757422 1.0387891901385387e+04 10581.066760075448 11018.82371756968   
1301 18214 0.006673839186623949 407.19210519918533 9314.960696594633 9.3149606965946332e+03 9321.119422287265 9328.693920577429   
1401 19614 0.027472126778518707 429.3661752048853 8073.893793253411 8.0738937932534109e+03 8237.57628595793 8499.759395316285   
1501 21014 0.010394193546878415 469.67407096625493 6924.0579620228045 6.9240579620228045e+03 6933.41209069801 6942.893179436951   
1601 22414 0.045085589576953064 505.9273660137813 6319.31488204902 6.3193148820490196e+03 6434.512347238933 6635.04871768013   
1701 23814 0.0045579478721893395 543.1226784752163 5811.097597386772 5.8110975973867717e+03 5817.432263389441 5991.691022854704   
1801 25214 0.006224624511149836 673.9927260144087 5714.312439496828 5.7143124394968281e+03 5722.598566681506 5897.437665517615   
1901 26614 0.029853785166936323 728.5640223369463 5463.513032976536 5.4691603950303061e+03 5505.504916247936 5685.625150005694   
2001 28014 0.008671880789599134 772.0962702259399 4449.7431583660455 4.4497431583660455e+03 4452.9092578354375 4459.8123807832135   
2101 29414 0.011342671268521634 698.2597379595946 4368.842129871591 4.3688421298715912e+03 4374.798308489709 4560.691237125606   
2201 30814 0.02130601434189001 648.9210539098862 4005.871661267607 4.0058716612676071e+03 4021.7643969741994 4162.8870623749235   
2301 32214 0.0009113551293045084 618.6905325688391 3959.6827034906946 3.9596827034906946e+03 3959.9646664479355 4140.02120878091   
2401 33614 0.012997314536720534 618.0945999128531 3911.018418566805 3.9110184185668049e+03 3916.092609251728 4096.642151993988   
2501 35014 0.034034964377909815 687.7589462019632 3669.850405591844 3.6735882885241062e+03 3694.735224603063 3853.906503962012   
2601 36414 0.01253082770738402 719.0824245894722 3620.62270261259 3.6206227026125898e+03 3626.8921629689703 3805.0808064147013   
2701 37814 0.020906014140505528 888.2511080646303 3354.66465890142 3.3566771148794078e+03 3365.0985004547006 3536.008159961425   
2801 39214 0.007361633499214171 893.796873016367 3285.6621021534247 3.2856621021534247e+03 3287.70077172579 3467.875585267662   
2901 40614 0.013494205276003228 780.527022722984 3249.806119945739 3.2498061199457388e+03 3251.9225121937566 3427.684230855449   
3001 42014 0.0058371118425663265 712.0027271427742 3225.189098748592 3.2251890987485922e+03 3226.349108965898 3405.564330175485   
3101 43414 0.0013246167433563641 674.5801624921768 3220.8297947440105 3.2208515368491007e+03 3400.8413312318207 3401.4062499538322   
3201 44814 0.0017580314738295888 676.1571916864755 3217.0063498864083 3.2170063498864083e+03 3217.203190684798 3397.687958749817   
3301 46214 0.021187977719033795 703.0082162746435 3184.265640497083 3.1854708385647691e+03 3188.633023114804 3547.449915075915   
3401 47614 0.00844666522700732 1157.6814717483117 3141.672876999389 3.1416728769993888e+03 3142.4586332293056 3322.318059052557   
3501 49014 0.0029532270200195664 1178.6271574585528 3134.3304426175455 3.1343304426175455e+03 3134.4824645627978 3315.0008407916066   
3601 50414 0.011339066995469707 1253.1928437746728 3128.852037210672 3.1288520372106718e+03 3129.3178845342363 3130.208235106175   
3701 51814 0.007625524786645365 1230.7613077539227 3104.0576549234 3.1040576549234002e+03 3104.3369290535516 3104.7457586475957   
3801 53214 0.0009427839760780224 1331.8736911669805 3100.7069767799767 3.1007069767799767e+03 3100.722851483626 3281.30699040831   
3901 54614 0.008642673678951964 1465.410398210415 3099.442296613562 3.0994422966135621e+03 3099.6099169276367 3099.7933381726407   
4001 56014 0.006806256707049349 1416.8178014717532 3094.2436695629626 3.0942584514497471e+03 3094.3245218889024 3094.376506093353   
4101 57414 0.0027513476361910654 1440.9341037408421 3093.8810695245893 3.0938810695245893e+03 3093.899154463338 3093.9161974505005   
4201 58814 0.0004559292009667102 1410.777798835174 3093.5381049739035 3.0935381049739035e+03 3093.539591294947 3274.128131610944   
4301 60214 0.00011802214170289722 1506.2054885565276 3093.5322622716085 3.0935322622716085e+03 3093.532382497866 3274.121444763014   
4401 61614 6.03025809900183e-06 2100.0493733473027 3093.532165120782 3.0935321651207819e+03 3093.532168975064 3274.1213241789214   
4501 63014 2.302626993427056e-05 3568.3936206333224 3093.5321307254308 3.0935321307556596e+03 3093.5321376935576 3274.121290039168   
4601 64414 1.40389000999856e-05 5700.755168697562 3093.532122090999 3.0935321220909991e+03 3093.5321256974685 3274.1212817440573   
4701 65814 1.1911420189299674e-05 9289.248881784688 3093.53211522793 3.0935321152279298e+03 3093.5321172292925 3274.121273807485   
4801 67214 4.004890761080661e-07 14349.336315846958 3093.5321135584645 3.0935321135584645e+03 3093.5321135842296 3274.121272084235   
4901 68614 4.042365860541814e-06 23284.24743769822 3093.532112568638 3.0935321126486042e+03 3274.121271054584 3274.1212711762273   
5001 70014 1.5999455857217737e-06 35227.11766950944 3093.532112086579 3.0935321121267757e+03 3093.532112198864 3274.12127062745   
5101 71414 1.4313152314186524e-06 56563.95270891811 3093.5321119707714 3.0935321119707714e+03 3093.532112005961 3274.121270503119   
5201 72814 4.0669643085443583e-07 84162.38359162294 3093.5321119034475 3.0935321119034475e+03 3093.5321119091277 3274.1212704350587   
5301 74214 6.276550629066529e-07 148624.42181220578 3093.5321118622646 3.0935321118623233e+03 3274.121270392802 3274.121270395643   
5401 75614 4.2773969747480236e-07 224602.64129624038 3093.5321118479433 3.0935321118483234e+03 3093.532111850381 3274.1212703805013   
5501 77014 2.0132386267571665e-07 377392.24171144766 3093.5321118421534 3.0935321118421534e+03 3093.532111842682 3274.12127037379   
5601 78414 1.6388770241943717e-08 590696.3991797977 3093.5321118390884 3.0935321118391003e+03 3093.5321118391194 3274.1212703704864   
5701 79814 5.400460805862758e-08 947985.8511180369 3093.5321118386423 3.0935321118386432e+03 3093.532111838697 3274.12127037003   
5801 81214 1.838706847854233e-08 1.8496473022022175 3093.5321118386046 3.0935321118403454e+03 3274.121270369898 3274.121270370015   
5901 82614 9.10382594554926e-09 2.1256986261829343 3093.5321118386046 3.0935321118607676e+03 3274.1212703698357 3274.1212703699925   
5941 83174 2.171130319020479e-09 2.7310264296586406 3093.5321118386046 3.0935321118528609e+03 3274.1212703699434 3274.121270369988   
