% # columns="iteration, evaluation, void, void, void, xmean", seed=49, Sun Jul  5 19:47:45 2020, <python>{}</python> # scaling_of_variables: 1, typical_x: 0
1 14 0 0 0 -22.393928851929477 -18.65339354859574 -27.960896906861805 4.023242647954899 -14.374618965708995 34.084454388928016 -13.690826394102363 -7.705248119228342 -9.050671663269938 -8.441825959494643 -8.81418213968526 23.845886559186557 8.45099719001931 -18.246709296181688 32.384265215299884 -16.154312014290447 21.846756764781183 -29.41326643837332 26.68333643035036 13.13943436389636 16.342220759475143 37.46819408194807 1.3699314013341488 22.917163692664193 13.281161791137299 22.966138206272177 -0.4120327767841666 -10.304685927221692 -23.794830648574546 -25.109145507534123
2 28 0 0 0 -11.323282269800957 20.824541351189378 -20.347751693412484 -2.7063061307719636 35.58100829036185 35.05241829391706 -19.707586337872826 42.47409623611719 41.272743821068 -3.7767737339098426 -6.5414254543721215 31.231314228082457 6.775146753033153 -23.774435414886327 0.17478981521998804 29.81152017201979 10.892165468383574 -18.663194331918223 21.081297939834762 2.0334733473291156 17.595677244744362 82.61455221256871 10.941268123918949 35.699858767488955 28.946572271862134 -17.771567191993746 -17.7822179681214 37.097349234194596 -84.23228479502657 -39.14837178960243
3 42 0 0 0 18.928174409827847 45.930207058235425 -9.445682324211155 17.80882912388735 36.73170061499519 48.83936238170081 -56.06575870642641 32.64323310175384 28.44312809934162 18.00775319196613 39.448781934599886 18.73470373542139 -8.303069069719196 -33.81208742103898 10.366241033200327 -2.012122642579609 -7.157281808920409 -17.58816781255583 7.186153538714471 20.304514240973624 23.61994390716447 63.71258661993226 14.231065766828022 22.61423448625035 44.50441265137078 -48.458301997772196 57.62361839676858 38.662203779136775 -91.74315464301891 -66.68583902874624
101 1414 0 0 0 -55.76481238557961 175.65169488897666 -8.166918562254915 -71.08304535461288 -11.491172031066068 150.90250176794197 -114.03184036544424 96.48353901169124 46.09637102879751 -50.44577887271253 71.39898349693865 44.8225079248318 13.758122900558421 -18.83817462119556 -91.6483717618669 -34.10034937863128 -60.063007154311435 -17.61849286503744 107.59329515241316 4.757224251136455 160.46364605214686 85.16450816569423 -22.174643900671175 43.939610401533315 2.0786382910925014 -64.19713047182347 50.20358034502697 0.2780989385244119 -157.56987317171735 151.39342482614867
201 2814 0 0 0 -30.479406034880686 172.1686728080786 -36.04860873215263 -52.81690588054685 -25.75343406151053 164.47755387036378 -139.93785675131105 113.73307090559827 87.48916815064928 -48.980311991050726 72.47853901397853 18.138145217705624 -14.49705522643506 -30.449329258424434 -106.53270440141847 -71.06801317317078 -65.61569192950782 -40.187691481367786 149.80099308104204 32.82374342159516 178.03101098230937 53.43517360832991 -39.2514762362627 6.725037658449781 5.751478895776743 -76.79656078405993 72.64335731415956 -21.275312202306253 -167.4798015892826 138.27577384911905
301 4214 0 0 0 -33.14418497498318 169.71828572474618 -40.851659035866255 -46.59114121732911 -26.424462393131446 163.89978993375894 -140.9832476381156 115.54522084561927 87.1324312594326 -49.76164763247557 71.28030755680886 17.06786331097055 -15.079280800438182 -31.528585222548426 -112.73793118403913 -70.02957158631656 -67.4118986992662 -37.73357537733903 152.5752839295869 27.743109250105544 178.53868644636609 52.35506356268813 -41.83949556252407 8.82419630903656 5.779513921427479 -78.34277834252003 71.52071687197352 -22.099151646812096 -166.33742960138463 137.96285642228958
401 5614 0 0 0 -33.2300503887307 169.58676782062017 -41.08749082379024 -46.70237175241841 -26.280211234187433 163.94821468652697 -141.0318471959509 115.64381025670369 87.2577645937709 -49.99095095234861 70.96666384951436 17.016584381924822 -15.03951373238619 -31.505548535980864 -112.82446974364376 -69.99264206366783 -67.2633492320179 -37.72300522146182 152.62311210368546 27.706305738175477 178.45832024109785 52.66941433612927 -41.82882491978836 8.828376592355285 5.921652747799368 -78.26087664045264 71.61369039997936 -21.91432464483617 -166.30708240048654 138.32111855873623
501 7014 0 0 0 -33.226379067513214 169.5854228027801 -41.089682512202685 -46.70391014126389 -26.278782441348866 163.94498130717932 -141.03393596067653 115.6418933835973 87.25784625835632 -49.99328769357235 70.96471044975794 17.017407388693197 -15.037599553917943 -31.510399977719214 -112.8216282973206 -69.98977437719482 -67.25944801620125 -37.725238582542566 152.6277446626828 27.709998982325562 178.4579686441119 52.67059076710668 -41.82540603863501 8.826899923809172 5.920789106350465 -78.26446239450712 71.60974156489262 -21.918168417716522 -166.30893768788036 138.32291462921745
601 8414 0 0 0 -33.226358276421976 169.58545928998325 -41.08970766282891 -46.703915726127704 -26.278694176502984 163.9449426864556 -141.03403173674312 115.6417524894532 87.25786425441929 -49.99314786676693 70.96464749832072 17.017469997148588 -15.037544805443558 -31.510473131260948 -112.82163333158547 -69.98982913379598 -67.25953745615057 -37.725281131689215 152.62777275754067 27.709985087011102 178.45798452176172 52.67074388237049 -41.82541764851144 8.826975624391572 5.920759581331179 -78.26440904606491 71.60967071769204 -21.918044410745182 -166.3089952684274 138.3228789851477
699 9786 0 0 0 -33.226354979895845 169.5854592296678 -41.089708614181866 -46.70391384781772 -26.278695627547197 163.94494161168865 -141.03403046543573 115.6417513301719 87.25786402567994 -49.99314759109595 70.9646491586978 17.01746973244545 -15.037545687484164 -31.5104721713349 -112.82163112974887 -69.98982914229502 -67.25953607435096 -37.725280868079146 152.62777007153755 27.7099846126516 178.45798580303406 52.67074307290954 -41.82541780778761 8.826974317228661 5.920761971146683 -78.26440970467321 71.6096704989554 -21.91804769287079 -166.30899290092856 138.32287915209406
