% # columns="iteration, evaluation, void, void, void, xmean", seed=47, Mon Jul  6 00:48:46 2020, <python>{}</python> # scaling_of_variables: 1, typical_x: 0
1 10 0 0 0 -2.8082511097010885 -35.82887406586357 -4.410121240700374 -36.521337011607706 -18.243956910463748 -17.88747868588937 32.851791599154446 -7.549909206396464 -52.46844319967724 22.922743527692734
2 20 0 0 0 30.164919131045934 -27.1900121503632 -11.160444494589676 -42.86299066674294 4.797559599714624 -17.141902319059287 13.400273434628854 -25.216737563113814 4.441172663608668 57.736039623105995
3 30 0 0 0 36.87760762587275 -100.40214256268783 7.798108310523503 -31.576623146158894 -27.05078870412628 -34.55801533312235 63.81597724138875 11.19177194273971 67.54362283742059 78.5021146491092
101 1010 0 0 0 12.790573769147832 109.38899864900573 157.52846382089834 -54.4669973787827 0.6852165851895136 -121.05687773369968 -84.98508767668565 -8.937240629593468 32.623954961634034 36.47158932427745
201 2010 0 0 0 13.578307997586702 109.38639927130254 189.07374109733115 -48.63953920587093 -3.579627397320281 -127.50875205166916 -132.1962054253897 -47.58447923611859 28.72287930362417 41.09021678694165
301 3010 0 0 0 13.390600723677718 109.4250566757963 189.0464478259862 -48.5906183167981 -3.0983886687916327 -127.50030978467022 -132.10421363185316 -47.677953735088664 28.727721106947246 40.88356217422615
401 4010 0 0 0 13.391301016793982 109.42557744001724 189.04677012167087 -48.59083101809283 -3.099284463550225 -127.50033706599244 -132.104980797332 -47.677479224747266 28.727922563864556 40.88406499179758
501 5010 0 0 0 13.39130137273906 109.42557770297222 189.04677037974326 -48.590830801934096 -3.0992848252892844 -127.50033707799192 -132.10498076803628 -47.677478849738456 28.727922493964368 40.88406525060204
560 5600 0 0 0 13.391301373952595 109.42557770040679 189.04677038064622 -48.59083080058165 -3.099284835763042 -127.50033707743812 -132.10498076634934 -47.67747884842042 28.727922493106803 40.884065250032364
