% # columns="iteration, evaluation, sigma, axis ratio, bestever, best, median, worst objective function value, further objective values of best", seed=695541, Wed Jul  1 17:14:06 2020, <python>{}</python>
1 6 1.1815196775748789 1.0000250003125026 704.7664684769402 7.0476646847694019e+02 709.2780193005334 726.5888009927268   
2 12 1.4620877465989957 1.183584829025678 703.5709006744456 7.0357090067444562e+02 710.4706694303555 724.489907749355   
3 18 1.481147728948467 1.1754555534425457 703.5709006744456 7.1435832388294170e+02 724.4877599213429 728.2196444240477   
11 66 0.27565556112569206 1.3075554777414455 702.1944640771379 7.0220218469966960e+02 702.6946226463737 704.1079640740264   
21 126 0.03388509778201007 1.3160330612511524 702.1709097838785 7.0217090978387853e+02 702.1718445155983 702.1738285191251   
31 186 0.002538010261786347 1.3054277187229215 702.1707903255295 7.0217079032552954e+02 702.1707907453522 702.170791100942   
41 246 0.0003769670585022492 1.3134030482686738 702.1707902583104 7.0217079025885880e+02 702.1707902635941 702.1707902709425   
51 306 7.979358889612064e-05 1.1343131068296588 702.1707902573768 7.0217079025738815e+02 702.1707902574074 702.1707902575222   
60 360 1.804092236303416e-06 1.350811441911193 702.1707902573767 7.0217079025737667e+02 702.1707902573767 702.1707902573767   
