% # columns="iteration, evaluation, void, void, void, xmean", seed=695541, Wed Jul  1 17:14:06 2020, <python>{}</python> # scaling_of_variables: 1, typical_x: 0
1 6 0 0 0 0.012635122668026903 0.056964189400825024
2 12 0 0 0 -0.0018086074656769244 0.12958541190892203
3 18 0 0 0 0.5245953227861606 0.5420512672647517
11 66 0 0 0 0.45219657288824766 0.17069711880914457
21 126 0 0 0 0.4423299384584524 0.19322478624596112
31 186 0 0 0 0.4419353884488935 0.19195904384449503
41 246 0 0 0 0.44193077985791 0.19192873707542588
51 306 0 0 0 0.44192698481089004 0.19192385798979156
60 360 0 0 0 0.44192784714824124 0.19192406733358097
