% # columns="iter, evals, sigma, 0, fitness, xbest" seed=39, Mon Jul  6 11:42:55 2020, <python>{}</python>
1 14 52.32050285165861 0 645390153.9777433 18.242595762384006 35.40463694222474 -4.536589646875901 11.040859427504376 -10.155066381878347 -74.08607853153603 62.89505405683305 -59.693659435814695 63.42691660497043 -98.99278201620392 49.03886239839271 49.21870946063397 6.262358412327752 0.5064466840852336 33.06225092803097 2.203881896285004 -65.24070199509045 11.89276767212606 33.00734818818679 -29.648408320171242 37.38875817635309 56.90251247431666 -95.45861963374506 26.63371049647658 -42.8296181867522 -4.363180897115903 -2.971550001100015 -33.020878056411874 -40.678006903130424 -1.6711198000945287
2 28 56.5151842516606 0 460935562.3647883 -3.561932314647862 60.683361177013964 10.970954481597355 38.049107606066336 13.747240956630485 -10.97789561895135 -8.09423799202463 -96.26910091976536 8.100334032916896 -84.08722027424 43.4133622011 70.44563774456562 -45.98736928964985 -28.469184945324276 46.292122622814276 -44.69640569254431 -99.99981581683056 44.20077113315852 96.16635934868219 0.8056770975731011 -19.07910151586421 97.42256914665556 -98.04193618421692 62.133581451672924 -55.283894361024835 43.78770401659084 68.61798846712588 -17.398127864709906 4.809765943846543 15.20697732533094
3 42 61.386234429208216 0 150928429.84052616 2.550735849271298 -6.739310038577202 90.42133364402719 9.778608530542805 -0.9642815503098046 99.75508880718962 19.797138704503354 -71.80812333627986 -34.68883222484489 -63.2759046628272 70.87241270972697 99.48107213976157 -49.44595082870246 -55.622190919969896 97.19768168899839 -96.15324758966571 73.5507353224697 -7.865772824578576 14.94570966827095 -43.909496617625166 1.4296155923740876 58.71410074751089 -25.367089275121288 37.682869850693045 -76.59672609009195 80.40973848140747 84.21778588032421 -99.06399554256231 98.92727495078539 -12.818966544098476
101 1414 4.916248288586926 0 15576444.500873704 86.19470037417642 -52.43899027649116 -99.93191802217522 41.505108199320716 -42.659291099414204 30.102430839652005 77.27033659066976 -44.96667895757443 28.653637476751697 49.79749419768021 99.99404788878492 -63.40274958729489 -24.048564558600845 -35.95305799503214 67.57771952584702 14.081415045349416 -12.096162619987608 -78.00883891080036 32.896887266280466 68.76119744867344 31.931071075805317 98.69143189648881 95.881772701088 -37.64880994093946 94.19312415957461 -62.36442060744533 99.94171205487251 12.76306608834346 32.49837787654269 73.23165338121214
201 2814 0.18492452615937702 0 423346.5536083237 80.89429945607493 -58.345646039864974 -97.73515156743173 50.83727642816362 -27.505282782665795 34.951606565919356 76.07735027537817 -56.53346969608425 -14.136491879239117 39.643099607263984 99.96127940011644 -65.0471165782582 -22.98910106763543 -26.13832240436714 65.41081559987444 -1.5711857302520968 -8.61418816615021 -80.07971907376685 47.42595231040245 76.97128439463933 37.389049922512775 99.46749932819313 96.84590761628269 -37.22714851772008 91.60682028897344 -61.71477596808568 92.92561835662806 13.134996997685601 10.311944242139589 62.84518036003712
301 4214 0.16582622966856875 0 310021.9611868576 82.37689275513948 -62.147357832218354 -98.5602148173249 51.23785062420177 -27.068852104379946 33.913950843371914 74.62749096865238 -58.78505803886107 -13.532917556953379 38.24358788734415 99.72139815838857 -75.80018248322037 -18.61338087117258 -22.068980447224003 65.85889746766424 0.40656548366919765 -8.239984355216208 -80.77024639205598 48.801745180544955 84.35800633467551 41.00767016687798 98.77348613308916 94.01252755680343 -38.707309666437965 90.6750428940011 -60.136221968594164 92.28845725402277 14.626620993821904 6.596944012150715 63.824649241822236
401 5614 0.18480728436097066 0 277830.3259035689 85.90365680368285 -61.19183386041818 -98.41766003033634 50.93140377077421 -28.661766228740053 34.58215007144477 70.79876577224464 -57.09671081066296 -17.158492951430986 38.092012420946055 96.15630513454838 -73.06872147599003 -18.670999075991404 -25.529429421608242 64.29438424125746 -0.0038009029685213136 -9.486679790030099 -82.10128532493808 46.63095356321897 84.90369378355001 38.49206644251765 99.22384877052139 94.02131038213753 -39.257956303512486 91.11747236546988 -60.64990884413508 89.88218392028415 12.581503633338793 8.324736298750196 63.03868768457954
501 7014 0.36065925985833347 0 162247.63678968797 92.36734482194066 -53.7151697318299 -99.47502046894802 50.72723645534717 -32.41650790875302 35.10433915022538 47.473980068744524 -38.75301589072701 -35.34417953011996 36.57770520644575 75.43467275666079 -49.28680404855177 -20.541626652716957 -40.760431951106305 60.36369081517299 -3.5082637466546487 -14.806941413310867 -77.32906057552336 30.291579138688547 81.24803639848193 23.97940461826448 99.96706007883188 96.65703154768077 -43.487020653143645 92.21801718874876 -62.45853856888314 83.01437925056868 7.777620201694444 21.705066435121154 67.25735937248119
601 8414 0.05778858221698963 0 132904.00354409064 96.23542679873022 -49.674212533570184 -99.87274218730856 50.9500117871398 -35.463179307442466 35.585776314698776 28.4271085866842 -25.935017480546502 -50.197860198969664 34.700752529608394 58.65571129271478 -30.733578788493475 -19.45870758340891 -52.349777097452765 58.312362554791946 -7.778497982340667 -17.081359194306803 -73.16544523069268 19.20544105443032 78.31741724367566 14.266379033658012 99.75098142443105 98.60950316909883 -50.11514459266826 94.27091622237975 -66.03111700621386 75.90452189414506 4.988208485394615 33.237754599510765 69.94623060163424
701 9814 0.282539325582407 0 128748.47599962013 97.78310438450589 -50.06191413274009 -99.74468477347901 49.47124447561757 -33.36902486250476 34.1897411218108 26.79464130411518 -21.988004107080382 -51.32257173492653 28.719248611365877 57.18405640897321 -29.462428642299386 -17.504245719951513 -53.02590407106783 56.78216263341696 -10.394594506065346 -18.416401175521457 -67.82739054959069 19.967302180491227 78.15398408110076 12.968615271705302 99.57280936680466 99.5873213250949 -50.328773315813436 92.25096272047293 -65.43097384735539 73.26643129867915 3.5414537146616354 34.23123580303681 69.21964091002677
801 11214 0.32301294199644753 0 113146.26585923621 99.17367650155023 -52.22663742890834 -97.56608838145753 46.02042818938219 -25.74245566792288 30.005618487938325 27.49822075498247 -16.13050412376477 -50.60456897891984 6.435879040964428 57.893114432211824 -29.70898068644931 -9.039321695310093 -49.501356819089246 50.966383513520555 -19.205886560991843 -16.28651511617678 -46.13593863377869 26.000837724041208 77.36552136068764 13.062284534287267 98.67171404075246 97.45506794931568 -54.33362684414121 84.86761060859381 -63.45392317408191 66.49284580797868 1.5668733426512043 33.744743469772516 61.29218263947083
901 12614 0.2793643424752903 0 87651.78443113863 92.96284940984745 -60.785983399043936 -83.32952064775542 32.89758979005836 -6.343538989032232 18.416891565860265 28.18663248664429 3.573453102137484 -49.23454626179924 -53.53800787991068 58.74624292750861 -31.39042313634249 14.404543887869153 -42.153883863862575 33.780040828737185 -41.51133980592209 -5.233107147655086 12.288210142697352 39.11222663428888 77.11118755040758 9.742510389396001 97.29164566943757 69.23338503938757 -63.12068589541147 65.26724491031526 -52.00494515726303 48.84482579948374 -6.882129199488683 38.47580309934594 43.896148922357355
1001 14014 0.18212148987423718 0 84421.4727696832 85.04844877941079 -66.58257706843571 -73.63136446636139 27.28831903856377 2.6672212846450716 13.57484289436397 26.802352459929878 10.904925066565502 -49.97904822337122 -77.31071577265571 57.61657729427795 -30.271063800567333 22.177054537892616 -41.42792735683495 27.245691468617594 -51.63230689401564 2.07577678496566 36.981460137300246 44.813541228610376 76.56766651536077 7.482997985287797 96.59518645448898 55.11650118314523 -68.87396032369108 57.003443925163694 -46.50983620093849 41.023420143930394 -10.796567446605806 40.27039072922827 34.46228208049213
1101 15414 0.5576835223412786 0 65488.10847333708 58.12369167243298 -89.48803327332132 -13.829014634117243 7.644660498852431 6.054066016598359 2.7865157113723367 25.49915139077178 9.793619811809442 -49.747688112834 -71.54238190977665 56.847172206041 -30.130550167101944 -4.909657690795967 -59.18437353588147 40.13693128733365 -51.02023160045158 25.427892238223624 32.53930989016354 44.831238737815994 75.26481661493546 -3.1013634154287435 93.96269063554007 21.879408591957514 -77.1555031647321 37.911440969040676 -31.648413071430646 45.48301279329186 -32.548189328471814 27.35252918621859 -6.014548650987076
1201 16814 0.17118310709428747 0 59409.99820237496 35.643713922731024 -98.62369109258321 30.58310126047425 -8.96279407771695 11.169172722961687 -5.180691329287899 23.408221849137647 14.519275850189436 -50.197543247441274 -72.34261321262846 55.30646382523616 -28.48663838869598 -22.924454022674297 -72.18427925827663 49.10456334891401 -54.75058336603888 43.73107388179548 38.40036476324596 44.99249947055751 73.16031569605434 -14.867963697007168 91.09275769407964 -7.6365752354981 -81.38767371772107 21.515130854533716 -17.99066783900091 50.65910257064954 -48.83016026173258 20.430851181787858 -40.930434256555266
1301 18214 0.3293542391172229 0 54542.4807369239 19.862258879549245 -86.08965402221841 29.05681631351399 -22.113826723683957 16.064968410999505 -16.878652491325884 19.958084707418653 34.291622238795945 -50.209424404697415 -72.04766262686458 52.960483441911954 -26.721309555627926 -19.70032499557874 -73.86579664956504 53.17135162213077 -57.340954597206434 38.93013411315186 48.3534391266509 36.889916478030024 69.54477611698428 -29.810674796069637 85.26165618269343 -14.258894393731879 -74.32666774859709 4.168481795818916 -10.59753980760695 74.1427888866256 -58.24051736143145 24.509599687872196 -44.0160790363405
1401 19614 0.793231379662039 0 47007.538294226106 -2.012750186381652 -65.41634061844621 28.501651792741285 -57.273172967755926 19.579792094083203 -32.64035571234925 8.94459249630128 74.26596721959179 -52.880083455596036 -62.904245402243745 45.00393255385038 -20.028808079427705 -30.93940096679617 -90.02415949011736 81.84865056851947 -58.72926283193692 28.552901555994726 60.386622637620206 35.324600034495795 60.842648505893806 -55.978590309640836 71.52527817974608 -42.81442665785622 -71.92495203644032 -14.374472173023902 -5.614183704194154 90.76738379460215 -62.88940545787147 20.161461623824948 -51.26653902297121
1501 21014 1.201560962180573 0 22676.773839029447 -12.133660897728078 -43.89842238821922 19.32059401038495 -69.26351521014453 44.37767387187077 -37.530724807415965 -17.4641205945909 99.84026843220538 -55.793851432869644 -62.26158192248966 26.563999880229947 -4.9885546327817565 -98.81535565143608 -93.81570408573702 19.024787611775274 -36.18721012824514 57.32914918555609 74.43345951291033 76.79528946246654 36.10086420454206 -75.14898468008079 32.3444829748504 -91.15023113902846 -95.90382434021723 -34.6092898792894 -23.393841949233185 57.21301373868974 -31.346412364599082 -6.079506670152199 -55.47429358756919
1601 22414 1.090054777116157 0 3589.299385295839 -44.79908376598604 -8.466715022115665 21.647670314684234 48.66082490349788 92.47434551164775 -54.67788087109059 -59.937612286130374 47.44190282874533 -60.06067430302514 -58.84528034283662 -2.883225207082198 17.203124809835685 3.2933180015231245 -78.29768263612175 -27.929783724184517 -24.624088547626116 68.67534880298261 58.4599185641097 83.18623933424922 -3.597803464824324 42.62972198267397 -32.53751735888361 21.76694915054011 -90.5599989072528 -83.96635192167153 -38.89011783616912 60.37299102088028 -29.899742962688553 -28.363727893764008 -58.66266576184438
1701 23814 0.24274454544116097 0 2455.9721776024962 -47.03634874577065 -11.77685699791337 19.175064380764326 46.43699253879538 85.68363083809137 -49.85782711416818 -62.26798332484805 55.42622933881802 -60.64719561982787 -68.5628840366354 -4.584526464438706 18.538776879534623 2.2844651908553986 -73.69653588965876 -9.046030344254774 -29.160590601310446 55.034279177449285 42.58956647917418 79.82241233785646 -5.324984312206254 45.05270816354556 -35.359778528479765 20.42551523062011 -93.19414335740379 -89.22003928824269 -46.19438730013663 60.49462143757438 -47.836221406027406 -25.540861672153795 -56.76356402443074
1801 25214 0.11851973870532964 0 2409.70064639093 -47.05705401272277 -11.269385837942053 17.87392029781489 47.11122824595026 83.96884874313665 -48.98265519477315 -63.04572481421699 53.88811186893281 -60.87071981601906 -69.30256286647639 -5.162426155651924 19.076280642186305 0.20623988131353121 -75.60985797044351 -3.9842365273342466 -30.03101544371853 51.283076563026356 42.23666687816896 78.55670338194938 -5.91499890161009 43.9001553514469 -36.23588234002584 21.808752823481584 -92.82615436376057 -88.90794838924919 -44.1126751445366 60.348730206736406 -50.00483396205711 -23.346421532176294 -54.8176043119207
1901 26614 0.08793263021249033 0 2371.61567807484 -46.31171450292433 -9.824263956842884 17.90066830849335 46.361683332684606 79.76267022641105 -48.609955567710806 -63.882306526548234 52.06298300724791 -60.89470539297835 -68.84603973598423 -5.727408404184213 19.49085660359316 0.9738771579167725 -75.21630402973824 3.443393225515166 -30.934419144557097 51.93027447456508 41.803282642134576 74.73283902760124 -6.7750383910980645 41.51081856953843 -37.642590935802666 27.577500223746203 -91.34031363464231 -90.42390230612357 -42.300527950115566 60.56746690378691 -49.67808007399391 -23.60038608449875 -53.940929142596765
2001 28014 0.3013843603937941 0 2341.009179994926 -44.95925378171512 -6.612459028443681 18.530957979678533 46.511641325495646 71.65063237834792 -45.88091399877383 -64.06714992703307 46.75650392487967 -60.86050078366458 -68.60794909639696 -5.8367265047102705 19.53357117703078 2.0229984561248893 -75.93989460369217 9.573848130572514 -34.38859662087478 53.264925725526815 42.41776694641061 67.42186477003509 -6.986573409603636 43.31275942596173 -38.027615675747505 34.416549068335954 -89.48802681752665 -94.0819310549112 -43.43087589704786 60.64827059854099 -49.670890620739236 -22.721448866132533 -55.118251575457755
2101 29414 0.2953767871507942 0 2270.092881856088 -43.57041090695844 3.7589313955873536 18.67197585139968 47.05267080607638 46.26656565297412 -39.178910203360196 -64.01326974633197 30.96799942754984 -60.81468748668698 -68.32167820714206 -5.787946289475086 19.487490278356773 3.443561366480984 -75.7316580837719 16.47332202358217 -45.28540638973158 55.54654750699963 42.26248291511854 49.201131552182005 -6.9949169842773244 44.22217497603464 -38.04615484471958 45.90465415584405 -84.38582906339059 -96.80903354516028 -41.6346867168185 60.24744726167782 -49.06926779495789 -21.42122030763656 -56.39512126365945
2201 30814 0.14174498428685617 0 2150.2440029638647 -44.20361959618927 30.43293722143062 16.93170247068508 48.400164117044085 -14.251302299636109 -25.044520578420567 -62.97593750959992 -14.874395708037355 -60.77535380642681 -68.62954932902258 -5.086510766553257 18.964608266081513 5.33472603028972 -75.0921129306305 20.747289736100612 -72.21141474986152 52.332758016388674 41.077291552561064 6.90923687455836 -5.942836453238101 42.906096102902524 -36.32965669872831 64.18348082176722 -68.37951183132014 -94.05401667346588 -40.750474903646484 59.53800771364243 -49.032355152095754 -21.575826373652603 -56.09106044038551
2301 32214 0.032877613924857454 0 2126.9140765792736 -45.48996843919147 39.53266484974907 17.7954035778493 46.62204876001039 -26.877821591071893 -23.566267546703795 -63.41143237085023 -25.140321326682226 -60.837965326669575 -68.44688232019548 -5.3951881036113125 19.227611887053712 6.679829647816001 -75.55463616566202 22.96428859699367 -77.92278484107081 52.877242591831504 41.53065633614597 -1.3961094897558155 -6.340055412012418 42.35103570252858 -36.94664697627283 71.19899008105412 -63.05773547229052 -92.0642447228661 -42.62310217302089 60.28872086782488 -49.486774167315374 -23.22640302164379 -55.889621321370655
2401 33614 0.020981270862361606 0 2124.9334285060427 -45.87010518132831 39.70020769997109 17.813817872841554 46.29237604246475 -25.770084428503566 -23.556023009315776 -63.50873380189947 -24.51400065328221 -60.836891285159595 -68.45373362879539 -5.460791420911387 19.268223856676883 6.475826549645501 -75.54235423597805 22.932665898250832 -77.94653567109768 52.78363239911623 41.722288813049744 -1.0403207816768827 -6.441271728085496 42.35258447851095 -37.119282831413074 70.78947562417522 -63.15091482680975 -91.69475115669267 -43.59835760434519 60.13037269481774 -49.247294897969475 -23.20065852943577 -55.874732689643395
2501 35014 0.03276805020214439 0 2124.0372745516534 -46.10277647517378 39.32962116994625 17.976880198358117 46.19127524830424 -24.760465960171672 -23.534767593438723 -63.560485319589816 -24.117227103605785 -60.84444730412642 -68.30556138466505 -5.497045081202068 19.297663186586874 5.716048308837121 -75.66093712155937 22.937337944534107 -77.89948006473784 52.762066234783546 41.96071079893511 -1.0651440360884408 -6.485780776997387 42.36327599506109 -37.19059607660211 69.8740374308913 -63.108704945898694 -91.53322932801076 -43.77722802500738 60.316426749740145 -49.15588662858663 -23.061839286677213 -55.82358139331397
2601 36414 0.1065508509313495 0 2117.1654852214942 -46.064551129054195 33.49852816678256 17.956717052784256 46.265433196386255 -21.28451294048736 -23.498573177231066 -63.67700995406289 -23.48342163359669 -60.86665012228002 -68.36030725717528 -5.580929459130199 19.368050823783193 0.7548722596730585 -75.65243616340582 22.95931074243478 -78.02554511301719 52.74273011688779 41.85711960456101 -5.195142730573025 -6.583940215730934 42.63107254968065 -37.34407620819732 62.57890328669105 -63.1821527110431 -92.0040208109061 -43.35314891582589 60.3301454447317 -49.28807807545361 -23.380412796296355 -55.90695077354498
2701 37814 0.0906568158862932 0 2107.6841788085017 -45.7871440221293 18.26346886907433 17.883996876658557 45.97498231835539 -10.274083202150791 -23.539837060536914 -63.83924855428585 -21.634664756359285 -60.87328289198962 -68.24070077221823 -5.689908332447373 19.452526894421965 -11.139422464889167 -75.87212063983992 22.929949221167874 -78.02177286475455 52.746163726087204 41.85902989804319 -15.670528394156861 -6.753631720462749 42.78956478456743 -37.61795174664228 43.178248744273404 -63.09667833565953 -92.15419737027771 -43.21498723432661 60.16446396018901 -49.19782797994013 -23.46799864854478 -55.8395080088782
2801 39214 0.06151001470653355 0 2104.7562387207618 -45.89472788206476 15.193602984411001 17.898444332184965 46.47614191797567 -8.667863970618129 -23.576862545083216 -63.612978333135345 -23.39389558518525 -60.85938624056121 -68.27978485764771 -5.5365538606068725 19.329224779904422 -12.559332909226077 -75.86182098817346 22.910250598418997 -77.95532779373758 52.766103468436725 41.79864903616169 -19.749506762134587 -6.52294497970945 42.25763245265125 -37.250154411008126 40.15912502848313 -63.140997607475185 -91.70328934785623 -43.596937651857814 60.289123542499226 -49.360355316098946 -22.93925621033435 -55.85998528925742
2901 40614 0.08483277806749426 0 2097.2061927848345 -45.95790211270102 14.784415056923962 17.94375555905802 46.2994196681031 -12.031434504751644 -23.60670711381143 -63.623492771323434 -39.96439910917678 -60.87036717042517 -68.39328042836634 -5.545642509765266 19.341202441488974 -11.120676474452281 -75.69887141760358 22.953019730244904 -77.88596982839724 52.85619084257018 41.84709649457062 -33.65446127331526 -6.520382280070464 42.244952931302805 -37.24327277531081 42.279337985393795 -63.091078114465176 -91.55268108148964 -43.906120441492895 60.427013207642716 -49.42698597087407 -23.05795662978636 -55.843225743615804
3001 42014 0.04179998437189818 0 2095.8844312554766 -46.04624770513041 14.05797184627599 17.958717333957253 46.212079353127535 -12.751727889895562 -23.55623574626966 -63.73698576166823 -45.44120635781053 -60.87001291423255 -68.33984327877135 -5.621836742578534 19.400757029537715 -11.273127402167193 -75.68919610091682 22.93502182165875 -77.92528039785469 52.768387032481215 41.79441461573751 -37.36302098056376 -6.64645278522903 42.437658997508464 -37.44381874036054 42.55578185142567 -63.13973968956407 -91.68750666624858 -43.71825763272489 60.25541643995237 -49.28713473327677 -23.000725329008617 -55.86697351702614
3101 43414 0.13312036254010415 0 2094.2124500867626 -46.04841613680108 9.682494164950015 17.886200639622757 46.29284090880128 -9.935123651414273 -23.61270638961491 -63.75985358311452 -50.29640106852813 -60.87057754773363 -68.27759108425408 -5.6369439750673225 19.406009482302267 -12.346689216541868 -75.75342602351805 22.87352475107565 -77.89989987240438 52.84010739152232 41.82891805564532 -33.71472445132278 -6.666643328025486 42.530672475135674 -37.483660256302414 40.805230835076344 -63.10166710505996 -91.89125896956891 -43.5235034809479 60.2325522771788 -49.21732286272506 -22.61776607743525 -55.85768131236817
3201 44814 0.047054256077859444 0 2091.462057402046 -46.02830443582272 3.131086996858528 17.942782337357727 46.245263372536215 -5.3107263070073145 -23.566355008314368 -63.7370531848661 -60.32271752797274 -60.87146289884805 -68.29527086914845 -5.622406422475821 19.404256379142026 -13.114365837766254 -75.77583812434827 22.923153386140854 -77.94967418801014 52.7910199850853 41.819233198558095 -23.086984265723743 -6.645950343989966 42.37569337865966 -37.439846728302335 38.50879494463914 -63.10963627992578 -91.72479640628686 -43.751989708051255 60.30836132177359 -49.31846749423591 -22.999016412861607 -55.851718045789795
3301 46214 0.09307568982298008 0 2090.1314814668012 -46.02193829603229 3.981261552466151 17.996416977766188 46.1549148101692 -4.995478934156097 -23.57225469816054 -63.686565454839105 -61.67978403577459 -60.8548730974253 -68.31864517816672 -5.583733909360223 19.366753672650447 -16.849761698574277 -75.66437799114155 22.922901000579117 -77.92522175273493 52.76232561679251 41.79542657573111 -23.482165573072905 -6.609656724188596 42.45983873080212 -37.38839366035118 35.38430956948902 -63.11819103741777 -91.65231715241002 -43.60782076953568 60.32913291039611 -49.299909075029774 -23.11586391701411 -55.84881501668753
3401 47614 0.006922523696237656 0 2087.953105613712 -46.06271906979643 5.307653596627375 17.93273091758425 46.12344685322802 -4.481008788714178 -23.555855229430165 -63.70106762912715 -61.8025313732052 -60.8633010922328 -68.37867520090894 -5.595814342181155 19.377540201727527 -19.809908935840223 -75.62720220865698 22.92484824643219 -77.9475805045036 52.760296871849995 41.76031910038884 -23.293214143650857 -6.614956174785277 42.35617355300042 -37.39606879120333 33.036278798786824 -63.14764311024675 -91.50056888427457 -43.75983278138604 60.23790567509664 -49.291553990683276 -23.2043028030358 -55.878968482613026
3501 49014 8.759743544199898e-05 0 2087.940557677082 -46.05365479647489 5.267748867088869 17.92664438624041 46.12760632103317 -4.468088204762637 -23.553418031873672 -63.70013647901128 -61.79250790972125 -60.8628743943697 -68.38189827449757 -5.5951085920353885 19.376896543909623 -19.8276904116194 -75.6206742520619 22.923612816556982 -77.94515537880838 52.7619089541277 41.75567275698572 -23.267024952147437 -6.614389768850515 42.348912671089266 -37.39520197405815 33.01429054035383 -63.146562620311556 -91.50336228307569 -43.744786962228375 60.23534518968074 -49.29086918692151 -23.202768729527065 -55.87682210273539
3601 50414 6.359149877442405e-07 0 2087.9372729862735 -46.05361673644083 5.267453769697255 17.926697230473792 46.12742338364359 -4.467713928047317 -23.553414311869428 -63.700105647289554 -61.79291056994677 -60.862867505059114 -68.38197285818897 -5.595086831260106 19.37688098775172 -19.827211497109296 -75.62057347759519 22.92362360755459 -77.94514686376473 52.76190179899476 41.755643280384476 -23.264394607675456 -6.6143652504302395 42.34898324544679 -37.39516012601555 33.014625997726746 -63.146580295591946 -91.5032304295922 -43.74474817277129 60.2352856633743 -49.29086410439603 -23.20273120938532 -55.87685096037688
3701 51814 1.7517356695316907e-08 0 2087.937276966993 -46.053616583196714 5.267452897031518 17.9266972353671 46.12742389697382 -4.46771425260053 -23.55341432231716 -63.70010552913798 -61.79290725846195 -60.86286752453961 -68.38197260062381 -5.595086762592911 19.37688097851739 -19.827212392507708 -75.62057355398836 22.9236234336349 -77.94514709216827 52.76190217262598 41.75564323892229 -23.26439482745357 -6.614365122458082 42.348983580210756 -37.395159871149865 33.01462430876214 -63.14658005034522 -91.50323072575067 -43.7447480756296 60.235285429114015 -49.29086375647573 -23.20273099812792 -55.87685089288584
3801 53214 1.1758159233603353e-10 0 2087.9372579672436 -46.05361659957268 5.267452930163898 17.926697234297563 46.127423889886586 -4.467714305135161 -23.553414322480307 -63.700105529966386 -61.79290750150082 -60.862867524668104 -68.38197259539247 -5.595086763153739 19.37688097924999 -19.827212347833104 -75.62057356495333 22.923623430300154 -77.94514709593696 52.7619021754234 41.75564324364805 -23.2643949605837 -6.614365123428911 42.348983579390506 -37.395159872427854 33.01462437816531 -63.14658005299367 -91.50323072181567 -43.74474806104546 60.235285436793845 -49.290863760580784 -23.202730999329503 -55.87685089987241
3810 53340 6.368265774543738e-11 0 2087.93725755884 -46.05361659955864 5.267452930658266 17.926697234198116 46.12742388993013 -4.467714305671933 -23.553414322446137 -63.70010552996143 -61.79290749997355 -60.862867524668474 -68.38197259540988 -5.595086763151116 19.376880979249847 -19.827212348077403 -75.62057356486667 22.923623430295123 -77.94514709593324 52.76190217544222 41.75564324354599 -23.264394962006804 -6.614365123423056 42.34898357932161 -37.39515987241688 33.01462437788415 -63.14658005297139 -91.50323072185206 -43.74474806086322 60.23528543671378 -49.29086376053904 -23.202730999336183 -55.87685089986599
