% # columns="iteration, evaluation, void, void, void, xmean", seed=46, Mon Jul  6 01:02:37 2020, <python>{}</python> # scaling_of_variables: 1, typical_x: 0
1 14 0 0 0 -18.346826077686963 27.27670728640287 38.32532257833118 9.351028445889371 -8.576186672326125 -11.765771155718946 71.07590743941812 -25.79774229109723 13.83107727695334 -13.409474625054575 -6.852328551064332 -9.001337313020382 -6.587676645879658 -48.02123382487155 -10.842033902857732 -4.261083511387531 -16.29027350993715 -3.156533886911887 -8.491567144076706 -8.532654220185167 -4.0112047890671105 8.399623624943104 47.36834344624708 3.004332015038263 -5.18259854654851 -23.146597285129147 48.64343934523925 -5.150585163039652 8.170671700322822 -1.4384008529315722
2 28 0 0 0 -30.378430451250267 5.345167573029251 103.05405595779803 -14.171600096502308 15.539451245095469 49.74272981052889 67.93629607783834 -9.498917931921504 34.3698230196789 -37.9472521431959 6.940915160169286 -13.307370156160953 -37.4280233278138 -61.560114475279384 -64.06276074561083 -39.86217156382828 -37.976997753746694 7.0617441877275215 -72.49298725982035 -19.656696719640582 13.086521021580737 4.903338588233012 79.04907111121747 -6.409801940347712 0.998584739731438 13.146193573563082 72.89903488783798 -10.546444721573401 -18.096457853532826 3.489939653992872
3 42 0 0 0 -1.6189887186411234 -0.18038572997687563 106.4212784896397 -0.14109849476456304 -3.3663514077401135 96.54853619456159 57.23973141511879 2.238447494893677 53.80625698344905 -115.19577340365655 5.937159379331598 -27.58862726461094 -19.844434412424135 -25.539281486239673 -87.81407916106886 -21.937222155565927 -42.84249038767403 31.16328822517505 -88.02284039569462 -37.94089614009789 39.82378467224342 -12.225785745151732 60.840520986889004 -36.37798702478439 0.9977421417849612 -7.229607777787113 70.42900203466685 0.2014653781127489 -63.137850221892805 3.524899807307262
101 1414 0 0 0 -9.972101562752618 24.113144787305238 152.56825508391452 -17.267438500320726 -66.99883790558063 172.98328988761793 52.943094710503075 -5.81908302048228 -10.087561138040597 -181.17663476215677 81.03339894734462 -37.83558399370596 -16.618436196563316 0.9458278531994143 51.21028528823758 63.65732172298301 -102.85600399528789 -105.73151341276215 -68.37806132037925 41.53335002504591 -21.325879018794236 59.816307574673274 89.18046355855336 -8.184945334320522 -113.28852552085316 -104.11379125625677 163.01831144279797 -46.50955090938845 -194.20263926522102 74.0069054820822
201 2814 0 0 0 -7.004081999130595 23.24373146054478 149.73806105564196 -18.539097422369743 -67.80264401696789 175.07843707091385 49.444720793725196 -8.248281639059387 -16.295805798917506 -179.37171011711405 81.49474175851643 -47.496422689349885 -16.62911761970815 5.900476391549565 53.84157545678343 64.52441174474022 -103.62124550562099 -107.5148865324255 -68.3249286495193 48.661674994544 -20.417237874633365 57.43115584925141 90.97651924322895 -5.381021680250848 -112.74178388098767 -107.61789241382868 163.85208498557148 -44.8200720584597 -197.49678053222624 73.76224108140846
301 4214 0 0 0 -3.108609615981535 24.31491711683811 146.68810492083645 -20.876644011877886 -67.77813427464774 174.93545659135148 40.065760691769356 -4.345588335066173 -21.889133001231468 -181.25577615984554 74.43955203733796 -56.89542956789005 -15.885203758473072 7.862282037239833 53.572763753323144 69.75558770629537 -107.47003947668465 -110.6736077147181 -69.85895410747366 59.559135591638345 -19.09498374065785 57.22995526994494 91.57743348188437 1.0972182175874021 -114.00629469099292 -109.92178369369655 163.3045722684548 -41.28991636187183 -200.51529219927485 76.73715051254794
401 5614 0 0 0 -2.9982645196907414 26.206669154015877 147.31205524404902 -21.84680982877027 -70.50828860590072 175.72097234845145 36.88097803187196 -4.420106918013017 -26.98968063897691 -182.12033368199968 70.9029598920634 -51.34192129673067 -17.268689056066954 6.937493497985751 52.87994645103861 73.26338902554774 -107.84847560111557 -112.26702544143497 -68.85309352310308 61.321803682849705 -19.640821535033865 62.6227513895375 92.2672034533368 3.3864253410565124 -114.01231211634966 -108.98432541726172 161.69204066288302 -41.307856171844975 -201.5209187311879 79.91632474333024
501 7014 0 0 0 -0.7291378510164481 29.97097540682988 154.60352941746646 -27.313927419570735 -77.77210166377228 181.30066982387274 26.43049140184929 -4.388326308861641 -41.76235924546962 -186.66501651372127 59.65020083300118 -35.20278849893774 -17.376393816538126 4.600380921649615 56.90764470388241 79.5443181587708 -108.42855339177345 -117.45597417843692 -64.87716601086753 66.40850862328125 -18.95169510730842 77.50996801923726 98.36183178090222 11.990536566821223 -112.1119526384626 -99.88059404027027 155.14695351930504 -38.1039565154857 -200.4862761481123 88.05901585731665
601 8414 0 0 0 1.172564428391115 28.45107001972665 160.6216148945538 -30.076903216162314 -81.12966057357707 184.43803329341725 19.429461720966273 -3.3903591625553653 -49.44906742332559 -186.95371976880287 52.84392346997729 -26.927518968410688 -19.340705338091972 3.2636781711161276 60.41130980669903 85.54110814580099 -107.79175265387006 -122.36916176017957 -61.7792737015821 67.91249733918549 -18.108840693530507 82.39020092961465 97.68931554887982 16.3612198208165 -112.94427764278814 -96.57355215234824 150.92488924071375 -37.26762252272408 -201.50485484439633 89.72931962390545
701 9814 0 0 0 -3.416985529765564 8.147911082330412 187.60830092523364 -24.10847677330055 -75.36473009279699 198.46646297557717 5.642246090794508 -4.538325325698984 -50.42827967786794 -162.8026639575214 43.44182127295881 -20.2632156645453 -16.02766122292788 -10.10698452252901 47.12528227997166 93.54264741989938 -105.65380435667004 -144.04573373371602 -61.53067799538221 54.76674567826725 1.8642616168507633 60.44184018717651 92.99129179540631 24.394007753264045 -120.87449537184972 -114.23164761901424 150.4016837780633 -54.31997107097455 -219.4626389095059 69.10150254542745
801 11214 0 0 0 -13.719466752668218 -42.80201415923862 242.2848834251459 -15.794142650310931 -73.93944195932252 241.1552885330783 -30.820361776120222 -2.6728033565761278 -55.98671418200705 -117.19932721977142 17.65480985616388 0.651405002566906 -14.511330835974942 -42.06376987669827 25.511983927365915 121.55177118520437 -92.6909732175933 -196.81896735687982 -63.023582316120674 22.52993158818697 43.3896573500376 9.118841211677088 86.31367334688767 36.45824593371012 -137.048076340376 -147.4040905757367 142.02742254054277 -87.51241116708965 -255.6856403625515 35.90223021342784
901 12614 0 0 0 -5.075218212071482 -60.16913345208093 224.13382195922043 -17.540948786096614 -86.61201483255859 255.05888162896062 -52.94666564727679 3.109521018745478 -59.33717478435433 -119.92010854753184 1.9965832245968151 13.749868048591763 -18.99448375410435 -47.618098530652006 31.209089063619935 127.77231121358588 -81.8378136039555 -210.31760924240947 -65.04947077393666 2.623285356801273 56.32063307644083 -22.123148132132073 82.03544538619286 35.05738584787002 -146.09419377845362 -147.25907690570867 141.4625951437759 -82.22648433079709 -270.45804519179796 49.76733198703948
1001 14014 0 0 0 7.146437055156469 -70.205657136777 199.6330406633045 -18.80271508349697 -99.97388481541996 263.43243184306255 -69.62452320751362 10.623992896692357 -61.824507564910434 -134.04285326325436 -9.79227917284494 22.688023004011367 -28.173750755593034 -53.265620965171045 38.66879304654782 126.82780012079951 -74.99243970643383 -219.7391897168672 -68.77700625806061 -11.688689056362898 65.37468435500121 -45.59275676695992 80.46029936254465 30.338815063018416 -148.64976459349867 -139.62228022389783 143.8390937731343 -66.57157030044928 -276.81845181597475 67.62896626848718
1101 15414 0 0 0 16.438791047084365 -70.80721892558128 201.90699375507472 -23.77423457722854 -105.5915486556577 278.3379883960234 -67.37392196997077 14.637801246711266 -61.425565328735544 -142.68321371592373 -8.198614191220912 21.49784293136099 -34.81329897615458 -73.67877812843733 37.81201869468938 121.35045687251268 -65.89361377036712 -234.688998643246 -71.95242634820887 -9.852404201166458 71.04367013500494 -42.53683047199075 91.10590650081757 35.99025465862649 -145.39227468273307 -132.53118782617068 153.96912978732476 -54.70668901508886 -277.62838510514507 71.84975973905144
1201 16814 0 0 0 17.159262636255143 -70.34105990943736 194.15552666283955 -31.889721408955843 -111.03715515430606 282.9453750297276 -64.4349964133555 14.115688165186969 -61.04828285202745 -137.85136738813392 -6.14223662354641 19.89438811983204 -36.32551230853022 -73.66091457902401 40.36765246276638 117.33954463954589 -58.91147486983667 -246.6870055085942 -64.9780192804857 -7.214094860600681 71.9444752376305 -38.26889806846483 94.56654228609915 39.0470143471357 -145.10205849150174 -128.61251679284572 156.30416885939403 -51.045326081820164 -279.82469517345714 75.35892929094184
1301 18214 0 0 0 17.001595405445585 -70.10575519989366 192.29780745254433 -32.00254018247399 -113.16223556319522 284.74272103026817 -63.59328412699529 13.16287755439985 -60.84484610062161 -141.49502205023592 -5.521042517670801 19.34458821391286 -37.15632380214545 -75.39501874559244 40.90411229315276 115.67834592033704 -54.45632496797163 -251.02817115559841 -62.506896773152754 -6.54683242911427 74.36733006002667 -37.25526648178667 94.58646314969504 42.119816223002424 -145.70815287974574 -127.32808379146834 149.96477920940762 -49.86085572529429 -275.3170386346122 75.9441334950931
1401 19614 0 0 0 18.844655861465792 -70.3224640773255 191.71586487941906 -32.19243454549446 -112.98320842719278 283.99747725893815 -63.501126539317525 12.299418015576169 -60.846361085329754 -142.14330942853059 -5.458994841942611 19.275029599017248 -37.389337046444865 -76.08070407569687 41.63243961718073 114.39262881062767 -54.77306554151822 -251.75977436919038 -62.126480904996896 -6.42336007662119 75.74598434526331 -37.082041309846424 93.61379429750016 43.707296323394026 -148.9062566730196 -128.1779571237821 149.72851814492336 -49.39739939241952 -270.4742904253066 75.77013405662083
1501 21014 0 0 0 21.672289147224916 -71.2351672256432 192.0857243090074 -33.13829316955748 -113.94155337139483 283.58830425345735 -63.61244087860536 10.914624054202553 -60.88062914353517 -141.74851277931566 -5.5411790603101805 19.355585082837138 -36.795726885431115 -75.41772733371494 41.01717282315128 114.38213502627991 -54.92061590028759 -251.61645840622 -62.308240830669384 -6.5116977132268214 75.91773206806643 -37.209847055797226 93.50666231923636 44.05521269870173 -146.9600162532014 -126.49704056914315 150.02146688398048 -49.1843777977916 -267.0460848768347 75.03867432845911
1601 22414 0 0 0 21.99501668051602 -71.07051436153463 192.09428039456452 -33.38152752288008 -114.53301679027126 283.50803817035035 -63.59083946045106 10.619655929802807 -60.84945991100554 -141.68536320327414 -5.518456301651826 19.316168121010293 -36.25929686675262 -75.23974246211378 40.95294819519704 114.7066489072468 -55.020722506002826 -251.84108121458755 -62.11349620758706 -6.513216367387435 75.5615385795747 -37.233138551338044 93.34443700060801 44.10230757250463 -146.25372389464914 -125.48501092517056 149.616209895621 -49.23334612909842 -266.8488055983204 75.11107035881311
1701 23814 0 0 0 21.876710489095952 -69.48731921698338 191.98818637188106 -33.72061510683566 -115.48838227268203 283.4121513211465 -63.5615596579777 9.142748630977419 -60.82713336899772 -141.77379609286675 -5.4933813202504185 19.297718682464676 -34.82624745165729 -75.71259742950689 40.89356006117371 114.78856726011405 -55.120621275961845 -252.11264167730536 -61.34899027905661 -6.5185882495678555 74.68917874142609 -37.237179872140565 92.70011333452479 44.07650320678335 -147.052187496061 -124.16586596556807 149.33624073378306 -49.49829256337328 -267.01293857515054 75.12733680393407
1801 25214 0 0 0 20.223803322462512 -62.59883979366085 192.26745458735513 -33.8336044446316 -121.93239549001133 281.6238059113964 -63.70698695237169 1.160230867808842 -60.84319010468492 -141.4173288386924 -5.595424305179707 19.36605700537614 -25.76838558643738 -75.62290543047462 41.32157227131165 115.87818257358589 -56.52774343671393 -251.65864790670045 -56.048057939939866 -6.641683580101061 75.41751574447775 -37.44802740417026 88.80780910731856 42.779819566572485 -148.32012871039282 -120.93346061521052 149.71296136104542 -49.84252379893262 -266.4841661187471 76.35506516485012
1901 26614 0 0 0 20.730052321910517 -42.13421661767183 192.04195856479362 -34.09553090955715 -147.42760302806033 274.7540708586075 -63.618932652796076 -25.362538986791613 -60.872461779930006 -141.2107817679395 -5.543807088941022 19.356381864047812 3.7490472748655352 -75.49676360986105 38.363004925725896 118.10872700063105 -61.24721754445625 -251.3997689921601 -45.671211759072925 -6.527931792766612 76.97313275529753 -37.235124549719536 76.8377747820903 41.07430041338637 -146.7253758163934 -122.1985169610728 149.73084330041337 -50.17449061373846 -266.77635499697533 88.60763193404597
2001 28014 0 0 0 21.628943684043474 -22.00951285546364 192.11796958808694 -33.75285018895447 -174.1347124300895 266.8423720018419 -63.67923225430322 -52.05783955456825 -60.858928404013106 -141.7442135844765 -5.580579845302083 19.369910611940284 30.30650187437181 -75.83841263617954 35.80665763746876 120.04335257081486 -66.58184852349157 -251.64215250236373 -34.67838222836564 -6.5986996536291995 75.33402362717231 -37.36472941032566 64.84490370923619 37.67135628919623 -146.67069759658895 -124.39738025788567 149.8676277538033 -49.579329705983184 -266.9565516940559 101.5135910095598
2101 29414 0 0 0 21.589802085197462 -22.02371977477615 192.12138627611964 -33.613776824682425 -174.61121134788368 266.83798005459244 -63.73253722564999 -52.48362123939267 -60.86766518681483 -141.76930867366238 -5.618277055976794 19.39767534425086 29.718045259879414 -75.665577689428 35.80337174349025 120.0062574921426 -66.64397222101141 -251.965013525415 -34.26621713574317 -6.644205143555989 75.43250853252424 -37.44028201044924 64.1557632214585 37.64960336666154 -146.60665086556386 -124.46759399312462 149.83014759404665 -49.222725222576834 -266.8513528648473 101.27080670955134
2201 30814 0 0 0 21.506995971319686 -17.206473842527544 192.18395090281624 -33.66921211639503 -179.96005393603818 266.85020432446686 -63.80031878766459 -57.48913230636648 -60.871597232251055 -141.83084354304984 -5.663957858170325 19.42652490247488 28.046124856630513 -75.68184323253394 35.84382327537191 120.02856763661279 -66.65048972764968 -251.97536142555848 -30.853255741803945 -6.708625217035935 75.47419754997618 -37.55168685385628 57.26157124467576 37.658270149460016 -146.30927358438817 -124.41479744547398 149.79029063679243 -49.17865281603207 -267.0051431319085 101.09590263604126
2301 32214 0 0 0 21.72109884740427 -2.51353849645089 192.10519100965914 -33.26012922437105 -194.23558431810213 266.8959723212344 -63.643774017368344 -71.86650353578773 -60.871367464172046 -141.7522379648416 -5.560844127111935 19.356952751335708 17.402310611516285 -75.62021040114983 35.84848666886597 120.07340956854972 -66.56005819417794 -251.85919694370722 -19.432231888000555 -6.544880731183767 75.43476569603173 -37.2768322888888 35.74673703342265 37.65868575506419 -146.2723805410402 -124.80318543854938 149.84731693086835 -49.27287246731583 -267.02602266766496 101.12770818705604
2401 33614 0 0 0 22.018051129853674 4.50958508351534 192.26970157308173 -33.18182013617991 -194.64402066056323 266.8801808412315 -63.727740381879286 -71.28348693950407 -60.895294487562566 -141.78521738978736 -5.622504773338887 19.408368706599866 -15.063620736753064 -75.7619658564291 35.8342391202879 120.05162379643878 -66.52750298002952 -251.57681964067643 -13.82831774074339 -6.604559173724987 75.34006397421813 -37.371944591974646 20.894272947261847 37.62693738171523 -146.3237590349772 -124.53968384209148 150.0125128083915 -49.405501367569016 -266.81606773300365 101.13497929055085
2501 35014 0 0 0 21.86293867892783 3.8401543671742795 192.1192308075139 -33.31580959256594 -192.14207636069037 266.8442657629281 -63.73806344419659 -68.6687323323239 -60.87551075514259 -141.68053233930303 -5.62366156019424 19.401525318200285 -26.63463533791101 -75.62538235735916 35.83406393057413 120.029026739028 -66.65669822580995 -251.85439055100673 -13.661978299255932 -6.638872193268556 75.42587594122752 -37.43350054788149 18.609687264011736 37.65374557203286 -146.4891780475972 -124.47601994413188 149.8842311282279 -49.33072138939897 -266.9738343134094 101.23638590835262
2601 36414 0 0 0 21.853546336965813 3.84715673397873 192.12422858889823 -33.32003441089296 -192.1351200443406 266.84999501162275 -63.74026964357769 -68.67338028756461 -60.876333498150274 -141.68261128820927 -5.62541836328422 19.403207142716795 -26.646491327863 -75.63220356273557 35.834784809980135 120.02517134134018 -66.65208604051118 -251.85183278958377 -13.660320651126494 -6.640295121139731 75.42718002477275 -37.43547930061397 18.60585146175093 37.65500578074355 -146.49978699428434 -124.47186587274982 149.8887641966304 -49.33155692625219 -266.98410819658267 101.23267794491369
2701 37814 0 0 0 21.85363549763006 3.8470060949731972 192.12417844418727 -33.31997061663843 -192.13506255590093 266.8500145121255 -63.74027615318584 -68.67328178642093 -60.87634280464758 -141.68264598495142 -5.625425272899862 19.40321361763492 -26.64640023111341 -75.63218174371481 35.83484443853307 120.0251576321679 -66.65208861779821 -251.85182765396004 -13.660406074694025 -6.640289704897399 75.42717776091484 -37.43547038749984 18.605916794167726 37.65500911269917 -146.49974767889705 -124.47186623356325 149.88868697469965 -49.331566248540874 -266.9840275883853 101.23264097217006
2801 39214 0 0 0 21.853635323229053 3.8470113141940807 192.12417666811197 -33.31997015016391 -192.13507059446266 266.8500124318055 -63.740275713163065 -68.67328762009488 -60.8763426051556 -141.68264602770319 -5.62542491911749 19.403213358790417 -26.64640276130689 -75.63217992524864 35.834843820479534 120.02515806574941 -66.65208969028876 -251.8518290754112 -13.6604028037294 -6.6402895073588795 75.42717602514759 -37.43547003403044 18.605909143262835 37.655009008442654 -146.49974723448116 -124.4718666077086 149.88868651779103 -49.331564427304535 -266.98402880129584 101.23264425671645
2901 40614 0 0 0 21.85363530746232 3.8470110936824478 192.12417663989604 -33.31997014920778 -192.13507031814808 266.8500124235619 -63.74027568215252 -68.67328735602229 -60.876342596667385 -141.6826460006198 -5.625424896430204 19.403213340225875 -26.64640249357147 -75.63217992371803 35.83484385190514 120.02515808624591 -66.65208970503141 -251.85182911191393 -13.660403010115818 -6.64028948476816 75.42717597693316 -37.43546999768421 18.605909542436677 37.655009016310565 -146.49974725150312 -124.47186656341472 149.88868651969523 -49.33156443259824 -266.9840288259058 101.23264426267374
2941 41174 0 0 0 21.85363530733844 3.847011095351241 192.1241766398297 -33.31997014917581 -192.1350703194869 266.8500124235015 -63.74027568219073 -68.67328735725641 -60.876342596687685 -141.68264600048644 -5.6254248964602525 19.403213340256183 -26.64640249534946 -75.6321799237721 35.83484385184489 120.02515808614329 -66.65208970504702 -251.8518291120036 -13.660403008744355 -6.640289484781928 75.42717597694914 -37.43546999770148 18.605909540370146 37.6550090163741 -146.49974725143827 -124.47186656336147 149.8886865197433 -49.33156443269314 -266.9840288260005 101.23264426280232
