% # columns="iter, evals, sigma, 0, fitness, xbest" seed=46, Mon Jul  6 00:57:49 2020, <python>{}</python>
1 14 50 0 8355028824.870472 76.27261729155771 -14.71739126543015 -18.52938679948315 93.63925311497742 77.02578448765196 32.23680270671304 -60.55087840921137 -11.459071460199572 9.796434015627122 -19.088932101664557 31.59899884512779 -8.229515815852242 1.5937327416375404 -10.085431694830413 -10.370918201410507 14.751644179005813 -1.4920740436660986 -99.96683348134694 50.10617187259552 -89.00709634385649 -31.3970310826805 -4.295635183969491 -48.04155768698305 -5.5566735560852605 46.74277801014312 55.35406472242141 -77.72455801603593 8.826751613669446 25.403815373522125 -98.95349443494
2 28 54.63599726964339 0 6290101213.472816 35.083692257337525 36.14479405338574 27.470536814311714 99.75165470000317 50.288068051122906 29.062416280483895 -27.05752824527462 -37.39627354713868 95.28474552835772 -15.967397135128701 -32.135081719348136 -75.83826839608477 -27.98502228417366 -98.2612353550227 12.431504214308898 60.67299074084268 21.418781721384825 -81.53471280629887 72.3583627659028 -55.16869737870847 12.578892876401298 -90.9053742086676 -48.03731764353269 55.976794514505286 -15.167709905471845 65.9286019550569 -33.53040349179 -26.590276289002926 -77.48552172922624 -30.592483932850257
3 42 52.03541181550902 0 4359256308.062097 5.743088013803266 53.791066359133964 -16.506409553890308 18.93506159841854 89.84845506063994 -88.06078295432386 5.890001291460928 -1.8009085792109527 47.32017560150451 -26.042109048012406 69.60409540043449 17.461235844336304 -41.01835195194087 -51.79380252314965 -16.265244123872975 -58.61723090908928 -51.5221441900365 -4.864366548309235 58.41565930874225 -62.51117304634459 -18.949753979847074 19.877388305645795 99.91950218087699 23.074876129854147 61.46493950876409 84.935186239482 39.48943946090712 -13.699359830728167 -98.01776396125072 93.04886736157928
101 1414 0.048795554055288515 0 145896.19794709742 51.978568517486536 -5.352290887852126 -17.765905895852043 69.9425991050226 18.10192452881082 43.590902632892806 1.3757759179357343 49.055649253381546 -38.24745301562851 -74.82522985009291 -99.1974851661571 -43.7571134728498 -57.91863853518453 7.4006492207863435 -6.883679520209896 8.99406527704107 -63.601985192312995 21.553455340715573 83.1901188476273 2.182212021453741 -99.55653658960395 -25.31796802199343 50.597056587159244 -1.996214901117645 50.63939029786017 82.79046849537484 99.88239720002093 -25.062934548188235 -99.93031492022325 -0.0560494657855016
201 2814 0.0036641150209061673 0 138516.5912765364 52.00545177775783 -5.287682672220901 -17.687755492901488 69.79522524697609 18.19420891070292 43.44099448188429 1.3424972944726465 49.10288158199579 -38.31326958817468 -74.86825905280043 -99.20285050380308 -43.76004854236712 -57.90994515466557 7.459060444315483 -6.946973775559587 8.946603839020284 -63.629388353048384 21.557010207632004 83.3328061776473 2.150073865177862 -99.58080109925385 -25.35002394237583 50.463695212270714 -2.011641979716675 50.76230514645062 82.83089300765398 99.89177989917464 -25.076590689678977 -99.91998850400829 0.11190120130746144
301 4214 0.050188256830111196 0 116328.58406636577 53.15824390253138 -5.209831909087486 -14.796757159419654 59.07066043377844 18.122815643744865 39.02616141639539 3.669693789507548 49.30578426233245 -36.15444289032047 -76.8654126819487 -97.69016921387008 -42.84268440946858 -58.77228386356031 10.621434376169763 -7.067765799289574 7.448994377931802 -66.55126420745827 18.367929852947185 87.17475417863353 3.425431313259791 -99.82972439409379 -25.498602411777632 42.16859299516129 -3.0031491007660276 48.87637863233536 84.1546510036563 99.77835480646961 -25.28206758766757 -99.9830843682451 4.440768069670085
401 5614 0.01937208543609237 0 34809.77496100105 63.22684627865772 -3.095020262470434 9.903132805571937 -32.2458976783139 19.692947452381574 1.6949302358139466 22.69150579348987 50.48286918756267 -17.552582887042348 -94.34526528458534 -74.09412938064716 -32.884350585759755 -66.56085855144586 36.32070210763716 -8.214775769730375 -2.7314144906278246 -89.05961585334742 -7.4779399331902425 92.80429249564514 15.203576060514353 -97.48386424032299 -26.3439441578938 -29.068471064608108 -11.528040420439313 33.915963521835494 95.81255170311125 96.2836679576037 -26.99644047751078 -97.63572037196417 44.09844766233892
501 7014 0.005865956272263831 0 33456.25148627137 64.28118089094488 -2.9459229151907813 13.135855800697584 -44.221513390122 19.85119461634022 -3.1006332635269143 25.111233046882283 50.759408509610026 -15.257096679171013 -96.47252154714522 -70.9189186101959 -31.530160371474857 -67.36935986233344 39.576120462950115 -8.333156355868656 -4.067000227544081 -92.17396816767877 -10.850627307856172 88.76691249794658 16.553869744923663 -96.46319935666241 -26.489993419735036 -38.33412110076558 -12.419211727140532 31.89858392441506 97.0242083883938 95.54871053569204 -27.17834697312631 -96.87358924928428 49.35702237335792
601 8414 0.0025605880155870724 0 32413.64515785516 65.33233169962742 -2.863346001798006 17.743903413160808 -61.8854477289773 19.966924126447395 -10.128031925588402 28.58860401353781 51.43330658282 -11.991488204645862 -98.58769308978378 -66.0974512207944 -29.74099830404105 -68.17867082624666 44.56835516772116 -8.453824992558435 -6.047899266132289 -96.540568621622 -15.562710872145885 82.84169149051908 18.515981412887474 -94.51915716284097 -26.899678493378122 -51.738159137679965 -13.308902758391598 28.866354157995914 98.24157449873611 94.42936915094207 -27.358256422961706 -95.66047284609122 57.31680825937738
701 9814 0.0013947231050683857 0 32084.678596320027 65.92366080822268 -2.8965387358886536 21.473334431000122 -76.2621398563636 20.02107451884968 -15.817985897616522 31.311061249823744 52.13622455521183 -9.399344127647993 -99.59105024692292 -62.07898298200121 -28.38038322192737 -68.63205408754489 48.71938279474031 -8.519145050541715 -7.665872673888414 -98.89537777366401 -19.252468038989463 78.03859496427796 20.052192766230664 -92.74662475056058 -27.354357537771865 -62.63208570494058 -13.811020799201447 26.342392987546802 98.92289094837275 93.49603604357819 -27.455700771201013 -94.4284324327072 63.942725834138464
801 11214 0.00036019436788289964 0 31971.458825433605 66.28587784007817 -2.978642203012924 24.771108321197485 -89.05946162666811 20.035276031817705 -20.857370118524226 33.668090435769415 52.83893369085258 -7.177463641219305 -99.97660008687396 -58.42339657825224 -27.241262090597 -68.91217918688025 52.49684766474552 -8.560930083652815 -9.099172990941835 -99.88385041391864 -22.416229011348207 73.74999580400075 21.387089739870884 -91.1311482751176 -27.855045384476263 -72.33812458462553 -14.118144079904127 24.0748770685483 99.34380273994553 92.63585630566176 -27.518740102565054 -93.24160008536944 69.91808192656384
901 12614 0.00022292129721465168 0 31965.90060871894 66.33634287707423 -2.992712863782943 25.347604535441235 -91.30695389883493 20.031638264184405 -21.739851205208492 34.07469677262459 52.967094737090164 -6.784985052692207 -99.99553612283073 -57.769895186349856 -27.043779200807847 -68.95064970527828 53.172315681721926 -8.566272843772719 -9.347689051023966 -99.9525958200373 -22.961114216429905 72.99453839726527 21.61854303946925 -90.8450556371411 -27.956035687708905 -74.04771224228263 -14.16135432444437 23.672651218716798 99.40208335727476 92.477203805912 -27.527727685123402 -93.02373026857856 70.97499954291179
1001 14014 0.0023764141246741563 0 31917.321474140455 66.26658394188857 -2.8877187404947513 24.973305471668397 -90.00214409582836 19.96582900999959 -21.208130814778883 33.89835919227194 52.87137173691003 -6.861661967552749 -99.9915804656052 -58.00393607878365 -27.128507420336913 -68.89748968403913 52.93575216733473 -8.558330133061851 -9.181111889991175 -99.89751503412424 -22.575269886441617 73.43842488122334 21.496934816460687 -91.06333460766801 -28.00654943787518 -73.13039812397707 -14.102905076573892 23.870131358797742 99.32173009249237 92.48759654465681 -27.516170875680896 -93.0488978346508 70.426013169678
1101 15414 0.0017558685169566518 0 31368.682193413308 65.9274928261556 -1.9269944649162747 26.264070545302197 -96.66760110582105 19.147135206898184 -23.680366390258243 35.747583089074936 53.0479265267721 -3.9668698751285945 -99.81833210154396 -54.42621187099826 -26.240887931569052 -68.63664071368503 56.837921744446746 -8.519639370944544 -9.646887029893426 -99.89618589126782 -23.402576714339915 71.26116317023985 22.350600194784302 -90.82992216887669 -29.51170471115066 -79.06479795589624 -13.812257539528195 22.23901857191899 98.92593498647123 91.04091774077392 -27.457267970610204 -91.19497784699104 74.42574887940646
1201 16814 0.0009422440437050823 0 30975.739005582083 65.55360219840568 -0.5080367174371859 30.567406053962745 -93.55620337414173 17.815098442790376 -31.07099046252896 40.23969901820611 53.86552623911708 2.1029310574933504 -97.52334468847421 -46.23277704863898 -24.067478781214373 -68.34822851180272 65.64617664745246 -8.47806968944038 -11.358310051115842 -99.9703090318705 -26.83658968833842 64.81187659240862 24.622243369337717 -89.31539494363966 -32.27834141398711 -95.17157156583035 -13.496956006660252 18.0596925234985 98.49613672697978 88.1280186696448 -27.39381658287793 -87.42101824086356 84.9483808546555
1301 18214 0.0008684747772817813 0 30495.220811232077 65.14877912499145 1.159411573213058 36.69496000790098 -66.1306018548027 16.16693190062704 -41.4006131135599 46.30895293227338 55.07810198998914 10.060145049464154 -91.1184785689378 -35.27606913611021 -21.131782650147876 -68.03675561119822 77.38383032985479 -8.432349674187288 -13.811933652488326 -99.07548055408597 -31.83708669436919 55.80519860748197 27.742361463307983 -87.03053679134153 -35.78881583217897 -92.68749795194752 -13.154868258627955 12.360894000437613 98.02791646590414 84.32537270179775 -27.326102483325453 -82.48002982272952 98.40518343081176
1401 19614 0.0026353156063856987 0 29784.431544823583 64.42438026563346 1.3251335364086412 35.96179415009476 -68.26954761144697 15.366333039831964 -40.259217370976245 45.903069619534875 55.193418318991164 10.411098653728544 -91.04564676949525 -35.05211421435516 -21.315002584317106 -67.4772530549543 77.76755309436892 -8.349478234398942 -13.312833304441469 -99.61154467860428 -30.496820249923672 56.54780277366109 27.644476695698092 -87.59169316964665 -36.45662339622129 -93.77143507035117 -12.540111594862484 12.403617049676575 97.19028723562722 83.71421969864197 -27.202118289704334 -81.76963669554998 98.16128197433784
1501 21014 0.002207794051649096 0 28593.40830642496 63.038035968919075 1.0716830722368702 35.0966506166805 -71.02084897035118 13.989702585043196 -38.57346780110565 45.08177802068935 55.71737393900087 10.657770173605286 -91.12071337305879 -34.72749544690819 -21.74563313720063 -66.40304220440326 78.3907590645606 -8.190934960426935 -12.588167702573088 -99.97885854302993 -28.29670158457236 57.46346787054085 27.55261815567204 -88.28537251103818 -37.49536458070649 -94.99158581802072 -11.365727388310154 12.324090913013208 95.58546209199847 82.72190106354604 -26.956880916234233 -80.45555818927745 97.94109273082417
1601 22414 0.005065172168156373 0 26612.069243276957 60.004697643557876 -0.08073145369586505 35.158629699120986 -70.2473227849436 10.946174224868624 -37.4448844428303 44.13466578582338 57.60439904640567 11.8602486129206 -90.48613973044661 -32.40674935337205 -22.255057989131075 -64.0667739506773 81.41596204020537 -7.840438939974254 -11.819204635464365 -99.77551229826693 -25.048090758573636 57.125982052392146 27.990471735365343 -88.7384531115402 -39.85969155570767 -92.47554076306955 -8.80489463065581 10.935914474079306 92.08263279923162 80.140436225451 -26.427071018517484 -76.92777851954085 99.17478293105438
1701 23814 0.027540866690343793 0 5965.887399203626 22.269402608375998 -16.39436725062532 29.96066926949176 -87.21053732587811 -25.867415268623468 -13.03233979870196 25.475995336177768 79.60321244829507 18.816970354643985 -89.3309782597229 -14.389727073649766 -31.21654670910101 -34.99888865874661 99.61173855924369 -3.5597925742973033 0.3037422405830812 -64.74462309709777 20.184833632549783 61.41135501472749 30.173283202235737 -96.6896353541142 -65.94101218861988 -82.437364235371 23.179746324978424 -0.6514112741854727 48.45073153376916 51.47310565454115 -19.99168134036777 -37.49167063130927 93.00142924773232
1801 25214 0.00021532740697230568 0 3219.121878462758 9.46456382383289 -21.489256706350336 30.36810501390909 -83.62358137755224 -38.699132249937975 -8.358682834495129 21.069563946893833 87.4920216153178 23.640419071610864 -86.78984336423125 -4.881755651007694 -33.256780672003465 -25.130767186683514 89.62616990285346 -2.131497195274692 3.6021757611840886 -53.48202013545589 33.61434810755105 59.81240168158038 31.989261143757098 -97.99011704822603 -75.80588996197491 -71.60418055542925 34.057141880164274 -6.474534916109688 33.63311185007103 40.68610815310615 -17.799524171548157 -22.725584720353872 82.83723361383076
1901 26614 0.001643491375393928 0 3207.335880108239 9.30357287565593 -21.463292302856527 30.517510160087024 -83.03469091350438 -38.833116145325235 -8.583893007812597 21.236662312868603 87.60638396121387 23.846050056510165 -86.61074142079806 -4.486491465798025 -33.21485968121134 -25.006436871075497 89.19875864111373 -2.1135134688846873 3.5644195948337893 -53.45078014466007 33.720252721967995 59.6466367915595 32.12863713797274 -97.93042153343433 -75.92291959701282 -71.05000631589346 34.19368459927079 -6.629606500282428 33.44692636220424 40.57426995596374 -17.772125421010095 -22.57107614632255 82.49528121550333
2001 28014 0.01590322109593515 0 2746.2774382337457 6.927847012153904 -19.79589331254701 31.3918816928887 -83.24671776519048 -38.99449228964144 -10.673430297663643 24.832382079049754 88.7787599918892 24.2027390726129 -85.45778053927181 0.327130652148071 -33.21072486790497 -23.17674160652826 84.90462912156204 -1.8456990204368295 3.0673400798830897 -52.27170320076979 38.67002508912242 61.02632353457247 34.84945154351626 -96.03084777942867 -74.92795181277475 -70.43496739918754 36.20930487483447 -6.230140559487706 30.698934183755956 42.63543261629526 -17.367029799095327 -25.006255633329165 84.0638318845794
2101 29414 0.0009588893208605655 0 2180.456308859868 5.027179873160435 -13.619614200160939 33.15097830006568 -86.87107283750375 -34.88899598767009 -17.0759500617407 35.4590724702518 89.09122813783539 23.01179365534051 -83.74639508902133 9.062915519446705 -32.51650578202607 -21.711614009929363 78.64691092305671 -1.62942166861907 0.8616144527898828 -52.74356944866725 47.41085425308668 65.95250377148716 41.17501481033171 -88.9764019396067 -68.86903840070948 -73.96686889296956 37.8194929129662 -2.9281513726360835 28.50140118174658 52.117378634067684 -17.040447981708205 -36.822108877241696 92.64670079701105
2201 30814 0.0031002079805205517 0 2175.5072592636507 4.965750748767192 -13.667378330343109 33.06881097365897 -87.27745390515013 -35.12831268829455 -16.90491996009468 35.3274824901 89.13228552150902 22.98857343145997 -83.7675842248273 8.891735361131623 -32.44664675664612 -21.66424669008646 78.73760241452345 -1.6226365353497465 0.9501475545571982 -52.71643569089152 47.581283126465195 65.92520053517799 41.135931168568035 -89.02437629746659 -68.83920920522407 -74.08363627561405 37.871719830729376 -2.8829631735233203 28.430321659705992 52.05923676410041 -17.030097486296693 -36.9138792167916 92.75210099479887
2301 32214 0.011089901815299452 0 2062.6512351090787 4.889432734997172 -13.840434201113254 32.50523813645808 -91.6473502128763 -41.63350397125812 -15.821572470586842 33.482485313398165 89.34830671114885 23.98205842060301 -82.7833387036801 5.115317164876188 -28.745036295829863 -21.60514135300152 79.7885873692129 -1.6142825917329766 2.4029781036144686 -55.291641145620915 48.9140199413732 61.86271056437337 40.853898795223074 -89.40365464890448 -67.34596954902248 -71.62491886649568 37.937140705075585 -2.3308284094668923 28.341311656809925 50.604050827952 -17.016557374220938 -40.95720332844898 92.64735297451608
2401 33614 0.00234832568762789 0 2057.7348438898753 4.8493170805124635 -13.646901689567347 32.32921770135997 -93.2238547332241 -42.093534992676204 -15.62968868560673 33.55505932893729 89.30242398361243 23.74333230797842 -82.83200649030302 4.647017974147445 -28.39942513520745 -21.574628553756764 80.04978999405876 -1.6093405599100268 2.535956133782509 -55.47489002050939 49.57256083198067 61.91327870921381 40.99333340536033 -89.23265679562122 -66.76500906189864 -72.23921397966481 37.97016309510318 -1.9034389564058107 28.295945420893887 51.0000168234433 -17.010182238908982 -42.11332454560445 93.49004760466946
2501 35014 0.015315341113041173 0 2031.720730428609 4.654853606880607 -14.46690589919817 32.622901126303766 -93.38880424477082 -41.94897787589185 -15.112858856668137 34.428172699009494 89.44114856644651 23.467051658043573 -82.76278067959063 4.048313678318777 -28.57141035068049 -21.424568270899428 79.61605393919046 -1.5869587615916247 2.4341168697769353 -53.747838572390734 50.25966895793218 61.874748375444 41.14432215937574 -89.71673025699647 -65.75613463365518 -71.54266575732319 38.13470311928825 -1.3638562584136187 28.071007569597953 51.2679538843519 -16.976511793809316 -41.85984518936546 93.17423615320914
2601 36414 0.0034894578754216337 0 1982.1609237944604 5.4750639581423854 -16.787971347197946 34.2449827111787 -94.90423051255344 -41.978879875808786 -14.325774374958659 39.08193031743387 89.170036942029 22.2572326048313 -81.8996438194813 -0.20317618634098267 -27.136098288035182 -22.05668550170701 78.91632944448412 -1.6800652748355753 1.8599542671277864 -49.67205924975114 52.04392367508896 59.902886331843035 42.17187692279228 -90.82510320871943 -59.25190394302857 -67.80318955838791 37.439708661192974 1.8721900276800123 29.01936865811076 54.00206122381262 -17.117050028492272 -45.33304171472598 93.07624784371214
2701 37814 0.01802185269668597 0 1964.516307526365 5.501228046251782 -17.518889872856818 35.29603400619844 -94.65849815188841 -40.919510303268815 -14.360729393570384 38.862827840338106 89.95847434427746 21.212019666082966 -82.27365236070136 -1.853417390553716 -27.23527887690312 -22.076500339429412 79.3965092374531 -1.6830733615769775 2.1634029460425115 -50.069019482765874 51.98224762208608 60.5691949412776 42.41692001798797 -90.60480396739254 -58.97486801050898 -66.60879341343158 37.417568142877975 1.8103320625491846 29.049562777052817 54.42254759372823 -17.12109604052241 -45.398571113142275 93.22182233666436
2801 39214 0.007469319596277842 0 1943.410832995109 5.105735804265265 -19.165743443627687 37.995121551254634 -95.41208999801093 -39.900287169725445 -14.32638225034324 38.593096222240554 92.21886739384252 18.783312185041012 -82.73174820996779 -6.327697344283081 -26.57132409347676 -21.772043546912325 80.08714989476911 -1.6383117375202105 2.996665321895053 -51.14077081029444 53.22384643148868 61.40931222930041 43.41263696972942 -89.84486798867387 -57.40562193686425 -62.82737947833303 37.75285707820791 1.9867781454228712 28.592338422713357 55.45867113048125 -17.053943044279574 -46.90179336457864 93.77970339797395
2901 40614 0.0298972742856899 0 1894.4890610249292 4.577786869808534 -16.11218875705007 36.19650141723949 -95.83688497874932 -39.215712277364574 -15.237591158688275 38.73169742307971 89.76841368098452 20.02130132796364 -83.9030101007218 -15.214814272208628 -27.44964890996966 -21.365134029528384 75.20513557639265 -1.5783734201665058 1.03482362933308 -52.014015174002594 52.679804406087015 61.78368725511427 43.92546028696075 -89.55894358358903 -56.60554295099118 -60.7061687122503 38.20103240687118 -0.9171472355015429 27.981198954888658 53.652031440013175 -16.963597163544385 -46.96577202833706 91.53030802022039
3001 42014 0.032006047638773655 0 1881.325848230878 4.748921909020879 -15.856785494725244 35.795755500947465 -96.35071766815507 -39.65200331420909 -15.479893837768099 39.49736272125167 89.37287147177548 20.64596428507869 -83.72930115484401 -16.668693210000214 -27.922348908073793 -21.49669763148672 74.52561208728233 -1.5984898823278109 1.4564961567392305 -51.60697203951833 53.177042438284815 61.88216357832107 44.01736824078127 -90.07006987279753 -55.36040991520447 -60.42568610808908 38.055315201484795 -1.2441105319151342 28.17939638612203 53.64396134658415 -16.99254674642431 -47.28599758665627 90.50065963377315
3101 43414 0.013711140634163873 0 1858.6006475086674 4.990945301812644 -14.580037067918083 34.341283015590754 -97.38122096750855 -41.52357686831902 -16.846597974602947 42.43301984019817 88.21462404285106 23.085500401399543 -82.63452462795998 -19.436397448909332 -29.62960422839283 -21.68379973066235 71.67493566350265 -1.6253337440680875 3.2474131118895153 -50.42597298589065 55.31078155104157 62.33884627149652 44.629412496189005 -91.45862096288367 -51.97762526656692 -59.59496475421702 37.849899982445585 -2.446637620678286 28.459743416084024 53.6177567158783 -17.034510470548046 -48.25255383097169 86.85245916540944
3201 44814 0.03486405246940442 0 1840.6180176684907 5.007710193147858 -13.128208657594094 36.98305129648699 -97.25226460149364 -41.747198244446615 -15.169951078454186 47.88493341960659 88.74673834826967 23.23149930010385 -79.7113885926214 -20.287339014894627 -31.03681369353705 -21.696669677116375 71.55486695499891 -1.6273427086071397 3.639018593474023 -51.6786097748961 57.68515368783355 62.00593622952604 45.57425560616395 -93.01589744758338 -49.00398663078801 -54.886365944216124 37.83561036344736 -2.2191884687727415 28.47908551945826 54.05602464780003 -17.03746389681598 -47.63078714223783 83.08565346981985
3301 46214 0.027241649024372424 0 1835.0648652748914 4.9644565046864955 -12.813792791293148 38.03144741080407 -97.62624257187485 -42.04622783491794 -15.07610839190289 50.073051331912026 88.95753493070768 23.34879391717601 -78.38712260883858 -19.276079922171903 -31.643918569379867 -21.663251889538365 71.43090405927731 -1.622543728052582 3.40533053621334 -51.974814934606485 59.406316076493596 61.84518756871887 45.9116305735851 -93.59145509705338 -47.51661674538093 -53.637682430749976 37.872494134219814 -1.8662528873798987 28.42879883833701 54.035455888578525 -17.029814516820263 -47.485521910197946 82.01659863809195
3401 47614 0.020782567984034835 0 1816.1130849605852 5.091039160810169 -13.914330441437258 40.24235807170505 -99.2335648972497 -42.43512082608703 -16.512591475362015 51.980530663412935 89.80902018646727 23.05141851768414 -76.11760386009314 -17.842305969935353 -33.398048713385386 -21.76089282364172 70.56672039581042 -1.636539217452595 1.5617481288992834 -53.24978607190853 64.75703982054009 61.53900562016835 45.51696817044639 -95.37168508891291 -44.07377496137937 -51.47088231333362 37.76507527035441 -1.4946583603013224 28.575518324728062 51.07060073392654 -17.051434096930787 -45.69428152584595 79.48115164459892
3501 49014 0.0886466638637664 0 1792.9236398577636 4.819571453868605 -14.263155718950026 42.044527043765335 -99.98996740757283 -40.51295404822787 -16.847797087347097 53.44832855534268 86.96310224589482 22.48527176543942 -72.95782186918454 -18.702872812111565 -32.684018588998676 -21.552154000825837 59.53649764115025 -1.6060379015560446 3.128568896924898 -53.72369608431518 73.05452950333196 59.40621038502465 44.897020723583076 -98.23187491930489 -39.63149770904478 -45.938574197224625 37.99523092872541 -1.8929597313581386 28.261434080796928 47.21762997800217 -17.005053687582247 -45.58371233824939 74.20287563961267
3601 50414 0.058539560004601324 0 1773.0105568501172 4.8731782435060325 -14.403631664491083 43.1464253203961 -96.62354959110104 -39.958812475756424 -17.469173830648927 52.95589328203295 88.44931200572404 24.070915188934833 -68.47167602138755 -17.24946311140667 -31.80454628428556 -21.59298749668113 53.49199624508671 -1.6121207231219186 3.103362360723366 -52.72952985210608 86.26067254902196 59.680799863803344 40.66738648478196 -99.99739090972923 -29.18980623466155 -44.43564840671769 37.94983832159233 -2.0276060173882176 28.3233343033015 39.19660051123313 -17.014333734995493 -43.453085357921154 68.20263046939604
3701 51814 0.0867656201037283 0 1750.706606123491 4.86715302818908 -15.201902092815487 47.63946479125803 -72.82368272416981 -39.437340649248235 -16.640494997636168 56.421086404162956 89.77571061437605 25.700188237736484 -56.409718226172394 -7.492236810224142 -30.638427181936013 -21.588324243274634 39.909959776383005 -1.6114448918616506 2.7744688110814333 -53.15139154794771 90.66115939163268 61.0424773521969 31.53333787752371 -90.34488368679993 -6.73376867479844 -45.012906315210756 37.954981937795715 -0.1571808426988597 28.316653570630443 22.12270048626479 -17.013014549993095 -40.2073480883072 58.396793577305885
3801 53214 0.037462690942049306 0 1739.4706222817697 5.15316039432696 -15.391792858837238 49.20389099462795 -74.26933161946242 -40.847947181465514 -15.626469586413101 61.22934919539407 89.97632405572831 27.187092204594535 -53.90022178070302 -5.5394916763872 -30.583656623619586 -21.808688633912173 39.40222552184491 -1.6436631978901228 2.5384177667930365 -53.08616599239528 88.48613221243102 61.910326557574365 29.54019871407236 -90.1183179836266 -4.905430990962413 -45.90596765748501 37.71246852985406 -1.6173261050550545 28.64718046791336 22.05746750224748 -17.062105467480453 -40.27352750931154 59.12943489156041
3901 54614 0.11650212941370126 0 1725.2019813984234 4.938514547551705 -15.513482711986523 50.6582555288901 -64.23242194696111 -40.27813875653278 -15.670710688662599 63.95686768991352 89.03426171188634 22.223687057232922 -45.554172331843326 -6.51484582277152 -30.90368367243689 -21.643439326383515 41.29772547789128 -1.6190222981994429 2.9699337761199542 -52.90150674233011 73.63970023933354 61.53251700076527 24.75137130218834 -87.70279295729607 7.935179098712915 -44.47376922618949 37.89476839232262 -2.3889301855938316 28.39877688916244 20.289108740078195 -17.025181265512167 -38.73737261338995 58.405094975161205
4001 56014 0.18440577052450802 0 1686.1145364277063 4.821042890142394 -15.931956962097575 54.2862642653708 -50.37393078880662 -39.282545012381256 -16.3606209987677 70.27454303579911 90.24105832970855 10.290010330294479 -27.030847665931436 -12.95409208721179 -30.09274647901076 -21.55300965489557 40.35400029821244 -1.605996724870396 2.8751609848720174 -53.28289909899735 43.24503945594802 60.54074740100435 10.912048915179907 -78.41807828385916 32.13265803768845 -41.904386257533275 37.99418077016652 -1.2151914151517063 28.2628915706274 11.685721766213847 -17.005282695736 -31.482334916793025 52.09910645488367
4101 57414 0.16615645056230874 0 1670.9215273584948 4.652769126762337 -16.40275841263426 55.728674853437994 -46.21279421204555 -40.01955867616551 -15.569168198044032 69.71438220254277 89.13558258373531 4.525716811889623 -23.944525193680462 -16.483416458426433 -29.448942343684905 -21.423438279628904 40.711882708797674 -1.5872414406900062 3.216572800022554 -53.41529013410477 35.33056408071161 61.2112674878544 5.106889543308234 -72.5662890222355 38.09095994885125 -39.00705015186327 38.13670312492651 -0.6166785889618877 28.069035903683748 7.45894163101195 -16.976733499613378 -28.36241169669961 51.26036492480665
4201 58814 0.13822616025744938 0 1653.6275698136244 4.707971812388308 -15.864074181924106 57.0358218584233 -46.34546503399199 -40.391503498827575 -15.54652102644756 66.52562550015821 88.35151044255673 1.5496555056719785 -26.556186940931315 -16.805558484147497 -28.997705186175104 -21.465419577295958 38.98065928291615 -1.5931732382961883 3.2679534214169554 -52.43563214588991 33.7486402268255 62.282731484658086 1.783186179397222 -67.12614945932923 38.38261300011006 -33.562247863416616 38.089781753805944 -0.07278337089912693 28.132240543465663 4.103987884003195 -16.98609902121212 -26.545066306960347 51.44438168090457
4301 60214 0.02855471731292814 0 1643.7885928550852 5.000815938027785 -15.25385200895424 57.323588683355624 -44.435333339294935 -40.83402808384919 -15.776989879237755 64.11081731318392 89.20236438405354 -0.6756400531898805 -27.35022120721718 -16.752705114696937 -30.617099094469044 -21.691386758647063 36.678962382857634 -1.626402548828796 2.8884541295057296 -53.04578091207212 30.381600191960388 61.536711956274445 -0.9832405722893415 -64.44995848393872 37.73190442394519 -30.372844158654658 37.841699354944765 -1.1278071860223684 28.471040772659368 1.692774781263105 -17.036046460020764 -25.39075638432002 52.50334554509078
4401 61614 0.02200494747804478 0 1642.6017144919208 4.954645625939122 -15.21247855955317 56.72697137753076 -45.05412094889159 -40.697058068786696 -15.922077881487917 64.91670595478122 89.2868910627485 -0.5538111170852744 -26.66077811722848 -17.475480713214694 -30.914523142609216 -21.65578577143195 37.561971607231925 -1.6211606184160878 2.7895535366025817 -53.15198674356044 31.26090454790102 61.232416747950026 0.13739889142637185 -62.957920201909715 39.9078344220852 -30.813285586704325 37.880809990395576 -1.31947890578442 28.417633263545913 2.3437384511384454 -17.028139049037602 -25.404972659586754 52.54884760799047
4501 63014 0.08024692872602525 0 1640.9010323039709 4.993836530726327 -15.351789162432771 55.42566279845357 -44.949039839262376 -40.751337961656546 -15.842117541739617 64.76347603055711 89.30522426288839 -1.1061946653522057 -25.89641871001166 -17.35689286226318 -30.757162492701287 -21.686113783053667 37.43499724906371 -1.6255449711565508 2.861292011595976 -53.20103009103485 34.12971363677582 61.29497488673189 3.7205624216961986 -63.260638844820825 41.62760870264099 -30.8878938037671 37.84746999930223 -1.2584066466690988 28.463272765686686 5.2873734494823745 -17.034837022259683 -25.71491968404353 52.418903751993355
4601 64414 0.02283640369757123 0 1638.7075799016982 4.976317017344854 -15.252506046134844 51.466223130207034 -44.39952340601679 -40.7632076055629 -15.8601909896274 64.06097521492987 89.36010386400696 -2.360952762477467 -23.15311498319893 -16.48124258183489 -30.7532502900117 -21.67247201565017 37.24490653114097 -1.6236502667535664 2.785525718898188 -53.18667530198271 40.15684364185563 61.37580068767198 11.507063089790181 -63.02715369800383 47.007025453033094 -31.110119096983766 37.86248652747288 -1.3536901857085224 28.442695214206186 11.723002752557854 -17.03181056646295 -25.828601897409595 51.79286694311409
4701 65814 0.06535214939439547 0 1637.95973748903 4.9990800750542235 -15.224134249944077 48.38160323574468 -44.78654932044222 -40.81916169614772 -15.880919342882052 63.56727774946803 89.37938721694327 -2.7580678187923695 -19.832604314528407 -16.2120913917648 -30.729230206651984 -21.689877763773527 37.49008155249754 -1.6261710087000412 2.7449404291965873 -53.14161573833018 38.86487779305304 61.32606006101125 8.30480813879874 -63.61152326012988 46.75610393864782 -31.6597291033041 37.84327723774014 -1.3151482011311617 28.468924919281847 13.147197197004209 -17.035732717544768 -26.516666568142707 51.66203064551976
4801 67214 0.00040591039014722377 0 1637.062234297788 4.966327234897079 -15.24970477108664 41.650429407381885 -45.864407377397114 -40.78250196453884 -15.82934517024982 62.511998439776335 89.36101613830375 -3.9562126323758093 -12.831123428376289 -15.534660806625766 -30.695756133302847 -21.66475007297878 37.60163407490904 -1.6224168258808536 2.762521517057309 -53.1325293393307 38.20604420005367 61.403444874260686 4.402510738983955 -63.99609550997839 47.676149513117366 -32.308151567863575 37.87089626610602 -1.2492347557662373 28.43110760513834 17.550786216872236 -17.030100687635098 -27.73632350412058 51.08893535364959
4901 68614 1.43529164056523e-09 0 1637.056941225242 4.96626202776261 -15.24927484719107 41.65026325869538 -45.86489337078654 -40.78276352922142 -15.829347184089022 62.512441556802415 89.36094969187978 -3.955815726177093 -12.83217876228291 -15.534584920234408 -30.69597894187651 -21.664700099417136 37.60145293482054 -1.6224090081105147 2.762474698698895 -53.1331718044458 38.20881759580385 61.403160517133955 4.405618078806101 -63.99539105601152 47.676204726035415 -32.30859819622799 37.87095128831288 -1.2489262025350167 28.431032706720977 17.551878639334078 -17.030090092993937 -27.73645245116669 51.08881314954448
4950 69300 6.706247691121937e-12 0 1637.0569370838932 4.966262028409858 -15.249274847696537 41.65026325837675 -45.86489337055115 -40.78276352711876 -15.829347183506178 62.5124415579795 89.36094969066338 -3.955815720909868 -12.83217876450526 -15.534584920198228 -30.695978941027647 -21.664700099915315 37.60145293506886 -1.622409008182794 2.762474699359983 -53.13317180330403 38.208817598802284 61.403160517722256 4.405618081578549 -63.99539105756427 47.67620472592962 -32.30859820064984 37.87095128776646 -1.248926203163657 28.431032707467647 17.551878639397263 -17.03009009310456 -27.73645245418261 51.08881314991959
