% # columns="iteration, evaluation, void, void, void, xmean", seed=1056850, Sun Jul  5 15:33:18 2020, <python>{}</python> # scaling_of_variables: 1, typical_x: 0
1 14 0 0 0 22.120462176653 39.249546136102595 10.64304785797486 -33.54534525893943 -26.696962787622862 16.92089624997158 12.266722992791555 -10.92836384245211 -35.10116665764022 6.357693609085029 17.192106129557096 -21.424598190639596 10.532475654081658 -29.782306312633374 6.22245707289287 -80.05989189052008 -9.169570642025823 -2.723316743740503 -15.575936726426663 -44.78190040927903 15.485324381389933 8.926727482796668 -37.423022844722816 12.645327908844635 -4.715164225759247 -21.410203643986723 -28.26568185003018 -59.73302127237702 21.569497935416862 -22.682156322783797
2 28 0 0 0 16.879953019642215 44.918355120456624 9.272871396092533 -20.32296221551154 -24.00611823537184 34.78961807768602 0.49731606386516347 -47.304697782105436 26.950581291420562 -32.27108070190229 22.15580369535177 22.102897306811517 13.006075866124663 24.27152109620294 12.785048830064738 -98.20947172611469 -6.569668814107839 5.578560314771428 -63.54588975270034 -53.78521691810737 9.843016012923536 -2.80185996177914 -50.40052207344681 55.5599263728673 -18.260628263132347 -46.478270196768534 -28.821261222956505 -41.875496283242896 7.778894369748173 11.526956906658462
3 42 0 0 0 45.05896010380899 71.25854281227727 -5.005735306367219 -42.86530491729043 -24.94798180330385 74.78716032034394 0.5745935179379085 -23.189910160592483 18.87504066972306 -7.442104717701515 19.399918666580493 43.609113120636266 23.702660825855542 27.16069463326994 24.08887594440059 -132.12741818310755 -6.820738425860887 36.0736994342913 -77.99097009809452 -69.76935740889463 18.930641413996742 -12.081342400780661 -25.497194021328394 23.453000852046607 -3.652578229487542 -40.923159418257484 -9.898230949895943 -51.21850788957606 -5.064491312930702 14.294978613002149
101 1414 0 0 0 -41.054981426501115 84.61574605329527 -44.30024311806515 -62.968857946785775 168.0206602678795 91.22252249422559 -137.72862259493627 163.43273509961585 43.81254152719804 -37.97626284491382 25.274180991721828 165.4064460150471 5.595003125681246 -49.22809196749011 -171.70665011112226 -171.1721944236952 0.7030407292491572 -23.7050298870636 62.30355343822671 -16.65895063388535 22.484244693167675 37.905177185412605 -0.049427082277905376 29.17097266749133 21.712573022000328 -86.24713913986665 82.8396523580458 -11.304609428301326 -86.84820662824085 102.49027877889239
201 2814 0 0 0 -37.28181814922777 101.16415220613636 -63.47264903567458 -40.62613122897537 168.99616900615467 103.55140756434756 -174.651897060806 193.47501174331208 52.96503057564442 -17.33306159319364 87.51970742736799 167.67856480403336 32.09935827926829 -5.859233736662912 -133.1796779212232 -163.4642848144139 -5.329149185782042 -8.642189388298148 54.967976566973675 22.333388408842236 33.06211739143219 32.05891502511991 -9.964742798939835 -14.3346281139374 23.835369660419563 -73.93815845736935 51.16902281540859 2.9920126127152544 -120.76498558253783 167.05672302310046
301 4214 0 0 0 -43.5450869440716 95.58861970856248 -67.77631015225872 -41.57800475927294 172.90832650566182 104.49875974472691 -175.31662565995117 195.0958343286779 51.894183700442184 -16.519819718304262 85.86260891991893 165.52088765153977 25.85047303593249 -7.4360533261517245 -137.7476682960437 -164.24485134135645 -4.991212590769152 -10.17838004651516 50.460869174259 20.53962644030029 34.91366819812833 29.393421095998217 -11.477896745303378 -12.982219241406032 22.543358616380004 -72.54764162919585 54.184351544035174 1.1271201936778315 -118.25398006442985 162.77502095139923
401 5614 0 0 0 -43.531371482381225 95.57805861212788 -67.78498186392775 -41.56688923211221 172.82938656814147 105.03150461190926 -175.3388997363726 195.15062368078952 52.167434805677594 -16.488395593294587 85.94589947769722 165.4918759775672 25.854807870542494 -7.428546028436374 -137.70836970699384 -164.28845898281926 -4.985717014166037 -10.14067558713599 50.49947672167018 20.520825204000587 34.92893654939488 29.357344308400187 -11.452533357243576 -13.005075894430263 22.636358132354545 -72.41194994802602 54.12929361742349 1.1368218085711708 -118.36007074618031 162.844136850704
501 7014 0 0 0 -43.5296071802602 95.57987801507154 -67.78706004618178 -41.569868559482146 172.82405111790646 105.04977436528345 -175.33731854681332 195.14791271398084 52.16652951631942 -16.488411430991434 85.94519539827456 165.4982714459197 25.854330520194225 -7.426769323367808 -137.70917374663276 -164.28418747059345 -4.981251916025162 -10.141673130448744 50.499624826462245 20.523379333371444 34.918980405917594 29.3546071673868 -11.448242055806 -13.006372645762061 22.63896151768997 -72.41043343410608 54.13103596438977 1.1275431158569105 -118.35926380180385 162.8514048576443
601 8414 0 0 0 -43.52959178535654 95.5798422947553 -67.78708259084814 -41.56982612841315 172.8238682233382 105.05001058173964 -175.33738084465367 195.14792085801625 52.16652279428339 -16.48875245616065 85.94519171394947 165.4981543580803 25.85436663481495 -7.426739496078177 -137.70914244132987 -164.28418443431192 -4.981402098668815 -10.141752198496956 50.49947901506885 20.523302200118252 34.91887387965768 29.354580471537215 -11.448368670232087 -13.006250816717268 22.638820108147613 -72.41035601841159 54.131154250394786 1.1275866762190887 -118.35910446109001 162.8514670014607
701 9814 0 0 0 -43.5295948249099 95.57984496862984 -67.78708157621197 -41.569826429910236 172.8238705548653 105.05000004164938 -175.33738122249068 195.14791819431719 52.16652372727186 -16.488750799782792 85.94519302797066 165.49815681369145 25.854363835247998 -7.426736436017249 -137.70914491310367 -164.28418476453413 -4.981402694959363 -10.141749753898814 50.49947758740761 20.523306251181722 34.918872167592006 29.354583821691396 -11.44836776852123 -13.006251660655096 22.638821056065964 -72.41035428660463 54.13115153706393 1.127585042534554 -118.3591063560443 162.85146664134268
706 9884 0 0 0 -43.529594901903124 95.57984497044154 -67.78708155257519 -41.569826503967064 172.82387054805912 105.05000003774956 -175.33738125005786 195.1479182493987 52.16652372222633 -16.48875075985566 85.94519291614127 165.4981568929879 25.85436391138602 -7.426736451761618 -137.7091449648767 -164.2841847306275 -4.981402692212179 -10.141749734202156 50.4994776054279 20.523306215830008 34.91887215095828 29.35458379868354 -11.448367787232385 -13.006251661438236 22.638821028984083 -72.41035434850947 54.13115157561573 1.1275850753708616 -118.3591063398058 162.85146662717273
