% # columns="iteration, evaluation, sigma, axis ratio, bestever, best, median, worst objective function value, further objective values of best", seed=37, Mon Jul  6 15:15:27 2020, <python>{}</python>
1 14 45.99468895862783 1.0000483345014077 3582789302.103818 3.5827893021038179e+09 21013896021.196136 51689237335.69513   
2 28 44.042292681993004 1.0538168667487866 2685514264.113733 2.6855142641137328e+09 12794424297.321396 21665879880.153503   
3 42 43.218849250298945 1.0783859862044451 2685514264.113733 5.7391480437811165e+09 10516890446.752789 27161672134.552444   
101 1414 24.804512173119377 2.3677452363277083 107320937.67946567 4.3321735167743748e+08 1815682913.6345856 3406234881.0843534   
201 2814 5.379919859144704 3.928408404085885 4037401.656855209 1.0021450163935417e+07 39016389.70353688 79880568.97330193   
301 4214 1.201187580453397 6.0290326668474545 845916.8875541711 1.0219572834077484e+06 1489430.6485997408 3141592.13115794   
401 5614 0.6391132770205812 10.391117598338743 477628.2277820308 4.8111615662146872e+05 516779.8173414186 730602.4882202453   
501 7014 0.5577121844140243 25.88021652520338 283531.28644170146 2.8838744651733310e+05 304772.5813062616 331338.66262871155   
601 8414 0.7280309656683989 73.88589434092023 117827.87147938859 1.1845490130435064e+05 133535.1635106917 162412.80817198625   
701 9814 0.5860514082617937 126.73762153820662 29609.172013985393 3.2077620576536785e+04 36651.245756190874 54070.7528457648   
801 11214 0.22556430839400166 149.47362276105443 22073.054199903894 2.2425650644306792e+04 22781.76414513075 24369.473057322306   
901 12614 0.27906455766927696 180.03272236823454 19392.342599404925 1.9405505084047534e+04 19758.619829692514 20572.632357330403   
1001 14014 0.26160600960269426 366.9855620408205 15214.087627467346 1.5287233307499300e+04 15499.312995282831 15691.317105353764   
1101 15414 0.6184761772456969 451.01058573841505 12521.011148036147 1.2784160593895460e+04 13548.813359892647 14929.968793665179   
1201 16814 0.2526814868093874 567.615328182204 10037.9277273287 1.0060416523393918e+04 10140.08209171142 10240.621638718276   
1301 18214 0.37639395624152433 692.5680579022236 8894.814122157577 8.8948141221575770e+03 9027.713108413474 9231.258250561172   
1401 19614 0.34593764663244514 1072.7528997829054 8347.255313612295 8.3472553136122951e+03 8430.454170748462 8493.509011486554   
1501 21014 0.47250321460758826 1512.9808870539139 7579.888389571885 7.5798883895718855e+03 7659.872539114856 7804.769342889993   
1601 22414 0.29849066245528066 2423.227629682726 6866.776129709077 6.8760792176662108e+03 6900.316464405992 6954.776046669695   
1701 23814 0.44678796659067693 2378.1804311021906 6458.847020091506 6.4588470200915062e+03 6490.556799937594 6534.28480855117   
1801 25214 0.5961838981734418 2466.121727154066 6014.1782053857305 6.0141782053857305e+03 6063.460329088512 6091.8903835386545   
1901 26614 0.29422794536282365 3282.2770642862574 5433.681068603629 5.4336810686036288e+03 5445.791270992381 5456.730008003988   
2001 28014 0.19042993599529517 2879.3268589146896 5365.567762826743 5.3670334353525031e+03 5370.9307224423355 5374.720516041225   
2101 29414 0.07719789641503881 3191.212643768703 5358.4559765949425 5.3605751837961434e+03 5363.407520920048 5366.618572569647   
2201 30814 0.04416869565784499 3877.3007619840027 5354.788521927254 5.3568015893709126e+03 5358.417473452477 5360.773986963313   
2301 32214 0.027122976098638323 4486.147157650909 5352.947858047807 5.3558353000221441e+03 5357.883403865445 5361.102654072378   
2401 33614 0.04639395543777082 4302.963865490649 5352.947858047807 5.3539854596440846e+03 5357.257243377068 5359.692916518075   
2501 35014 0.037717607776769954 4495.596500977142 5351.526013211691 5.3530392504443353e+03 5354.868540805486 5357.281991702642   
2601 36414 0.018064605483765445 4411.230728757886 5350.333025043585 5.3508941816803954e+03 5351.797748120173 5354.693350266745   
2701 37814 0.009632278053732969 4660.036798294392 5350.003772285663 5.3500129549787853e+03 5350.249214868369 5351.01396386706   
2801 39214 0.006434115343224612 4577.517207221318 5349.412055001996 5.3494240579526413e+03 5349.561012967188 5349.618078033232   
2901 40614 0.044860687933965006 4155.237089757601 5345.028484407258 5.3453204314692457e+03 5347.246358438442 5348.579386392188   
3001 42014 0.10480389322371873 5570.492129196497 5331.773378813138 5.3320591750108488e+03 5335.156718983077 5338.218019749886   
3101 43414 0.5436025246287965 6355.065317319572 5270.4093368349395 5.2704093368349395e+03 5285.092091786399 5294.988810619578   
3201 44814 0.13326568409086603 5320.493848307448 5232.257875306292 5.2322578753062917e+03 5235.661864720255 5238.009470084735   
3301 46214 0.03877444299462956 5713.2182099867905 5228.187773984076 5.2283384155870490e+03 5229.643247364164 5231.595835414608   
3401 47614 0.02816991825399016 4856.543922653258 5226.087196394262 5.2261125482580446e+03 5226.312978407311 5226.414602027597   
3501 49014 0.05399688613337478 4727.748600639497 5222.874340828601 5.2230432735456634e+03 5223.254063437229 5224.079383757321   
3601 50414 0.08807812824704611 5127.846647293484 5217.332547001624 5.2176342238663765e+03 5218.235277694619 5218.918027925558   
3701 51814 0.06745788921074915 4378.860831989429 5214.699562584296 5.2147888627104794e+03 5214.985803094518 5215.267479183143   
3801 53214 0.05047320857836056 4743.320464618741 5211.83014205778 5.2118301420577800e+03 5211.936136074711 5212.111300535609   
3901 54614 0.05781483158581136 4175.662780401574 5209.936770027662 5.2099952237470870e+03 5210.135723128967 5210.289262188344   
4001 56014 0.18455253291283866 7532.190295168105 5202.194273534143 5.2023868874966556e+03 5203.052539713775 5206.958876659306   
4101 57414 0.08038406302392245 8069.519466374981 5195.132715812147 5.1951388479069210e+03 5195.286130765934 5195.561192669033   
4201 58814 0.1002410584137136 6253.019660404124 5193.170053406361 5.1931701204292240e+03 5193.398325545921 5193.775390729375   
4301 60214 0.06222085754884148 5160.136718811483 5191.906239048951 5.1919181642689691e+03 5192.009505816085 5192.116932232277   
4401 61614 0.08414345543345214 6276.64819326059 5190.2041861203015 5.1902241144395266e+03 5190.402164244299 5190.54346635179   
4501 63014 0.02109006449018958 5273.190013073485 5189.977309059783 5.1899893857525612e+03 5190.005126133823 5190.029421558386   
4601 64414 0.006806928569969533 5166.236973711223 5189.939989568893 5.1899445116015504e+03 5189.950656361065 5189.95999995702   
4701 65814 0.0014113255661700372 5052.03620363598 5189.93203271421 5.1899335720263898e+03 5189.934633933651 5189.936362226434   
4801 67214 0.0011201986329579718 5502.926734625857 5189.930710505239 5.1899312366735967e+03 5189.9321168192255 5189.933955280267   
4901 68614 0.0004465177818548777 5680.694556990488 5189.9293826866615 5.1899293826866615e+03 5189.930315813093 5189.930746399364   
5001 70014 0.00011462775831519057 6255.74514994884 5189.928940413682 5.1899289404136816e+03 5189.929155321937 5189.929236818993   
5101 71414 4.450968296287463e-05 6157.780645651213 5189.928738890577 5.1899287523651547e+03 5189.928870403753 5189.928969261358   
5201 72814 1.0469115654147428e-05 7857.413380888253 5189.92863730953 5.1899286373095301e+03 5189.92865739663 5189.928674720835   
5301 74214 3.837097136910542e-06 8328.32864275572 5189.928615897595 5.1899286211184572e+03 5189.928630067096 5189.928637531002   
5401 75614 3.2671519718000944e-06 8604.691183230056 5189.928605670707 5.1899286119728813e+03 5189.9286165294525 5189.928624101878   
5501 77014 1.0643443000723058e-06 9202.641667699361 5189.928600908346 5.1899286012981311e+03 5189.928603264535 5189.92860518984   
5601 78414 9.781294261635625e-07 16109.650553312835 5189.9285962627455 5.1899285962627455e+03 5189.928597132927 5189.928597701881   
5701 79814 0.0001271308480572469 65240.04315999207 5189.92797745664 5.1899279788959657e+03 5189.928015054365 5189.9280675806285   
5801 81214 0.0007188110724804878 36705.88823700413 5189.926875758978 5.1899269167843686e+03 5189.927149645347 5189.9275220768895   
5901 82614 0.0008464174969792622 22866.022379173024 5189.925590305202 5.1899257110247609e+03 5189.925797915872 5189.926017248221   
6001 84014 0.001934133894332198 14618.407907224024 5189.923396408302 5.1899234507502133e+03 5189.92363652127 5189.9237163640655   
6101 85414 0.003677753193945748 11553.789444290787 5189.919896136489 5.1899198961364891e+03 5189.920474747347 5189.921075711987   
6201 86814 0.0014572787976108925 10190.272147134467 5189.917854618326 5.1899178923695936e+03 5189.918037845501 5189.918356970785   
6301 88214 0.0003936115059083518 11290.210938903045 5189.9175177054185 5.1899175177054185e+03 5189.917590759216 5189.917627117504   
6401 89614 0.0003259532847468402 11762.739624967278 5189.917375372788 5.1899173988004368e+03 5189.917435485211 5189.917477989862   
6501 91014 0.000936774536219508 12783.083596632503 5189.916830551513 5.1899168544689946e+03 5189.9168982107285 5189.916995458678   
6601 92414 0.00048625119446994 13791.687024610657 5189.9165525127055 5.1899165525127055e+03 5189.9165939878385 5189.916666820422   
6701 93814 0.00016849534396981504 12157.540265870643 5189.916443055977 5.1899164494342722e+03 5189.916466688957 5189.916488607147   
6801 95214 5.349759442482514e-05 13768.332417756617 5189.916403477589 5.1899164073367501e+03 5189.9164145955565 5189.916426709637   
6901 96614 5.303469138519855e-05 14330.270104558482 5189.916377579787 5.1899163797016154e+03 5189.916384665688 5189.91639375902   
7001 98014 2.2484977949842607e-05 15871.604958766695 5189.916356785751 5.1899163567857513e+03 5189.916359131485 5189.916360863068   
7101 99414 0.00010100836471205147 24285.996113750698 5189.916289704582 5.1899162901507334e+03 5189.916300672994 5189.916308552985   
7201 100814 0.00014652239842620645 23375.89108381005 5189.916222684307 5.1899162245388106e+03 5189.9162278223375 5189.9162373622985   
7301 102214 0.00022580441015110952 27904.88871164855 5189.916129607122 5.1899161296071215e+03 5189.916140486772 5189.916163121015   
7401 103614 0.00025813773340788317 31225.140209431825 5189.916082953541 5.1899160885981737e+03 5189.9160991431145 5189.916114053399   
7501 105014 0.0001644435759471006 37678.139159595405 5189.916042020708 5.1899160420207081e+03 5189.9160498773745 5189.916058865943   
7601 106414 5.7161546398713354e-05 47457.79106980041 5189.916030566359 5.1899160307817037e+03 5189.916032067257 5189.916034548581   
7701 107814 0.00010464818898003357 61319.20141960343 5189.916017300432 5.1899160176009409e+03 5189.916019068411 5189.916022125253   
7801 109214 0.00012189974243491569 74965.9517818236 5189.915996756682 5.1899159969370339e+03 5189.915997864246 5189.916000968539   
7901 110614 0.00010553909694943048 95030.73001343873 5189.915987522882 5.1899159876987687e+03 5189.915988467472 5189.915989598269   
8001 112014 9.413368048090025e-05 113029.64735919541 5189.915979128431 5.1899159791937200e+03 5189.915979429921 5189.915980326978   
8101 113414 0.0001153438360022551 140451.1369527384 5189.915974809175 5.1899159750053732e+03 5189.915975163625 5189.915977478839   
8201 114814 0.00015292617329658865 152278.27995536165 5189.915967843034 5.1899159678430342e+03 5189.915968668006 5189.915969568259   
8301 116214 0.0001260900455159166 171634.10522562265 5189.915962660222 5.1899159626602222e+03 5189.915963509657 5189.915964477732   
8401 117614 0.0001601007389243612 176412.72441101773 5189.915957500151 5.1899159575001513e+03 5189.915958753087 5189.9159593212935   
8501 119014 0.00014856900129563098 181397.38812719574 5189.915949747256 5.1899159500746991e+03 5189.915950531638 5189.915951622047   
8601 120414 9.694428325640997e-05 197985.51045437515 5189.915945947157 5.1899159459471566e+03 5189.91594623815 5189.915946428381   
8701 121814 6.845004057258857e-05 203208.7118159802 5189.915944785789 5.1899159447982220e+03 5189.915944875937 5189.915944962489   
8801 123214 0.00010260427718134076 215686.59880054655 5189.915943813649 5.1899159438136494e+03 5189.915943927819 5189.91594410947   
8901 124614 7.670442271506707e-05 217975.1868200959 5189.915941932562 5.1899159419325624e+03 5189.915941991983 5189.915942160864   
9001 126014 0.00013313751086445298 240984.35694521278 5189.91594027141 5.1899159403024341e+03 5189.9159404412985 5189.915940668318   
9101 127414 0.00017163908198360942 247771.82725961876 5189.915936977624 5.1899159370050866e+03 5189.915937458846 5189.9159394544295   
9201 128814 0.00019523562386584154 258663.6241985855 5189.915934558114 5.1899159347130735e+03 5189.915934964854 5189.915935893686   
9301 130214 0.00018119886273659525 274634.9061167966 5189.915931574171 5.1899159316854111e+03 5189.915931976654 5189.915933388902   
9401 131614 0.0001681899098943985 292077.702642735 5189.915929098486 5.1899159291088154e+03 5189.915929334626 5189.915930083445   
9501 133014 0.00011359317181217181 317780.76100825175 5189.915927839971 5.1899159278399711e+03 5189.915927967817 5189.915928128019   
9601 134414 0.00021811273171848454 345041.2053478184 5189.9159259756725 5.1899159260462147e+03 5189.915926263597 5189.915926730558   
9701 135814 0.00013989700980229403 357614.5863109599 5189.915924574438 5.1899159246000963e+03 5189.915924677993 5189.915924913119   
9801 137214 8.042613329805779e-05 329785.32090176264 5189.915924163824 5.1899159241638235e+03 5189.915924179474 5189.915924244002   
9901 138614 7.557814590176742e-05 306420.37714335666 5189.915924033961 5.1899159240367062e+03 5189.915924045681 5189.915924071758   
10001 140014 0.0002473140096195958 326695.14954732294 5189.915923690136 5.1899159236901360e+03 5189.9159238315 5189.9159246217405   
10101 141414 0.0002453967387601602 307173.5078969781 5189.915922045326 5.1899159220453257e+03 5189.915922275921 5189.9159224023815   
10201 142814 0.0003389173734984761 310941.4990531403 5189.915919915908 5.1899159201203838e+03 5189.915920265922 5189.9159208138135   
10301 144214 0.0002182882145411947 319056.09724501905 5189.9159184338 5.1899159184337996e+03 5189.91591856094 5189.915918678881   
10401 145614 0.00023539929362240635 353491.4678699615 5189.9159172833515 5.1899159173076096e+03 5189.915917391439 5189.915917768445   
10501 147014 0.00025472035616360924 374456.56749373506 5189.915916545364 5.1899159165470282e+03 5189.915916668839 5189.915916940543   
10601 148414 0.00014142360720689997 342343.7067084942 5189.915916062106 5.1899159160698619e+03 5189.915916106199 5189.915916134854   
10701 149814 0.00011970858457137826 384098.7047735502 5189.915915796732 5.1899159157995764e+03 5189.915915811517 5189.915915865276   
10801 151214 0.00013227950810998398 368408.10385803063 5189.915915594427 5.1899159155985562e+03 5189.915915619734 5189.915915652511   
10901 152614 0.00021145090040123747 345921.2758533955 5189.915915235524 5.1899159152361080e+03 5189.915915300549 5189.915915538339   
11001 154014 0.0003475812819500297 368078.203307046 5189.9159140870715 5.1899159140870715e+03 5189.91591425042 5189.915914969853   
11101 155414 0.0003187645175472646 361531.5364350444 5189.915912840916 5.1899159128409156e+03 5189.91591303091 5189.915913440669   
11201 156814 0.0002654931713048291 364080.6843427134 5189.915912106288 5.1899159121148150e+03 5189.91591219116 5189.915912693803   
11301 158214 8.664214958621409e-05 344690.1529481763 5189.915911915993 5.1899159119161868e+03 5189.915911920088 5189.915911927914   
11401 159614 0.0001344635968898898 328807.27163657517 5189.915911866417 5.1899159118664174e+03 5189.915911871122 5189.915911877403   
11501 161014 0.0005161894943442597 352475.34183318005 5189.915911403345 5.1899159114033446e+03 5189.915911506453 5189.9159120325785   
11601 162414 0.00033509595556107725 315881.99205859937 5189.915910874604 5.1899159109231614e+03 5189.915910971205 5189.915911126476   
11701 163814 0.0004685634204895235 314098.5441968217 5189.9159104066475 5.1899159104377040e+03 5189.915910552014 5189.915910671307   
11801 165214 0.0002371329300971946 297188.89108274033 5189.915910081456 5.1899159100814559e+03 5189.9159101003315 5189.915910155591   
11901 166614 0.00037574508777849804 289750.6864440808 5189.915909565914 5.1899159095659143e+03 5189.915909674561 5189.9159098594055   
12001 168014 0.0003183744250311633 286952.9518985239 5189.915909117074 5.1899159091268766e+03 5189.91590914496 5189.915909278954   
12101 169414 0.00044430172140251403 282007.1096482952 5189.915908634457 5.1899159086458221e+03 5189.915908701634 5189.915908953151   
12201 170814 0.00039238647887659885 299922.9107340121 5189.915908229421 5.1899159082337337e+03 5189.915908284527 5189.91590832624   
12301 172214 0.00041073357006558706 326725.3455544294 5189.915907845821 5.1899159078524008e+03 5189.915907888465 5189.915907987428   
12401 173614 0.000543503965077242 307773.201808501 5189.915907324654 5.1899159073307646e+03 5189.915907397429 5189.915907509355   
12501 175014 0.0006073419467899204 314201.7473911618 5189.915906647255 5.1899159066543152e+03 5189.915906732085 5189.915906943159   
12601 176414 0.0004706014381940947 319529.48229717906 5189.9159062077715 5.1899159062161762e+03 5189.915906240484 5189.9159063353745   
12701 177814 0.00039272579372993575 318227.1895984171 5189.91590602555 5.1899159060286647e+03 5189.915906046758 5189.915906063319   
12801 179214 0.0006457113658679385 307771.10573587887 5189.915905772213 5.1899159057722127e+03 5189.915905817217 5189.915905898028   
12901 180614 0.0002965870492666288 291220.77705873555 5189.915905514019 5.1899159055151422e+03 5189.91590551993 5189.915905534585   
13001 182014 0.0001434269676070849 305303.3163532745 5189.91590548847 5.1899159054889342e+03 5189.9159054897 5189.915905491976   
13101 183414 0.000640307129830366 274975.371616001 5189.915905344498 5.1899159053444982e+03 5189.915905375159 5189.915905398389   
13201 184814 0.000400540115268921 273454.55221164454 5189.915905210333 5.1899159052143568e+03 5189.915905224937 5189.915905271006   
13301 186214 0.0004157796000449457 292002.90734971775 5189.915905135372 5.1899159051374463e+03 5189.9159051481665 5189.915905169913   
13401 187614 0.0004060436444914425 301602.84273219976 5189.915905017968 5.1899159050179678e+03 5189.915905027812 5189.91590504173   
13501 189014 0.0004308604094784241 308594.68952502473 5189.915904905929 5.1899159049069949e+03 5189.915904915357 5189.915904934922   
13601 190414 0.00042914137554099697 312124.54520671285 5189.915904822277 5.1899159048222773e+03 5189.915904826964 5189.915904850396   
13701 191814 0.0004866012194945276 314545.41735310515 5189.915904670073 5.1899159046728855e+03 5189.9159046807845 5189.915904695796   
13801 193214 0.0003706359035884132 319601.0358557009 5189.915904589023 5.1899159045898614e+03 5189.915904594009 5189.915904599033   
13901 194614 0.0004614311819899539 338778.20561436325 5189.91590455802 5.1899159045582619e+03 5189.915904562473 5189.915904576081   
14001 196014 0.0005705213944410028 349568.1033509662 5189.915904477585 5.1899159044775852e+03 5189.915904483935 5189.915904498606   
14101 197414 0.00048685991598451894 381056.996113289 5189.915904399906 5.1899159043999061e+03 5189.915904405753 5189.915904413135   
14201 198814 0.0004238888148562334 361575.0276718884 5189.9159043446125 5.1899159043454383e+03 5189.915904347038 5189.915904351927   
14301 200214 0.00042743717597475015 327083.80767140957 5189.91590432483 5.1899159043248301e+03 5189.915904326567 5189.9159043300815   
14401 201614 0.00045805612627702994 323148.4697047522 5189.915904297652 5.1899159042984957e+03 5189.915904299831 5189.915904302377   
14501 203014 0.00027975989731317567 325487.75739073055 5189.915904278215 5.1899159042782148e+03 5189.91590427913 5189.9159042825195   
14601 204414 0.0004080005587423059 314994.8837251103 5189.915904261642 5.1899159042618830e+03 5189.915904263662 5189.915904265534   
14701 205814 0.0005141064485020225 293418.10709081194 5189.915904229467 5.1899159042294668e+03 5189.9159042325555 5189.915904241085   
14801 207214 0.0005109722382177266 297980.8276805868 5189.915904205543 5.1899159042060219e+03 5189.915904207455 5189.915904210844   
14901 208614 0.00025719696130999575 311722.43437695625 5189.915904196208 5.1899159041963185e+03 5189.915904196753 5189.915904197338   
15001 210014 0.0003299745645488172 316974.2786380083 5189.915904191697 5.1899159041919220e+03 5189.915904192326 5189.915904192953   
15101 211414 0.00046746188113194726 304028.38818417426 5189.915904185265 5.1899159041852927e+03 5189.915904185802 5189.915904189278   
15201 212814 0.00043277335221362487 324317.32697815774 5189.915904175669 5.1899159041756693e+03 5189.915904177061 5189.9159041795865   
15301 214214 0.0002257758362624446 343023.3920599327 5189.915904172121 5.1899159041721250e+03 5189.915904172232 5189.9159041726825   
15401 215614 0.0002767012259633787 399258.80869086605 5189.915904169375 5.1899159041693747e+03 5189.915904169566 5189.915904170455   
15501 217014 0.00015281616421924303 480453.5469991648 5189.915904168365 5.1899159041683970e+03 5189.91590416842 5189.91590416856   
15601 218414 6.588678403161784e-05 595092.3807939916 5189.9159041681305 5.1899159041681305e+03 5189.915904168139 5189.9159041681505   
15684 219576 1.5046093343547408e-05 660761.3422823356 5189.915904168116 5.1899159041681160e+03 5189.915904168118 5189.9159041681205   
