% # columns="iteration, evaluation, sigma, axis ratio, bestever, best, median, worst objective function value, further objective values of best", seed=44, Mon Jul  6 01:08:56 2020, <python>{}</python>
1 14 50 1.0000483345014077 11867.784343019292 1.1867784343019292e+04 15102.52344293185 16386.6161738097   
2 28 48.90382027896125 1.0654133084519377 11690.16990294846 1.1690169902948461e+04 14639.723720876069 15809.20062609842   
3 42 46.06269028665764 1.0868056348742514 11690.16990294846 1.2756437894919607e+04 15189.258976562618 15999.763547206325   
101 1414 0.27975686872667765 1.7936543566860832 5466.530821664486 5.4731277067300489e+03 5496.180081874701 5511.201754291578   
201 2814 0.029306607193381216 4.768047476142396 5408.467104391072 5.4085442155846167e+03 5408.753611254554 5409.236283553944   
301 4214 0.0005524371173696918 6.033636349609247 5408.043318540482 5.4080433185404818e+03 5408.043394059026 5408.04348611227   
401 5614 1.086175713366782e-05 6.544428335105879 5408.043192722188 5.4080431927242607e+03 5408.043192739811 5408.043192760251   
501 7014 1.4598101026051157e-07 6.6764466957035715 5408.043192691135 5.4080431926911369e+03 5408.043192691142 5408.043192691148   
560 7840 3.602615757369833e-12 7.4783664242884855 5408.043192691128 5.4080431926911297e+03 5408.043192691133 5408.043192691135   
