% # columns="iteration, evaluation, sigma, axis ratio, bestever, best, median, worst objective function value, further objective values of best", seed=1067901, Sun Jul  5 15:32:23 2020, <python>{}</python>
1 10 53.86572806994929 1.0000450010125153 2983.77237542888 2.9837723754288800e+03 3214.6706341613854 3724.386089126649   
2 20 54.889375060621205 1.1692203358702968 2879.075064171502 2.8790750641715022e+03 3230.42265444572 3713.348822027854   
3 30 53.79566659935585 1.2448160148206409 2879.075064171502 2.9256387951940983e+03 3243.7517845896245 3517.911391694325   
101 1010 193.3073271802186 3.610057020983677 2266.441454870565 2.6882847017175827e+03 3411.103780818789 3733.6470474449443   
201 2010 7589.509972930246 7.791495282859664 2266.441454870565 2.5494872290421426e+03 3194.586429638105 3968.5614220723055   
301 3010 2983.897984483623 25.29810894048714 2209.450414887244 2.9779446253604274e+03 3296.4724929324184 3892.0416779514962   
401 4010 5023.554542419966 37.14963032813781 2209.450414887244 2.5311122060408229e+03 3540.4089729872358 3918.3768125434503   
501 5010 2088.5468900012697 80.99197049559032 2209.450414887244 2.7225552500342419e+03 3367.9722278834124 3896.627205527043   
535 5350 4811.459344221562 77.85993076734475 2209.450414887244 2.8025668303562747e+03 3400.2916627609206 3523.6199861801506   
