% # columns="iteration, evaluation, void, void, void, xmean", seed=1067901, Sun Jul  5 15:32:23 2020, <python>{}</python> # scaling_of_variables: 1, typical_x: 0
1 10 0 0 0 -6.405441379424224 1.8219249775534867 -6.7529681063172085 -30.1240331307262 32.53950350470267 -25.81926068310064 28.148683101198674 -24.011901381583556 2.3257351319544197 -54.83268676169658
2 20 0 0 0 6.985447429468292 17.165200724291854 2.0740711763648534 7.654709938327112 33.67802324724495 -25.015792954269017 53.336071658311724 -43.51881549273337 -19.225338206477204 -32.46107979854317
3 30 0 0 0 1.6827304613096894 17.522080126338913 -7.896137074975467 -0.09442849715107826 40.18271407978101 -22.788981873439127 21.495250551803245 -41.933929393710805 9.332202463530905 -49.130483428627535
101 1010 0 0 0 163.78597740031142 -276.2805998726507 -96.60792053550949 59.11809093854794 82.28855800190597 81.06677030474027 202.42600878680378 5.128928250016045 -78.91634418780424 -142.5360078089323
201 2010 0 0 0 16000.808496372045 -5813.126353364525 -62.91229289850412 21927.10266899147 -31821.417293425427 -112.220043894843 5665.116577506205 -718.0047903209123 4701.866472499794 10277.476029574751
301 3010 0 0 0 18012.388493034003 -17427.016146006026 3339.866620258564 43881.26992315921 -40236.303241633985 -12395.629843701234 18403.669995416923 -25960.398915118854 1581.0389565095163 16981.445212154453
401 4010 0 0 0 142484.29737322405 98888.85014221472 90868.37174906507 144866.28465526362 -15482.917729060435 25971.539204868335 -49783.76148527152 59917.74616583172 40428.16212629209 10661.533317092453
501 5010 0 0 0 135969.4861114101 76114.9013182786 97806.56686811318 120839.19925141601 -24914.93137160397 14200.191349284629 -21356.205858985475 46877.32367143561 13765.529839376633 667.8335605720272
535 5350 0 0 0 129665.09441434818 60569.749516070835 94207.78679389102 106442.46990197177 -29947.07768064327 4061.4088833061223 -8675.02262524856 35319.28285096384 1548.7491648257615 -1040.3661887066332
