% # columns="iteration, evaluation, sigma, max axis length,  min axis length, all principle axes lengths  (sorted square roots of eigenvalues of C)", seed=753888, Thu Jul  2 11:16:26 2020
1 14 51.78822597172756 1.0000483345014077 1.0 1.0 1.0000016666680556 1.000003333338889 1.0000050000125 1.000006666688889 1.0000083333680556 1.00001000005 1.0000116667347225 1.0000133334222225 1.0000150001125006 1.0000166668055563 1.00001833350139 1.0000200002000015 1.0000216669013906 1.0000233336055577 1.0000250003125026 1.0000266670222253 1.000028333734726 1.0000300004500045 1.000031667168061 1.0000333338888951 1.0000350006125072 1.0000366673388972 1.000038334068065 1.0000400008000108 1.0000416675347343 1.000043334272236 1.0000450010125153 1.0000466677555726 1.0000483345014077
2 28 56.21276046837125 1.0310028992153875 0.9625175746038936 0.9625175746038936 0.97753212553397 0.9830944545358345 0.9860686490318615 0.9908741150030977 0.9964607674729389 0.9982362346613914 1.0000039846069126 1.000009311462064 1.000010326108808 1.000012639204788 1.000015163454406 1.000018510975283 1.0000205634113981 1.0000229957566598 1.000025477865959 1.0000261065226403 1.000029584703357 1.0000304787971193 1.0000333404119246 1.0000370228499715 1.0000412021830998 1.0000421418225334 1.0005472823713852 1.001998722398534 1.0035804863611077 1.004122189941066 1.0091323082720667 1.0165702711704505 1.0310028992153875
3 42 63.47757528296253 1.0449744385500566 0.9549569187063428 0.9549569187063428 0.9676236114079683 0.9745434936632427 0.9796044423025667 0.9840610119298862 0.9865075873345017 0.9890441607429915 0.9902181496639959 0.9926431736906098 0.9958122172159253 0.9978156121307022 0.9990178936828239 0.9995039501852326 0.9999041968194741 0.9999105677581511 0.9999160141946659 0.9999205288035975 0.9999313274267788 1.0001114346955262 1.000488432035367 1.0008436628925048 1.0011924817042144 1.0020947751316367 1.0033840197710888 1.0047037361050462 1.0082971087571737 1.014888003520971 1.02041948279322 1.0228066030859966 1.0449744385500566
101 1414 0.2576305962062626 1.255582622126523 0.7287097600048729 0.7287097600048729 0.7501557822432762 0.7890259033534138 0.8084586266771389 0.8104663757444638 0.8238206795399232 0.8294922328424773 0.8434451625204559 0.8606499944238171 0.8649314964439301 0.8790986849534078 0.8928908045897952 0.9019686713207792 0.9102862796201986 0.9162986259348359 0.9375473187411747 0.9459163858749207 0.9488843267828097 0.9577228380658452 0.9832049081378214 0.9885244046606297 1.0027367111343837 1.0244663202019821 1.0455175545783062 1.0660562636392688 1.0855252718622357 1.1179370854768893 1.136773949560671 1.2318020578745446 1.255582622126523
201 2814 0.25406521040100855 2.1839193389716876 0.5534325297247404 0.5534325297247404 0.5839764076715942 0.6397405744252125 0.6592708001964523 0.6773334594249191 0.7060222586253956 0.7243844207417081 0.7391776318181543 0.7525597261275063 0.7859784849176278 0.8020056027092808 0.8172079300537632 0.8239794556882633 0.832639461671316 0.8646199505068388 0.8797402456942917 0.8962744860866759 0.8976284938089009 0.9367794847105021 0.9476696702180207 0.9693415247696594 1.0058894078431893 1.0205289450428572 1.0644298059977997 1.0950362693005984 1.1234736048000837 1.1574252294497471 1.2007833937571553 1.221767845055052 2.1839193389716876
301 4214 0.21956182711870081 3.7998323195604766 0.4235863129635596 0.4235863129635596 0.45035434607976194 0.500230054926601 0.5481186956613268 0.5615238361594866 0.5710997237771309 0.6095302901639764 0.6214589580184963 0.6499754379997171 0.7221916584975986 0.7454359316136513 0.754317807629652 0.7645999841448382 0.78839109277015 0.8135665401473694 0.8371779763561105 0.854366394264465 0.8718785822379046 0.9378837305704508 0.9481486623981138 0.9695870529155716 1.0179780134395786 1.0421682010481765 1.0733208080138679 1.0929613763115436 1.1182268204847428 1.2016221093847463 1.2292799830122083 1.5837209648134871 3.7998323195604766
401 5614 0.19180894425669948 5.133332857437862 0.320595185859883 0.320595185859883 0.32909168325286503 0.38587071268887746 0.41772586776215337 0.43643944554511716 0.46473222621951743 0.5033644744142204 0.5276181034786509 0.6161554186874377 0.6563735231081372 0.6701837518416743 0.7116632968032572 0.7343125526259052 0.757354892101694 0.7892277243724553 0.8356484034247801 0.8572597862999857 0.8982530313019561 0.9144750640047209 0.925834914476732 0.9377361439380905 1.0100885312066121 1.0423127524249214 1.0877457504394275 1.135439052340383 1.1709827651507525 1.2700492019579495 1.3776048320428573 2.8694874851307017 5.133332857437862
501 7014 0.4014265406521079 6.269177132547043 0.24159764018857616 0.24159764018857616 0.24791262039124132 0.2980772073508274 0.33276962991997333 0.3551971036213478 0.3777046403166686 0.41545075495657013 0.4450196670737386 0.5374211921466632 0.6282273848117903 0.6487289892548225 0.657997640024711 0.6771439037229894 0.712364425458286 0.7714907303469841 0.7779117420289181 0.8588798584512167 0.8612897309240912 0.8992482894477228 0.9485225981767283 0.9672005429791127 0.9810688902307451 1.0486482171090257 1.093145188226442 1.1192715032388791 1.2485633058529995 1.3299177024476734 1.7227250059944472 3.351413937181398 6.269177132547043
601 8414 0.40673196193583583 6.318165391685081 0.18936284215621696 0.18936284215621696 0.19814783514073941 0.23943963488075465 0.25217888404288713 0.28195852550055545 0.29701379151040425 0.33059190532231136 0.35916256583036954 0.4309157443410743 0.5842457880538531 0.5989034781852873 0.610322866455695 0.6628450669044847 0.6810800022476682 0.7235389140040949 0.7459514854595337 0.8171360186758733 0.8574862936778743 0.8851736708616724 0.9329316283957839 0.9806416900134411 0.9881081847149122 1.0031163271267989 1.1047018960318666 1.1339291753490384 1.3444040147544813 1.8061827414424882 2.978412286786223 3.580215156020412 6.318165391685081
701 9814 0.17764810673425277 5.929085507583319 0.1438975282323978 0.1438975282323978 0.15813779284989146 0.18640918057455902 0.200983929191387 0.22203496779611967 0.24639426457311803 0.2596105598769576 0.2729871347431033 0.3544015575480553 0.5409737540585703 0.5850504224998773 0.6070634030450258 0.6537607714782545 0.6828481328244941 0.7270751681155105 0.7769578215851747 0.840164157850186 0.8573332862814841 0.8604472252987362 0.9021422011473217 0.920849471771777 1.0229415905877661 1.0603244627278678 1.2076425025066548 1.3734639486842626 2.0341985637578364 2.7689822036515133 2.894187239437433 3.505045139492774 5.929085507583319
801 11214 0.0279980050684554 5.311443794953162 0.11642775471129418 0.11642775471129418 0.13320705259828036 0.15546555942990953 0.16974930908888647 0.187691737928809 0.20838947263381208 0.22823599226597516 0.2345545910334314 0.3030526827844673 0.5258353058297479 0.5502879112253763 0.5761483258814132 0.640038460317048 0.6510219114706834 0.6920376205214055 0.7588239751792722 0.7811581290477491 0.8062172410008508 0.842946495631521 0.9082523030462851 0.9534258884229436 0.9892455361656705 1.0624559800949536 1.178936564347322 1.766590084206111 2.234327194117549 2.7356573897231233 3.0185701068663477 3.889454891342434 5.311443794953162
901 12614 0.000444426254114817 5.336484360064685 0.10688857946405593 0.10688857946405593 0.1207636374251979 0.14427126678137078 0.16066320478274787 0.16540258491137996 0.19048391825489583 0.2046998975754395 0.21464211977507086 0.26801736639423424 0.4895003828047547 0.5152408435144858 0.543157676446775 0.5825390959812183 0.6069118327105771 0.6577507607332119 0.7125604052921846 0.7474238484669201 0.7636580468167302 0.7854065623331484 0.8803008693501004 0.9231404632398569 0.9450338908595443 1.0108025199356554 1.084543579099333 1.7020671021195914 1.8899914563541684 2.3336976494906954 2.793678291991762 3.265495953591884 5.336484360064685
1001 14014 1.0021915593982895e-05 5.315165697520462 0.10254030072706082 0.10254030072706082 0.1157856460733554 0.13665108433982093 0.14053567695414126 0.15191757494086236 0.17262752043462212 0.19894086090311336 0.20910503603057598 0.27307468604527024 0.46932242358601267 0.5026584613589826 0.5183176979237603 0.5444077545361182 0.5734817147234146 0.5896874526840004 0.6368980460552088 0.6968626092210897 0.7230391986505391 0.7356034942978609 0.823783308549635 0.8792416683615593 0.946158698236919 0.9862307282440078 1.038777195574168 1.2598707187042548 1.6604160334003384 2.0863939018700592 2.7696368487318552 3.263314289822024 5.315165697520462
1101 15414 7.81874596693231e-08 5.2526860526534245 0.09160256416569455 0.09160256416569455 0.11164084399281848 0.12630552596050776 0.1326779983903562 0.14093406007269185 0.15328683125662745 0.18279769143027003 0.19494063791571423 0.26760831107627947 0.3428076974357181 0.437535968540643 0.46812074527707986 0.5007271766712877 0.519908270294964 0.5394330908736071 0.596443007317503 0.6525930399304228 0.679535407800178 0.6839285275148911 0.7803142544598497 0.8169359953526625 0.9202144942524166 0.9394081814158678 1.0208473859746658 1.1444152575123139 1.559007899885069 2.058072676793604 2.6926482594487875 3.1376150218856536 5.2526860526534245
1201 16814 7.87254780174466e-10 4.965863093969547 0.08646054773899904 0.08646054773899904 0.10304443817705063 0.1186521868513073 0.1242924901223999 0.13221986259616758 0.14789684697669692 0.17345913531594293 0.18211151528969102 0.2009868696551546 0.2422925116183847 0.40191630926475486 0.4455423560140241 0.45953313770523624 0.49646380509678406 0.5139909704541961 0.5717155254261974 0.5944068438957361 0.6295602912387152 0.6504153826978455 0.746679098884202 0.7519749585239581 0.8716505662493439 0.8998584134091498 0.935710664083729 1.0623180986961591 1.5036012083981776 1.8823647520275988 2.659002735317444 2.9907973978114573 4.965863093969547
1301 18214 2.8206716858673042e-11 4.495657533735912 0.07527742135904551 0.07527742135904551 0.0957082341188548 0.10106122499929104 0.11129190334628865 0.1213301922782847 0.13165912332470267 0.1440565045229791 0.15996196868977125 0.17873559504815312 0.2499284954084659 0.37817089219513306 0.41105404945616547 0.43062021630955644 0.4832442016341994 0.5056209257550957 0.5407981147079443 0.5834508242390934 0.5912637371743404 0.6173935643602431 0.6643940500771434 0.7343871579915298 0.8128998682674875 0.8308095692416416 0.9042505826133016 1.0183672006602316 1.3598041301889545 1.7957149645178248 2.509823584410695 2.869080286722076 4.495657533735912
1348 18872 3.169034010411365e-12 4.357385796139921 0.07225226890170262 0.07225226890170262 0.07768859180045269 0.09518292132808343 0.10309056740785325 0.11693070422625727 0.125047958862694 0.14030597625873004 0.1584736275379897 0.1739854771957866 0.23744751615532667 0.3628826825882499 0.3913267411399216 0.41699654714260503 0.4619252358631802 0.4909276246983661 0.5203969194370212 0.5521609678600815 0.5849819041480441 0.6083428804121328 0.6595021647533751 0.7202048876362532 0.7772823615153106 0.8236570147526316 0.8994987910615699 0.9966735614128724 1.2858482954695 1.7719244265884868 2.4758017104828447 2.7745187036698113 4.357385796139921
