% # columns="iteration, evaluation, sigma, max axis length,  min axis length, all principle axes lengths  (sorted square roots of eigenvalues of C)", seed=738731, Thu Jul  2 11:10:53 2020
1 14 46.40768885076887 1.0000483345014077 1.0 1.0 1.0000016666680556 1.000003333338889 1.0000050000125 1.000006666688889 1.0000083333680556 1.00001000005 1.0000116667347225 1.0000133334222225 1.0000150001125006 1.0000166668055563 1.00001833350139 1.0000200002000015 1.0000216669013906 1.0000233336055577 1.0000250003125026 1.0000266670222253 1.000028333734726 1.0000300004500045 1.000031667168061 1.0000333338888951 1.0000350006125072 1.0000366673388972 1.000038334068065 1.0000400008000108 1.0000416675347343 1.000043334272236 1.0000450010125153 1.0000466677555726 1.0000483345014077
2 28 42.89103299049846 1.0295419153503875 0.9707095419690124 0.9707095419690124 0.9752334773863846 0.9814269579885725 0.9861755290783857 0.9894084936392209 0.995587289199431 0.9989580320334559 1.0000077258256508 1.0000095496348371 1.0000115544604715 1.0000139088359445 1.000018824555411 1.0000205351768394 1.0000239321325348 1.000024323807118 1.0000273926553211 1.0000312709569699 1.0000331897383912 1.0000340006781505 1.000035124596217 1.0000368141780809 1.0000380402520572 1.0000401595696085 1.0005749309272451 1.0022494454954896 1.0051252178817303 1.0060696795018944 1.0105946537370287 1.0128323853465784 1.0295419153503875
3 42 41.03710945833712 1.0335003549382094 0.9589947578071659 0.9589947578071659 0.968872164871916 0.9736340162426498 0.9769384728675272 0.9800782417530733 0.9833756446710016 0.9901155896372716 0.9931919712613353 0.9942852031961977 0.9964322186185072 0.9967856285685446 0.9985117726319949 0.999202556148581 0.9997247829145139 1.00002112148008 1.0000244267903429 1.0000393698282712 1.0002260295496612 1.0005065090585956 1.0010716175853298 1.0012514166915485 1.0020254909395077 1.0029776323158504 1.0051290708693705 1.0062368097029963 1.0086775302576125 1.0101210446133115 1.015420220714088 1.0269597975850262 1.0335003549382094
101 1414 8.198776514831243 1.2728769407165546 0.7496233975376241 0.7496233975376241 0.7617320839574615 0.7750541316335022 0.7860125929784638 0.7870039407474166 0.7934886095598543 0.8153669296856247 0.8294245579835268 0.8406448620780309 0.8617686614222215 0.8854685381873186 0.8922265832180839 0.903127669269445 0.921044497994942 0.9274960568336474 0.9366796842676928 0.9456490267456237 0.9525343260823272 0.9658701284921517 0.9838794802121259 1.0135791396269547 1.0215984739523223 1.0393583413689744 1.046021472688397 1.0643543402389262 1.081788469481025 1.1369993080774454 1.1763723661291483 1.1805954305535011 1.2728769407165546
201 2814 2.5160147916625344 1.3913920556580044 0.6516086650233074 0.6516086650233074 0.664942248454408 0.6747233036694806 0.7006791599874382 0.7054346402503981 0.7347890646804948 0.7381093060861555 0.7635537029923004 0.7788916901456423 0.7916943283873863 0.7985616032426153 0.8125768337240159 0.8362694828330604 0.8480473551308509 0.8537030380423131 0.8757742847260757 0.900010495638202 0.9126089856541509 0.9157113097075726 0.9327370328040259 0.9750646911021816 0.9957700970436368 1.0205673001648459 1.0322272967004464 1.0793333826567302 1.0836884479626878 1.11993994677138 1.192422433683349 1.2005407818682245 1.3913920556580044
301 4214 0.15332652441507627 1.1766621352166629 0.5586781386351577 0.5586781386351577 0.5691150829268583 0.5930837982120821 0.6132946473920475 0.6465582178354448 0.6533764299911266 0.6645523822252841 0.6751998853029828 0.6963902323520327 0.706642712547034 0.719165771322909 0.7344033308300039 0.7605758904451395 0.7666117172160603 0.7716003199396871 0.786649649595574 0.8063463346412336 0.8333377399952342 0.8418265617861076 0.8731414095392627 0.888106136126878 0.9140854504863738 0.9324596434525818 0.9652618170431164 0.9784499664891758 0.9899402025537132 1.0056086965768531 1.0451040013243738 1.0975940938028717 1.1766621352166629
401 5614 0.0032902088061673874 1.0269691528799463 0.46405499631584285 0.46405499631584285 0.4843847440678022 0.5093859526080755 0.528488630789666 0.5581843431852626 0.5723737955977577 0.581521902353635 0.606201526482794 0.6287430147490461 0.6364956170365065 0.6481857201513714 0.6541629022971233 0.6685296972039175 0.6747003700287373 0.6943787005436646 0.7199519630523903 0.7242125977802761 0.7454375744278194 0.7601008045093536 0.7784736692443753 0.7971062653607656 0.811356673407979 0.8339725131259154 0.8553222608269185 0.866814894309376 0.9054794272256244 0.9585249643735928 0.9848099848406533 0.9956825700765142 1.0269691528799463
501 7014 6.113324047424195e-05 0.927441184450644 0.38452734504715824 0.38452734504715824 0.405389477688735 0.42713967879600023 0.4614801314415021 0.4826282982042174 0.4943753598079184 0.5098987487529241 0.532693530027666 0.5519051776846922 0.572519121564735 0.5904506341141711 0.6061194672844379 0.6131325536397468 0.6216899055918893 0.6293285251542006 0.6433666175134076 0.6668682349483714 0.6814501651824338 0.6862599445019002 0.7031755770067174 0.7152262750757473 0.7324433305215342 0.7388939172326766 0.7580135811485157 0.7761408128700679 0.8056108757642935 0.8404145080369471 0.8769761450314246 0.8893709175217094 0.927441184450644
601 8414 1.027696874190878e-06 0.8161863016968416 0.3283199878160562 0.3283199878160562 0.3566983496367304 0.3728483525631473 0.41219585254684066 0.43056507043074255 0.43799628423302467 0.45373505308425677 0.46688843209541736 0.4910233219787785 0.5015625504553924 0.5298793769555994 0.5317602043164682 0.546799078754748 0.5665713428819285 0.5682298952576309 0.5845149695812781 0.6071353020216139 0.6144151940492653 0.6246550482687043 0.6415738482798338 0.6495296975229111 0.6629721599501219 0.6753694970114955 0.6783279335597526 0.7028453865660683 0.7076864297422906 0.7288178868354886 0.7575463339711788 0.801641619649241 0.8161863016968416
672 9408 1.071465856721845e-07 0.7678859445656491 0.28812710996130864 0.28812710996130864 0.3136603545929859 0.34231663241771554 0.3695393274774093 0.4004796539641842 0.412298841654043 0.4221544911697408 0.4483435425842427 0.4538388135537009 0.4673986915807121 0.48396741377815644 0.49901797096886497 0.510878705757099 0.5247407028204175 0.5297037405188483 0.5461998055590445 0.5607561290480436 0.5749316591168554 0.5801659382354082 0.5990748243334697 0.6046831006482958 0.6164892818073245 0.6282669999927788 0.6459042617735861 0.6471718642921896 0.6589747193356565 0.6955061256030615 0.7011439111687251 0.7439203055012277 0.7678859445656491
