% # columns="iter, evals, sigma, 0, fitness, xbest" seed=831491, Fri Jul  3 09:35:14 2020, <python>{}</python>
1 10 50 0 3147.62064121397 43.991661300334286 22.052916751013445 -46.88597944872837 -49.07565234547414 -80.79242169004439 -12.86438140589098 28.37762563290046 42.66537773196677 -40.746287603468325 12.581965079099632
2 20 53.44695528736232 0 2049.6342196215965 17.637034461897162 41.57091784752319 -81.0627539830621 -5.9152821760653325 -26.407330262318858 -0.9868422747260936 16.47675858565591 16.318173445405947 21.932307148756582 -27.834831091165476
3 30 59.86086815609052 0 810.6398933291765 -32.20558164226561 78.09387785514559 -35.88873410502658 99.66275270789285 -3.181376923489509 12.269872458798341 98.96699862381789 72.62255354654579 -27.22080568756909 -25.828924831311266
101 1010 0.975894215692473 0 405.2767193920652 47.58052560536807 70.20225235673361 -73.0477667856729 54.343257834395814 17.381634121489554 -33.34242378199963 12.221280611129174 77.63500903476316 13.103945528664074 51.662522539380575
201 2010 1.0207085523756512 0 401.9822868850354 58.236975958539 33.31631767258022 -70.00523073749906 50.168830192496785 30.443906096935297 -18.358227899041797 -5.160198102082419 63.66376324851533 2.885522387987308 74.67498148601956
301 3010 0.7778639491122931 0 400.1465503472746 40.216653465953215 12.002974780412151 -60.359653650277835 71.82137138354292 22.027881372069892 0.30952287949201895 -6.237619292087784 61.84557108507752 -23.067478115436955 75.50777274488715
401 4010 0.08471716279501944 0 400.0000903195375 32.45975327268901 7.722967653506018 -56.43107092333298 77.51577897792049 19.653153907164263 9.526205458447187 2.6224081032671362 61.827392342149146 -33.77060442530651 71.32431457420745
501 5010 0.0003847718774624459 0 400.0000000003424 32.51096148677104 7.755475373214447 -56.45769270306462 77.49253997996172 19.668611911215635 9.462563995811038 2.5451594025322755 61.838886300105166 -33.705171317921085 71.36537319297665
577 5770 1.075046394909303e-05 0 400.00000000000006 32.5107238202919 7.755312066697068 -56.45757683468807 77.49269256060967 19.668558162330342 9.462876721027595 2.5454783034504365 61.83889396643495 -33.705518702283165 71.36522434818087
