% # columns="iteration, evaluation, sigma, axis ratio, bestever, best, median, worst objective function value, further objective values of best", seed=42, Mon Jul  6 01:14:27 2020, <python>{}</python>
1 14 50 1.0000483345014077 6192101357.802383 6.1921013578023834e+09 20445397330.69717 45475198799.73212   
2 28 47.831672757538826 1.063452019636107 4831860514.895331 4.8318605148953314e+09 15292175162.525517 55257253160.874344   
3 42 50.894608551347794 1.0974370394873092 3300773553.478797 3.3007735534787970e+09 7175290578.050734 19147021658.871994   
101 1414 0.1900846396229624 2.9294232058629643 4815642.038380377 4.8281410565881059e+06 4906696.533920104 5009333.147422573   
201 2814 0.20731672813222782 14.117835121839168 728903.2728544076 7.2890327285440755e+05 783595.9468813385 913376.0908551113   
301 4214 0.1626423389061603 34.314843845819865 327124.93289805873 3.2712493289805873e+05 348408.5123661143 417299.51766580297   
401 5614 0.056266803769075835 60.95671037809946 180385.9338755454 1.8038593387554539e+05 182056.61779282865 185996.29439738102   
501 7014 0.06231553445394843 81.9431707155184 62753.402608574106 6.2812094090857747e+04 65062.77595455361 76022.54023222298   
601 8414 0.04518253090401816 124.40159430117691 49995.157270914046 4.9995157270914046e+04 51121.105474032986 52164.376463786655   
701 9814 0.039487286902099766 166.07960119045336 28684.15193922897 2.8684151939228970e+04 29010.764684175116 29952.650522960303   
801 11214 0.031104507831947244 297.98159957072676 26150.593302772297 2.6167979454673165e+04 26221.33529875286 26302.744518857773   
901 12614 0.009934932619028046 368.07722220391486 24137.64310826783 2.4139561994695123e+04 24145.400140918657 24155.26468764511   
1001 14014 0.04436328729041997 383.65621020028726 23114.58140444702 2.3151377044935798e+04 23240.120625408857 23337.63743705309   
1101 15414 0.04244056607706165 519.1170124426945 16255.12072419588 1.6255120724195880e+04 16382.800021111045 16581.209236866383   
1201 16814 0.013248667017522425 862.1097786870045 15733.574200897174 1.5733574200897174e+04 15742.85074341988 15753.173732819629   
1301 18214 0.07272864613018137 915.0103147940623 13113.57725913423 1.3113577259134230e+04 13317.354220975463 13497.203997695302   
1401 19614 0.0016828597600121935 881.7588330146463 12959.132607967018 1.2959749934165751e+04 12963.194543155962 12967.32687305724   
1501 21014 0.0008885044972582573 794.986996403466 12938.998813577171 1.2938998813577171e+04 12941.266762327225 12943.746045216485   
1601 22414 0.042509288629946414 1181.6732677263794 11945.614925285921 1.1945826403265841e+04 11974.546471509662 12042.854552240515   
1701 23814 0.0323227619349023 1096.4803288358064 10935.428177540452 1.0940089646129503e+04 10953.409231040117 10968.55905042899   
1801 25214 0.00014628085202561116 1038.2247091930958 10910.077569950527 1.0910077569950527e+04 10910.124049193877 10910.195515885343   
1901 26614 0.00039053218095972954 1099.8154639558134 10907.23445298904 1.0907234452989040e+04 10907.455833067052 10907.927496629536   
2001 28014 0.0014100892544580898 1899.0677942809518 10887.812102587835 1.0888466140650698e+04 10889.21691973607 10890.380246927298   
2101 29414 0.0698102875928583 2253.261135524669 9724.862615328073 9.7248626153280729e+03 9919.372679239706 10193.832285838434   
2201 30814 0.02692746637942103 3256.5405897855458 8118.002260493915 8.1180050540298098e+03 8128.308188804236 8131.925723189859   
2301 32214 0.0013741752651000936 3921.115476313025 8009.20654091697 8.0092065409169700e+03 8009.997837839379 8011.053502415259   
2401 33614 0.0004293236972313427 4705.587793873714 8007.967182300665 8.0079671823006647e+03 8008.035765724853 8008.0752978138435   
2501 35014 0.0007958374553726392 3849.6478284839936 8006.780489391735 8.0067804893917346e+03 8006.915818781894 8007.049635884252   
2601 36414 0.0025297378265375908 3799.918182610792 8000.7977281126805 8.0007977281126805e+03 8001.415201435616 8001.830416660893   
2701 37814 0.006164142784045271 3747.8835000698336 7971.2800910232845 7.9712800910232845e+03 7973.244159991573 7975.552440139763   
2801 39214 0.010400268609364322 3413.865981904249 7780.584318808551 7.7824480708586234e+03 7784.024223808334 7788.5289808241305   
2901 40614 0.0014232387257723353 3809.7712064687476 7768.6976097593 7.7687150993107825e+03 7768.7926184968255 7768.853685975971   
3001 42014 0.007241258696890869 3736.758302517861 7760.549982084072 7.7605573578117037e+03 7761.365938774223 7762.055856972394   
3101 43414 0.06692388143839041 3565.357174129613 7517.667337004213 7.5176673370042126e+03 7536.106387400862 7548.260607662813   
3201 44814 0.03592472772112865 5044.512267939825 7099.353513348651 7.0993535133486512e+03 7105.489513576209 7132.142653107385   
3301 46214 0.002386446015435976 3812.7540663030168 7079.858248494936 7.0798582484949357e+03 7079.98052512145 7080.068375299536   
3401 47614 0.011500349937286033 4199.449643507109 7053.468404043166 7.0547259077728886e+03 7056.915503121189 7061.265422189065   
3501 49014 0.010434949132822818 5004.5938504059195 6917.02270013755 6.9170227001375497e+03 6920.884522037141 6924.680975521098   
3601 50414 0.012875673849024804 6491.762387947807 6682.5386066354695 6.6825386066354695e+03 6685.28810387594 6703.749411205732   
3701 51814 0.00685286173341642 9375.962811811816 6442.3496420099 6.4423496420099000e+03 6444.964373864346 6455.584938231127   
3801 53214 0.006915100817988155 20166.338339889167 6304.735871165978 6.3071251230069302e+03 6311.489036073527 6322.97363032027   
3901 54614 0.0030597239283519273 19709.46175452515 6185.403693274499 6.1854036932744993e+03 6186.0941416260175 6187.287566392309   
4001 56014 0.0014544605465765692 12977.33215382908 6180.10876253449 6.1801087625344899e+03 6180.165256028566 6180.337919124071   
4101 57414 0.003642751689128924 12037.361021426197 6176.675681366247 6.1766756813662469e+03 6177.550583239088 6177.7701130677215   
4201 58814 0.001997551330326557 9148.272876405628 6125.71108747476 6.1257110874747596e+03 6125.833386135933 6125.948435853167   
4301 60214 0.007258442817599618 7178.302786773563 6121.060557406803 6.1210605574068031e+03 6121.313581737087 6121.839745936882   
4401 61614 0.03728010956596263 6102.3565989303115 6058.8601156931445 6.0588601156931445e+03 6067.40087201092 6075.487880026383   
4501 63014 0.008066120631801791 5762.769633709528 5823.863200491299 5.8239041855448986e+03 5826.337561888071 5828.572259243146   
4601 64414 0.0018223466020268772 5664.052998766906 5820.170328401569 5.8202090179426341e+03 5820.296007736077 5820.469137662598   
4701 65814 0.0039076814311688165 6310.228992852024 5816.67570953326 5.8166833873266669e+03 5816.791844190188 5816.9548637273465   
4801 67214 0.002564346367808873 7150.195546575067 5814.414368704363 5.8144143687043634e+03 5814.506255092063 5814.636710101101   
4901 68614 0.007778397703676907 7697.8565299826805 5809.596682393861 5.8095966823938606e+03 5810.086974005473 5810.466003349756   
5001 70014 0.00471927026714145 7948.979150234583 5799.399104785042 5.7993991047850423e+03 5799.508561143443 5799.810169277427   
5101 71414 0.00018125511404173044 7080.354756531472 5797.902182931804 5.7979021829318044e+03 5797.908268304134 5797.916347607128   
5201 72814 6.617990950946438e-09 5312.5409599044315 5797.8971068633455 5.7978971083616898e+03 5797.897114094638 5797.897124166493   
5301 74214 1.2190061741386188e-10 3964.0761814359075 5797.897102732479 5.7978971027324787e+03 5797.897102742759 5797.897102752338   
5401 75614 1.0773462277238417e-10 4350.416422151851 5797.897102584551 5.7978971025845512e+03 5797.897102587759 5797.89710259319   
5501 77014 1.3508855571503182e-10 4116.338089047287 5797.897098662039 5.7978970986623508e+03 5797.897098664493 5797.897098669888   
5601 78414 1.2193026073313786e-09 7362.923888597196 5797.897097927784 5.7978970979277838e+03 5797.8970980145 5797.897098131971   
5701 79814 3.162677838296112e-08 40899.975533854675 5797.8970121450675 5.7978970121450675e+03 5797.897021534229 5797.897033745866   
5801 81214 1.4349640329288453e-05 32352.727356927182 5797.864537221826 5.7978645372218261e+03 5797.86496584405 5797.865253815578   
5901 82614 4.7624420909270796e-09 32317.071736152946 5797.863962478033 5.7978639625021897e+03 5797.8639628186675 5797.863963678294   
6001 84014 1.5272560272188584e-09 33512.364886134994 5797.863961942984 5.7978639619429841e+03 5797.863961986868 5797.863962047008   
6101 85414 1.8577470512111887e-08 34720.43264306341 5797.863950766181 5.7978639516954981e+03 5797.863952523501 5797.863954274013   
6201 86814 4.838140593928445e-05 38167.94513568566 5797.848943543425 5.7978489435434249e+03 5797.850848523145 5797.85416918364   
6301 88214 0.00012666773484351168 24141.90105179645 5797.82664165982 5.7978266416598199e+03 5797.827489994025 5797.829685208029   
6401 89614 0.0002957646749893231 15359.549927630404 5797.7690487947275 5.7977690487947275e+03 5797.77430869843 5797.783540065748   
6501 91014 0.0005310770291477974 10785.344001274625 5797.596617307785 5.7975966173077850e+03 5797.606264650751 5797.611100907778   
6601 92414 0.0016480631208701752 8608.347816247426 5797.143023941639 5.7971474219684123e+03 5797.173722545911 5797.198988396585   
6701 93814 0.010481596813078402 7005.8564414612565 5791.624016371986 5.7916240163719858e+03 5791.864666842595 5792.5399749134   
6801 95214 0.005869065116100604 7641.544799717029 5770.44472302712 5.7705114582295773e+03 5770.567359800772 5770.807418494222   
6901 96614 0.009956546691661503 7116.427086710882 5769.035537494324 5.7691655859824677e+03 5769.232016587626 5769.379828847849   
7001 98014 0.005366887321625381 8280.078903487205 5766.436034463133 5.7664360344631332e+03 5766.479102513369 5766.5206908164455   
7101 99414 9.634334302039548e-05 5682.893712999194 5766.329906363169 5.7663303318263006e+03 5766.330856261542 5766.3321421008295   
7201 100814 2.1724695560933004e-08 5409.193592646858 5766.328519537913 5.7663285195379131e+03 5766.328523172544 5766.3285303706725   
7301 102214 1.5203896379424319e-09 6252.9960444943 5766.328518373589 5.7663285183736807e+03 5766.328518383293 5766.32851839656   
7401 103614 2.014893136381967e-08 14189.305316617712 5766.32851296433 5.7663285129643300e+03 5766.32851373471 5766.328514439879   
7501 105014 4.395923249135812e-06 43705.87216582315 5766.327544489795 5.7663275444897954e+03 5766.327660337549 5766.328015260602   
7601 106414 9.563188940949147e-08 37932.652070215874 5766.323410083439 5.7663234119990884e+03 5766.3234144991475 5766.323416965598   
7701 107814 1.2221252174521998e-08 40383.33878433233 5766.323404675669 5.7663234046761590e+03 5766.323404729467 5766.32340477767   
7801 109214 1.2949249243651898e-07 82749.38407418269 5766.323371405762 5.7663233714057624e+03 5766.323374540338 5766.3233807029965   
7901 110614 2.8807737918924804e-05 79745.41649167001 5766.31918493918 5.7663191849391796e+03 5766.319714131494 5766.32083083184   
8001 112014 8.992188537812334e-06 52000.64653230954 5766.316684392177 5.7663167249134940e+03 5766.316793984388 5766.316847018537   
8101 113414 3.4712081498891094e-05 37630.50981384182 5766.308352416045 5.7663083524160447e+03 5766.3085655977475 5766.308748111609   
8201 114814 9.712072348375143e-05 26822.594810246144 5766.287831444668 5.7662878314446680e+03 5766.288167819112 5766.288453432269   
8301 116214 0.0004713956890144661 19098.37178238964 5766.249555443893 5.7662495554438929e+03 5766.2515539576525 5766.255129658854   
8401 117614 0.0023166766936938417 14813.897808907524 5766.012958584998 5.7660129585849982e+03 5766.037793215434 5766.077242473812   
8501 119014 0.005875995091143359 14379.817534618398 5764.867657682704 5.7648676576827038e+03 5764.911575241197 5764.951207133292   
8601 120414 0.0023155397303342034 13070.999874792325 5764.403471903279 5.7644034719032788e+03 5764.411008409884 5764.413687630101   
8701 121814 0.006095035986369726 11017.008337104973 5763.979766756978 5.7639812056642040e+03 5764.006728855367 5764.077324117445   
8801 123214 0.009182051852466124 9681.564445125598 5763.24027458865 5.7632402745886502e+03 5763.326749846695 5763.378247360594   
8901 124614 0.017424316729703418 8477.013354404102 5759.200086705087 5.7592000867050874e+03 5759.494046895828 5760.07916584659   
9001 126014 0.005435316306060751 12067.916184239519 5755.317646355434 5.7553234724152462e+03 5755.353027075518 5755.413462670313   
9101 127414 5.332086984413008e-06 9854.769979485902 5755.2379320953605 5.7552379397533778e+03 5755.238044686357 5755.238182643955   
9201 128814 3.7856190835895276e-09 11376.270337086262 5755.237827395913 5.7552378275755391e+03 5755.237827813931 5755.237827888722   
9301 130214 1.0741514971782418e-09 14187.842079711942 5755.237824985861 5.7552378249858612e+03 5755.237824988419 5755.237824990896   
9401 131614 1.0217348003656087e-08 16941.196745537218 5755.23782390383 5.7552378239038298e+03 5755.237824005249 5755.237824232332   
9501 133014 1.089407184537958e-07 43511.73504799687 5755.237774023584 5.7552377740235843e+03 5755.237780772561 5755.2377843200575   
9601 134414 2.332995819629108e-06 50883.017691680965 5755.232645144371 5.7552326451443714e+03 5755.2326815659035 5755.232703271327   
9701 135814 9.358343407027332e-09 60479.369127283084 5755.232614568426 5.7552326145684256e+03 5755.232614584185 5755.23261459849   
9801 137214 4.069264369200364e-08 149653.76562797054 5755.232611237447 5.7552326112374467e+03 5755.232611531163 5755.232612038926   
9901 138614 6.266820702112474e-08 497575.5433093376 5755.232604684099 5.7552326046840990e+03 5755.232604919372 5755.232605312534   
10001 140014 1.1277126002875283e-06 443792.7068281784 5755.232505922139 5.7552325059221394e+03 5755.232531051361 5755.232550805496   
10101 141414 1.6609900679752e-06 237808.37772021873 5755.230195228427 5.7552301952284270e+03 5755.230209532485 5755.230217993936   
10201 142814 1.0307550858070486e-07 229486.62379561795 5755.230182903171 5.7552301829031712e+03 5755.230183271215 5755.230183602986   
10301 144214 4.389964990067426e-07 233403.90737755384 5755.230163173929 5.7552301631739292e+03 5755.230165756196 5755.230167260404   
10401 145614 8.889340733549192e-06 160514.58765174347 5755.228267961236 5.7552282679612363e+03 5755.228311704503 5755.228449042011   
10501 147014 3.824292336676623e-07 138322.35868740093 5755.228210298654 5.7552282102986537e+03 5755.228211197571 5755.228211695403   
10601 148414 1.1941895430702111e-05 137086.43252977513 5755.227897982364 5.7552279007274210e+03 5755.227939446733 5755.228022072879   
10701 149814 2.1575820301870676e-05 88039.58801938013 5755.224666365593 5.7552246663655933e+03 5755.224707212839 5755.22484975149   
10801 151214 4.1631471642498374e-05 69597.75506172483 5755.2234804296695 5.7552234804296695e+03 5755.223606787086 5755.223802850429   
10901 152614 2.9284577031091582e-05 50002.10624287625 5755.220007929369 5.7552200079293689e+03 5755.220062309169 5755.220104025508   
11001 154014 0.00011597785299644575 39627.04428552789 5755.215102913987 5.7552151029139868e+03 5755.215354181219 5755.21570231879   
11101 155414 0.0003017993122812089 31678.111675901615 5755.207043277247 5.7552070582247961e+03 5755.207731978901 5755.208384156733   
11201 156814 0.0005354252305800262 32802.5020781776 5755.19019470498 5.7551901947049801e+03 5755.19161893174 5755.192796535987   
11301 158214 0.00043575587732033803 33840.03945366337 5755.168293721138 5.7551682937211381e+03 5755.168851463718 5755.169380148456   
11401 159614 0.0008528824959047323 29377.710489259975 5755.145758706369 5.7551457587063687e+03 5755.147379076599 5755.1488991759215   
11501 161014 0.004561599303330293 27653.3090384996 5754.900904325424 5.7549009043254237e+03 5754.917042943263 5754.9338467224725   
11601 162414 0.011677268511082797 26264.58004128417 5753.517579337807 5.7535340801928396e+03 5753.60721737935 5753.6535653401725   
11701 163814 0.011412491097739452 28525.51668533295 5752.487852038368 5.7524878520383681e+03 5752.564407836234 5752.600320372352   
11801 165214 0.00336603112394252 27613.325067183472 5751.945722932822 5.7519457229328218e+03 5751.951895105338 5751.971638392247   
11901 166614 0.015467151126196649 20439.523558365738 5751.390304611818 5.7513903046118176e+03 5751.466135582161 5751.5652805076625   
12001 168014 2.264622297617767e-05 17237.00695053716 5751.284989273187 5.7512850185781390e+03 5751.2851364221515 5751.285400892964   
12101 169414 2.0092586594809244e-08 18225.174550152835 5751.284906605334 5.7512849066605659e+03 5751.284906830332 5751.284907377426   
12201 170814 5.697217896964796e-09 17218.387556811784 5751.284906337993 5.7512849063379927e+03 5751.284906347568 5751.284906358056   
12301 172214 2.3137732309483137e-08 18602.037789158392 5751.284900021916 5.7512849000219157e+03 5751.284900093775 5751.284900193941   
12401 173614 7.921019621154737e-08 19907.957588771373 5751.284896400875 5.7512848964008754e+03 5751.284897005705 5751.284898549258   
12501 175014 4.1834243430708675e-05 47190.63320585185 5751.28409657568 5.7512841131665828e+03 5751.284207711611 5751.284324652346   
12601 176414 6.743345488621559e-08 41440.73232887943 5751.283790563099 5.7512837905630986e+03 5751.283790674539 5751.283790825588   
12701 177814 7.671997090645452e-08 168258.35096386363 5751.283788357928 5.7512837883579277e+03 5751.283788441679 5751.283788498906   
12801 179214 2.9379768400599076e-07 210841.52750569652 5751.283782839425 5.7512837828394249e+03 5751.283783676472 5751.283784418868   
12901 180614 1.775640310992532e-05 165927.2339654255 5751.283358098062 5.7512833662400953e+03 5751.2834285601475 5751.283657626427   
13001 182014 2.1337858297183705e-07 125879.08655205659 5751.283247926831 5.7512832479268309e+03 5751.283248028066 5751.283248116564   
13101 183414 2.2480219670857787e-06 133645.90419431822 5751.2832057184605 5.7512832057184605e+03 5751.283212263825 5751.283216807218   
13201 184814 7.202175309721213e-06 102460.14699381292 5751.282374886916 5.7512823791404844e+03 5751.2823857318035 5751.282395520301   
13301 186214 8.441345617832998e-07 105016.40184458121 5751.282354327221 5.7512823543272207e+03 5751.2823549073055 5751.282355595292   
13401 187614 1.7278719528804386e-05 98430.5195660526 5751.282188572517 5.7512821885725170e+03 5751.282210655067 5751.282260317741   
13501 189014 1.981258016877554e-06 84442.91687298549 5751.281977339708 5.7512819773397077e+03 5751.281978964747 5751.281980868262   
13601 190414 7.03253229308304e-05 74200.79941995504 5751.281143163098 5.7512811431630980e+03 5751.281251972356 5751.281476119631   
13701 191814 0.00010529596153445529 54191.8729758423 5751.27833266286 5.7512783326628596e+03 5751.278486877876 5751.2789393986295   
13801 193214 0.00019782490043135365 39346.632736963984 5751.273523469703 5.7512735935975197e+03 5751.27370618061 5751.273821666877   
13901 194614 0.00048819835980027103 30767.47065916552 5751.265702155431 5.7512657262440689e+03 5751.266223530509 5751.266844852936   
14001 196014 0.0006234464579412192 22579.189706393063 5751.2438779681415 5.7512438779681415e+03 5751.244518188763 5751.245003012318   
14101 197414 0.0009233968777183001 17422.138656458308 5751.2312318980175 5.7512312318980175e+03 5751.231966965277 5751.232444516396   
14201 198814 0.0017464640083883652 14947.529319739884 5751.205273141481 5.7512052731414806e+03 5751.207007553241 5751.208868624591   
14301 200214 0.0018311308320000932 18917.161091223596 5751.153228733556 5.7511532287335558e+03 5751.154515549465 5751.156014628539   
14401 201614 0.003062110345782431 21079.285746021844 5751.12935632922 5.7511293563292202e+03 5751.131007266674 5751.134090741496   
14501 203014 0.007167240813136419 26556.173591765284 5750.847941226753 5.7508482876260150e+03 5750.855639276143 5750.871688068826   
14601 204414 6.681503639148579e-06 15824.382174976121 5750.835671052064 5.7508356741932812e+03 5750.835683608892 5750.835700773372   
14701 205814 1.997428769369029e-07 11043.904312379402 5750.835666298743 5.7508356662987426e+03 5750.835666357256 5750.8356664482635   
14801 207214 3.179808273332295e-06 40645.44325072702 5750.835642213907 5.7508356422139068e+03 5750.835645957593 5750.835651349519   
14901 208614 4.745493244305037e-07 116592.74869931692 5750.835570969492 5.7508355709694924e+03 5750.835571019694 5750.8355711944005   
15001 210014 5.49118517218511e-06 125410.38956128388 5750.835542578613 5.7508355425786131e+03 5750.835547138634 5750.835549874972   
15101 211414 2.8133052175349813e-06 107088.2036061093 5750.8354789832 5.7508354789832001e+03 5750.835479567848 5750.835480632405   
15201 212814 2.440195949277806e-05 90046.28305719905 5750.835335359114 5.7508353353591137e+03 5750.835344343771 5750.835354901392   
15301 214214 2.080826196530456e-05 73241.33567570915 5750.835244816108 5.7508352448161077e+03 5750.83525566599 5750.835263231313   
15401 215614 3.3559907202465604e-05 61131.01472369872 5750.835007098354 5.7508350070983543e+03 5750.835016945215 5750.835027909898   
15501 217014 0.00031730333321756927 41705.76057387834 5750.833731032151 5.7508337808224387e+03 5750.833873532536 5750.834179662651   
15601 218414 0.000451972949514091 30078.667163602044 5750.83017128979 5.7508301712897901e+03 5750.83029402503 5750.830439747282   
15701 219814 0.0017413249848087567 28260.61636005107 5750.810022652351 5.7508100226523511e+03 5750.811391549923 5750.812079309113   
15801 221214 0.0022214976705422257 49504.37029359148 5750.743384892774 5.7507433848927740e+03 5750.744778013622 5750.746751170764   
15901 222614 0.0008122625341860064 44659.77857187298 5750.73972121957 5.7507397212195701e+03 5750.739887630579 5750.740011811539   
16001 224014 0.009480682508628777 39666.97012757164 5750.686262851772 5.7506877135649356e+03 5750.692430111533 5750.698537150231   
16101 225414 0.006747779931501662 37548.71212533313 5750.597739168469 5.7505977391684692e+03 5750.600834025662 5750.605725378868   
16201 226814 0.00020955347162707565 34810.850296883305 5750.546385340123 5.7505463853401234e+03 5750.546473617278 5750.546516253571   
16301 228214 4.993246076690937e-07 33482.88799968954 5750.546345123416 5.7505463451234164e+03 5750.546345203815 5750.546345717934   
16401 229614 1.1571683653874223e-06 28319.352879681413 5750.546341856396 5.7505463418563959e+03 5750.546342057605 5750.546342320027   
16501 231014 2.6520120491960942e-05 42991.54455302905 5750.5462523243405 5.7505462523243405e+03 5750.546262344 5750.546273448344   
16601 232414 7.760909750261207e-06 56779.139356438536 5750.546205741619 5.7505462057416189e+03 5750.546207282843 5750.546209504752   
16701 233814 8.089716265153803e-06 88576.90456681192 5750.54611325859 5.7505461133237213e+03 5750.546113995337 5750.546115068008   
16801 235214 2.254287673378713e-05 117520.39014962346 5750.54607098938 5.7505460709893796e+03 5750.546076788035 5750.546081852945   
16901 236614 0.0001733088724246155 79108.38275265884 5750.545555820609 5.7505455558206086e+03 5750.545598211613 5750.545627206926   
17001 238014 0.0015087580572706173 56352.86359357761 5750.541752285439 5.7505417522854386e+03 5750.542167234147 5750.542857574678   
17101 239414 0.004980304667430788 39138.02391654455 5750.5151876225245 5.7505151876225245e+03 5750.517923104914 5750.521013964153   
17201 240814 0.004245628917050187 52848.84726479556 5750.476350639034 5.7504763506390336e+03 5750.477877132496 5750.478934942757   
17301 242214 0.002664608420173444 47909.74238781835 5750.455717392416 5.7504557483489989e+03 5750.455891081376 5750.456288946156   
17401 243614 0.019067425125645243 40797.804685666255 5750.396418272615 5.7503964182726149e+03 5750.39983685976 5750.40875541207   
17501 245014 0.09593411866929381 35231.59555954657 5749.206366995064 5.7492063669950639e+03 5749.3396381400435 5749.447289254447   
17601 246414 0.0004463867374819806 30259.16728104601 5749.0213431183565 5.7490213431183565e+03 5749.021552784581 5749.021801109757   
17701 247814 1.7935976302234158e-07 30270.55275240636 5749.021189771103 5.7490211897711033e+03 5749.021189819341 5749.021189914618   
17801 249214 7.385215728745249e-07 30786.631759451422 5749.021186435772 5.7490211864422290e+03 5749.021186582305 5749.0211872019245   
17901 250614 2.091488828776449e-06 32589.59576827187 5749.021158940002 5.7490211589400024e+03 5749.021160001224 5749.021161009829   
18001 252014 3.5346334770876516e-06 30429.988716134616 5749.020723453652 5.7490207237326013e+03 5749.020725107284 5749.02072682683   
18101 253414 2.1925580521918753e-06 25760.03731722793 5749.020717400381 5.7490207174003808e+03 5749.020717879161 5749.020718231624   
18201 254814 0.0007126680372931597 31547.35476292364 5749.019752970373 5.7490197822268110e+03 5749.019825035756 5749.0198718577085   
18301 256214 0.0045889936255708065 29107.154700773535 5749.01235319899 5.7490123531989902e+03 5749.013279989669 5749.014041594348   
18401 257614 0.01935091074963617 29638.648377115263 5748.91925227248 5.7489192522724798e+03 5748.923406055543 5748.935932617505   
18501 259014 0.023255365421718736 32994.53400017821 5748.722228890061 5.7487222288900612e+03 5748.732038600495 5748.742793365678   
18601 260414 0.023874546088408995 32632.15853362681 5748.405088724697 5.7484050887246967e+03 5748.40953202683 5748.414978941683   
18701 261814 0.00015753581056392367 28095.59792933243 5748.373131752567 5.7483731317525671e+03 5748.373190423124 5748.373274636702   
18801 263214 1.9122399438434133e-07 26992.276690732084 5748.373091785239 5.7483730917852390e+03 5748.373091793463 5748.373091807341   
18901 264614 5.630501959805131e-07 24782.27843308487 5748.37309125784 5.7483730912578403e+03 5748.373091311309 5748.37309138685   
19001 266014 4.248441022938796e-06 54132.97393115112 5748.373082008679 5.7483730821731669e+03 5748.373082940472 5748.373084459077   
19101 267414 1.3183771429352813e-06 132035.91642261733 5748.372997694348 5.7483729977048997e+03 5748.372997719596 5748.372997780398   
19201 268814 4.4355398128163154e-06 138032.83275072338 5748.372994514462 5.7483729945144623e+03 5748.372994825016 5748.372995116367   
19301 270214 2.1094637535081996e-05 141957.5420559942 5748.372949645924 5.7483729496459237e+03 5748.3729506530035 5748.372954199369   
19401 271614 9.2853296612928e-06 156556.7202657494 5748.372940689197 5.7483729407185574e+03 5748.372940841571 5748.372941223317   
19501 273014 5.9330229538919166e-05 130373.1702211998 5748.372847416996 5.7483728506046955e+03 5748.372856411921 5748.372861458338   
19601 274414 8.831064703305893e-05 126758.35718905875 5748.3727845019675 5.7483727845019675e+03 5748.372790112389 5748.372797839529   
19701 275814 4.1932485916080875e-05 107959.00576940311 5748.372656841724 5.7483726568417242e+03 5748.37265843047 5748.372661753405   
19801 277214 0.0002721117641810005 109043.53529401228 5748.372447032345 5.7483724470323450e+03 5748.372468666547 5748.3724877231925   
19901 278614 0.0009507287905227486 92665.2142129335 5748.371166818431 5.7483711668184314e+03 5748.371253369694 5748.371322774745   
20001 280014 0.0024657750957497045 98128.40932536118 5748.366129769516 5.7483661297695162e+03 5748.3663812859595 5748.366592506385   
20101 281414 0.0028825836775443906 105190.4705604929 5748.359532567636 5.7483595325676361e+03 5748.359685213414 5748.359931431559   
20201 282814 0.009399840742925521 93357.90906947054 5748.344007068045 5.7483440468745612e+03 5748.345042864422 5748.346308538227   
20301 284214 0.011663611372352336 83746.92275189888 5748.321085812246 5.7483213297107304e+03 5748.322007125541 5748.322841115797   
20401 285614 0.11131956117488578 76807.96478414677 5747.897184479059 5.7478971844790594e+03 5747.940447970395 5747.966481455215   
20501 287014 0.011138733504477468 64579.13651142188 5747.70626153577 5.7477062615357700e+03 5747.706681510288 5747.707371280277   
20601 288414 0.06787960154381857 58548.22865846452 5747.614992431776 5.7476194792400320e+03 5747.625636814444 5747.6325649412265   
20701 289814 0.007016432147897454 51924.90327955611 5747.4272084919885 5.7474272084919885e+03 5747.427501581601 5747.427831753606   
20801 291214 2.2924604958559573e-06 55812.49688251931 5747.426804564101 5.7474268045641011e+03 5747.426804841253 5747.426805412029   
20901 292614 1.4270734570264687e-06 93418.93053060219 5747.42680223713 5.7474268022371298e+03 5747.426802285579 5747.426802332737   
21001 294014 2.04134463960059e-06 88096.17841427603 5747.426795290454 5.7474267952904538e+03 5747.42679532763 5747.426795414309   
21101 295414 1.1639947511663347e-05 99462.49901377194 5747.426787842517 5.7474267878425171e+03 5747.426789075556 5747.426790270532   
21201 296814 2.7773210851581807e-05 133176.97181552148 5747.42673369818 5.7474267336981802e+03 5747.426735908273 5747.426737286449   
21301 298214 1.752041907438784e-05 257422.26633565052 5747.426721263636 5.7474267212636360e+03 5747.4267217505785 5747.426722542482   
21401 299614 9.095887510703453e-05 255882.5493151712 5747.426641633539 5.7474266421767434e+03 5747.426646684711 5747.426651215183   
21429 300006 2.732004884685397e-05 281460.7949662542 5747.4266361003965 5.7474266361003965e+03 5747.426636752679 5747.426637004357   
