% # columns="iteration, evaluation, sigma, axis ratio, bestever, best, median, worst objective function value, further objective values of best", seed=41, Mon Jul  6 04:48:09 2020, <python>{}</python>
1 15 52.67689497313385 1.0000490012005196 6907.1260681975655 6.9071260681975655e+03 8954.07705349577 10953.852650684155   
2 30 55.99544126212242 1.0391200348145921 6076.292175292614 6.0762921752926140e+03 8040.3478941443755 10297.985780536812   
3 45 62.3699133871365 1.045632932148467 5259.82266645621 5.2598226664562098e+03 6682.754457336476 10099.403461971622   
101 1515 3.878261649354347 1.4340021361966706 3309.623986760569 3.3296488330330885e+03 3357.8576337597747 3430.1182593313724   
201 3015 0.042882384623592174 1.7029800926507572 3000.3124557882893 3.0003124557882893e+03 3000.328759434142 3000.395335658906   
301 4515 0.001091328775089677 2.207785105475619 3000.151647804806 3.0001516478048061e+03 3000.1516730574076 3000.151694364884   
401 6015 1.9613867888475862e-05 2.4817911180462646 3000.151573932849 3.0001515739328488e+03 3000.1515739417473 3000.151573951466   
501 7515 1.9851336790554438e-07 2.571970638075556 3000.1515739075026 3.0001515739075030e+03 3000.151573907503 3000.1515739075044   
517 7755 1.197531162214056e-07 2.5708578053726576 3000.1515739075007 3.0001515739075012e+03 3000.151573907501 3000.151573907502   
