% # columns="iteration, evaluation, sigma, axis ratio, bestever, best, median, worst objective function value, further objective values of best", seed=751583, Thu Jul  2 17:30:04 2020, <python>{}</python>
1 14 46.115835886517964 1.0000483345014077 514666484.21554196 5.1466648421554196e+08 3303232156.6815057 7266534287.622514   
2 28 43.57782213434676 1.0628969326915265 205465808.22478497 2.0546580822478497e+08 1074815623.0777106 14312675773.312654   
3 42 42.8985567099006 1.0842851036273016 176808954.85938552 1.7680895485938552e+08 1921439021.287762 9477445857.734528   
101 1414 60.71728022532249 3.085141247921181 4949948.140818718 2.2416656947638713e+07 872931729.1132984 4052030169.938739   
201 2814 53.93594569014505 4.242997341761196 4949948.140818718 1.1104380409878784e+08 305521013.843897 1778379898.230931   
301 4214 24.176385438481017 6.577340365555602 1428597.136697542 6.8006011366872247e+06 60097545.31984635 590828133.7294052   
401 5614 12.1360018656369 11.292450468632083 136408.29149926963 4.2115211895737908e+05 4948357.338593899 61597357.82862501   
501 7014 5.760611235078174 18.204590552736214 24560.74180619719 1.3365005139006244e+05 713339.7928680661 3457695.839480084   
601 8414 3.25892648604645 29.131652586272125 22729.24815884149 2.2729248158841488e+04 126431.3538971762 662219.7027627127   
701 9814 3.678882159615933 48.21072563595935 9742.46234776172 2.4456855747806123e+04 66391.93552438803 206152.44194009213   
801 11214 2.0018677404636107 87.90046126430589 5024.54056109175 5.6656698720949444e+03 10373.735755705107 17440.8142948261   
901 12614 0.7224271106218703 161.01709655750605 3698.9515065237133 3.7734256473526743e+03 3942.3711908075843 4252.275405876137   
1001 14014 1.2129120487954124 455.2376974319167 1992.8515467734953 2.1066032102975505e+03 2380.0401923668724 3093.4580316161914   
1101 15414 0.6042717212816705 860.04585395281 1664.9615669791108 1.6673875921564077e+03 1691.2002446947156 1738.5575245572593   
1201 16814 0.46625663468293715 1213.4115875311425 1609.208542738955 1.6135063118223784e+03 1617.6083841397083 1628.971985233827   
1301 18214 0.0915824114105566 1307.7110488869469 1596.923521447953 1.5969235214479529e+03 1597.5087564327548 1598.1485323489119   
1401 19614 0.01871140686259171 1141.8284850366729 1596.2127528599958 1.5962139439544758e+03 1596.2220585915693 1596.2473629080475   
1501 21014 0.010800059976975546 1630.5497832433207 1596.1200764695868 1.5961200764695868e+03 1596.1244696010629 1596.130145424361   
1601 22414 0.0025757126258559027 2373.3938617757467 1596.1060956065505 1.5961061713729910e+03 1596.1068032690264 1596.1078918281785   
1701 23814 0.00038823600120740015 2619.431059366318 1596.1056208902737 1.5961056383232585e+03 1596.1056901826207 1596.105739685604   
1801 25214 0.0002776244396065572 2839.1756860648193 1596.1055543814389 1.5961055618536079e+03 1596.105582622896 1596.1056065211171   
1901 26614 8.013754065341408e-05 2942.3235072124216 1596.105546183109 1.5961055479452411e+03 1596.1055505487716 1596.1055587283565   
2001 28014 3.799675399738228e-05 3329.9730143431475 1596.1055425301497 1.5961055427290498e+03 1596.1055431700347 1596.105545399488   
2101 29414 5.909888558052916e-05 3413.3026025020977 1596.1055379803927 1.5961055381725776e+03 1596.1055393429433 1596.1055404520735   
2201 30814 3.0455005605209824e-05 3543.6650421692902 1596.1055360421124 1.5961055360912051e+03 1596.105536307222 1596.105536615089   
2301 32214 1.6003249499599172e-05 4029.9193373715157 1596.105535538704 1.5961055355969836e+03 1596.105535794682 1596.10553586218   
2401 33614 6.379496959396873e-06 4402.453088692089 1596.1055354190964 1.5961055354626981e+03 1596.1055355300568 1596.105535592096   
2501 35014 3.248538934934244e-06 4273.521562426905 1596.1055353873883 1.5961055353919376e+03 1596.1055354193848 1596.1055354533014   
2601 36414 1.5861734030819743e-06 4773.862071911649 1596.1055353646016 1.5961055353676236e+03 1596.1055353759682 1596.1055353853978   
2701 37814 1.9936409366900236e-06 6169.952057117517 1596.1055353273746 1.5961055353280983e+03 1596.1055353352617 1596.1055353417698   
2801 39214 3.64288216890948e-06 9081.368527705317 1596.1055352616559 1.5961055352639760e+03 1596.1055352755827 1596.1055352927747   
2901 40614 3.670821088135537e-06 11892.61976818507 1596.105535210623 1.5961055352142021e+03 1596.1055352197804 1596.1055352236874   
3001 42014 1.9819954544488365e-06 16185.619991916445 1596.10553519494 1.5961055351950465e+03 1596.1055351966886 1596.105535199245   
3101 43414 1.674829938359487e-06 26.045094182903316 1596.1055351879108 1.5961055351882233e+03 1596.1055351892487 1596.1055351901664   
3201 44814 6.008007786785266e-07 25.09306066475221 1596.1055351860382 1.5961055351860382e+03 1596.1055351862292 1596.1055351866673   
3301 46214 2.5564130320545657e-07 24.908044586376217 1596.105535185799 1.5961055351858072e+03 1596.105535185864 1596.1055351859081   
3401 47614 4.287300586920993e-07 26.711790462033544 1596.1055351856044 1.5961055351856112e+03 1596.10553518566 1596.1055351857435   
3501 49014 2.5684069338732126e-07 30.046125548212725 1596.1055351854734 1.5961055351854764e+03 1596.1055351854968 1596.1055351855125   
3601 50414 1.592955921190956e-07 33.904284150110215 1596.1055351854222 1.5961055351854222e+03 1596.1055351854334 1596.1055351854463   
3701 51814 1.762460489746023e-07 43.12958946134271 1596.1055351853786 1.5961055351853813e+03 1596.1055351853859 1596.1055351853909   
3801 53214 7.963947827872555e-08 58.10271886588708 1596.1055351853565 1.5961055351853581e+03 1596.1055351853597 1596.1055351853618   
3807 53298 7.421499163184346e-08 59.80037473520838 1596.1055351853565 1.5961055351853570e+03 1596.1055351853588 1596.1055351853608   
