% # columns="iteration, evaluation, void, void, void, xmean", seed=46, Mon Jul  6 01:10:03 2020, <python>{}</python> # scaling_of_variables: 1, typical_x: 0
1 14 0 0 0 16.79003973336827 35.21157520309496 5.693439853833911 0.15442945769483757 19.069423185941123 -13.605003092701516 10.87353070482411 -39.068802160191346 2.1436341026600165 -26.615904414018637 -40.39423228983088 32.409103652424015 4.926516376219427 27.546860848434836 -9.367967659171997 -2.3886542244688966 11.351102262188343 7.779842602806124 -7.026573423589751 0.1922322471191012 -10.885461037092261 -7.144242272401884 -37.338404696377175 17.23735297455964 -18.616938961230677 -16.83263864307393 5.012680096681516 43.38218932995807 27.864936048528826 10.310809873579487
2 28 0 0 0 52.086086375453164 31.18357618383689 -8.133580835523876 -7.45616199012306 10.90949087080435 -12.185419291975583 6.434546689722388 -33.53026776319859 11.95486289519088 -32.6036626127967 -39.278671962817874 23.159459530632045 18.883661786906053 39.508006465174866 -16.52238195649411 -26.87624145907805 27.816242666591265 0.9958061347283627 -25.18733209811262 -2.758233258204715 13.392395619759272 5.626723447499449 -37.69173887678355 15.98910866663798 -18.351072052316844 -4.671591737366789 13.066613893586869 57.946558484525795 18.963038872724304 -6.744929950006426
3 42 0 0 0 118.72331078345168 28.961917041256402 -9.059123210003126 -22.277603139040263 -3.089871230297625 14.777093230048743 1.2034867476970819 -1.9928526019614026 41.94320612957761 -11.122073776178432 -19.065013907868238 22.6531935171893 47.631041146720925 60.88693112330403 -43.086162690250305 -61.348126195001896 20.817278471234577 -3.6426983552151286 -48.90421362473427 -24.747562163057776 54.12991446578104 -7.898456983329199 -46.42263141435159 -8.571487452068071 6.980617213231582 42.94828520145575 51.18363812081569 51.288606478312424 13.543502455291359 -1.857853283692883
101 1414 0 0 0 17.771106402193602 8.061109108785049 -2.152329411360239 -25.408759649028976 -15.350181404518448 11.13517234079347 18.861996082037095 11.579774183134315 2.6374518278765304 -26.310821736090844 23.100706902454217 46.72296093741433 20.897016064361264 -10.19733637922674 18.207417890182562 -31.16871900386053 -13.159985999423323 -0.9668529882955244 -52.62943729010587 49.3975161775576 75.01233734634533 30.452161799078524 -71.93531589172835 -8.147262151999083 24.505027798367802 97.31155629117852 -30.651119922437562 21.826722549009908 -38.42039070628841 82.15014098888415
201 2814 0 0 0 21.704682929027523 12.127134723093596 -6.3990902189461565 -19.2240521041054 -19.45682149625162 32.145109754026585 18.36272614976242 16.4373808981424 15.584325765961921 -18.090470788911528 99.83386258948188 32.176617199441914 46.9887507981571 19.225384600940252 17.22358156547549 -47.806573047172385 -6.998787865616926 -2.6755830077157463 -56.81632838867651 38.672181043603416 73.07756578626025 31.565255563983165 -73.4865227019127 -4.5966056410031255 30.33245494518776 110.654030478251 -35.557177857005655 22.540413081213636 -43.66377758249782 86.5209118600924
301 4214 0 0 0 23.68453539590284 15.971484480615702 -16.911227885871554 -10.718262546231362 -33.58928752045243 39.4938309109133 14.85431901184429 11.685541755565792 31.545486891977927 -4.084994129810255 102.90216061280198 25.960043678536113 73.81509417792968 29.170577956323907 79.17817838539203 -71.16718084088657 -1.3357804031360094 1.278232351832547 -45.66914278796086 19.632905951219872 71.0526001105872 40.736212303669845 -74.06578332530967 -4.413217969685421 24.36929596099728 117.43707643435155 -29.1763281827624 22.15489047246776 -44.29958475219646 83.11487700439133
401 5614 0 0 0 22.798866392921276 15.429596975845794 -18.86674365564152 -8.127530569072471 -34.90204698238857 40.36340314728651 13.381720635313345 10.020229319628479 36.744066499175524 0.6961269140575841 104.3135001940036 25.70083943466852 74.62705096627283 29.969111703184684 104.59762995242656 -72.18573903538675 -1.4124474627934624 3.9431855756133363 -41.19665761680997 13.166272532174784 68.46782417773287 40.14584224431492 -74.42918925563066 -4.42472139819926 21.864803742618584 118.75529691347394 -28.935351531097155 21.658647299414856 -47.326907673784994 82.24321963947607
501 7014 0 0 0 22.803664429131395 15.404302356393993 -18.853833316561854 -8.160518848193043 -34.79627194508643 40.404913450493936 13.372993464785086 10.077856455797205 36.655357266467846 0.7083223286712865 104.51662030922118 25.700907518971043 74.61316557951756 29.99395346903938 104.90295812685972 -72.29488248804087 -1.3500902216324033 3.9668933737441243 -41.27631692047573 13.172158806525584 68.50863908162883 40.093117805226335 -74.41606267121897 -4.382881230028081 21.821871587187694 118.73995000332701 -28.95168517142177 21.663342851545092 -47.36050404930643 82.2003695441474
601 8414 0 0 0 22.803297184427745 15.40022461440871 -18.855490555532796 -8.161838323270802 -34.797084624103775 40.40990302193778 13.376967675834768 10.075817971820722 36.65403731534906 0.7046234903507931 104.85065969580987 25.701755630698262 74.6195752593231 29.995527610394277 105.12286062645781 -72.29149375886576 -1.3524052121960104 3.964228964002735 -41.27606141057421 13.17378803956755 68.50878492734104 40.094939039324856 -74.41802805811973 -4.379781108421444 21.820203778774218 118.74095985325842 -28.952670941042996 21.66241604841624 -47.36202964374398 82.20054381518875
701 9814 0 0 0 22.80293862814761 15.40407053913938 -18.856600019211673 -8.161655857484066 -34.79619166075024 40.408270612186364 13.375594249294359 10.075014877238639 36.653832052519526 0.7050081166041874 105.04747435034683 25.701199793781317 74.61534807648417 29.99424699393913 105.05826903539071 -72.2928530727003 -1.3513123087818524 3.9656476625996238 -41.27721650287334 13.173607206854127 68.50720674015795 40.094083514348924 -74.41963356144525 -4.381934759077805 21.820238572076445 118.73969076660921 -28.95287276884135 21.66311332429707 -47.36158577587599 82.19984897860358
801 11214 0 0 0 22.803053662153637 15.403180603732661 -18.856075744360243 -8.161844744933926 -34.79635485630673 40.407994688109234 13.375427015208505 10.074804396958728 36.65388497388139 0.705202910579504 105.05000783570212 25.701905639735944 74.6159848912138 29.99425447404098 105.04999545403291 -72.29268632547775 -1.3515294897633863 3.9659100691035243 -41.27680500781908 13.173490371348551 68.5072474477521 40.093957366652226 -74.4191290290504 -4.381587932497936 21.820513456852616 118.7394385219997 -28.952835916764343 21.66298441667527 -47.36185194516655 82.20009833306136
820 11480 0 0 0 22.803054102591187 15.403180463946033 -18.856075721311207 -8.161844646719537 -34.796354484597366 40.407994456494144 13.375427012926615 10.074804128976076 36.65388486959453 0.705202365289719 105.0500007364155 25.701904412729867 74.61598497102027 29.9942545790241 105.04999953052058 -72.2926863817182 -1.3515296608738723 3.9659102117518255 -41.27680531768511 13.17349005471151 68.50724802379901 40.09395669246247 -74.41912999129782 -4.381587329274757 21.820513435077345 118.7394380647614 -28.952835837027823 21.66298497744985 -47.361850846891656 82.20009787178672
