% # columns="iteration, evaluation, void, void, void, xmean", seed=41, Mon Jul  6 01:07:13 2020, <python>{}</python> # scaling_of_variables: 1, typical_x: 0
1 14 0 0 0 -8.942224873961678 28.89525103086851 -19.123128293500613 11.986443100660953 13.191658407289122 -0.8870126143020383 47.953166717411825 11.224638569111303 -0.36833064553789235 17.565854178181954 -10.919429181399423 24.64973894880743 -13.627902044933792 29.6249607586275 -20.59581613900316 -5.982255376299417 16.10663438695667 -50.801353468003114 -39.100277192199194 19.98675653246548 13.13168539065249 -0.1110125287285022 43.39511198895322 0.05408241832460811 13.542599634189319 -6.2153842872292016 9.720464875290734 -6.129042813424151 -32.88357395639165 -17.537654119507465
2 28 0 0 0 5.34876377832564 2.047210131157872 7.771237588511525 -6.4894618335146355 22.334287559250697 10.512568421201694 42.728597290104645 19.942282942266488 -0.9274709438728843 21.361994757178355 -48.73255719960231 39.72182669333873 -8.841000308615143 47.62733157560278 -58.6954910982321 32.949266786597576 21.90414861901097 -51.62545947878767 -38.13638897155761 45.21058171740243 4.3994562824382335 7.815301504777018 54.315722988123554 35.84148186643343 -5.786551573049625 5.439805809362867 25.6082096862518 -4.829493321570696 -8.404735352071192 -14.625659607943692
3 42 0 0 0 37.09752818953111 8.06007013481993 39.994534386601735 -5.604635517246141 -15.030363011866413 -6.833723382426973 7.137805461991547 15.209122378477506 -47.21828076137771 18.01842386995812 -39.047211974316276 25.951592673119933 -24.65175734147665 15.354831969990045 -96.89757135398722 11.460366180558257 -0.1576640015626225 -69.33154331697699 19.242124315001853 10.321513486480377 8.28333816544049 41.930633017061744 12.539290047935204 118.2909585067762 -17.560854779246437 21.886384415117607 43.67631534891553 -21.43012298464621 -13.425461807588588 -35.19883445234463
101 1414 0 0 0 18.936893595740518 30.95616444664173 -3.248068167668532 -60.03012140822552 12.463129931651858 -16.1039041704931 -64.05084984810972 65.75273215726929 -103.24068799427262 26.289249187042934 5.150695357324964 32.969146379176706 -60.53634309033382 61.34198578922237 -82.9440964996128 90.87845540640238 -24.528839980822113 -99.8602774380951 77.67111266760496 92.7003574570834 -98.54986354623232 32.30933764213184 44.08012617884928 129.53187557787834 -74.32125953601154 97.36633587663744 100.29346676899958 -39.48278397083311 75.23770615267281 -55.814429874946065
201 2814 0 0 0 18.7058849582962 30.727514601872894 -3.088370011991844 -56.74559593592557 13.558940356352252 -15.814428739536979 -63.782622631400564 65.76706787090093 -102.86852388577543 27.11464171180336 4.245583555289023 32.11429972987766 -60.40591920788816 62.56963368926341 -82.87674856948557 91.02819667409564 -24.47499611989551 -98.52069947501683 77.86438087809793 92.60069743030097 -98.55242379820653 32.361512291347914 44.30701355297751 129.3152833560468 -72.49931867916482 97.26603918959474 99.69824265146539 -39.293603642993816 75.19010514272117 -55.85115948677067
301 4214 0 0 0 18.68609270229718 30.78389890709352 -1.7852452681159936 -52.509330764982586 13.61248704452135 -17.620769864433317 -62.84335457656587 65.72130609758509 -103.35008630733955 22.45655827994685 0.28202968363519143 32.16007151335941 -60.45705389601095 63.470491845967565 -82.91746577896745 90.91314572450241 -24.739429883975962 -98.03879673930258 77.85461659363366 92.72316126510265 -98.62312811635526 32.33856234924838 43.797446027598596 129.51380623699131 -69.89795326757299 97.36829168914967 99.85609239583927 -39.40037818793093 75.21892368607057 -55.81047761735367
401 5614 0 0 0 18.58412415358231 30.750957373952556 -1.73058348759086 -52.44332125501534 13.658212357970323 -17.77279483414216 -62.76691989581736 65.75971552774357 -103.37276432944137 22.242205296402282 0.25098979690832884 32.192680729670606 -60.436456190014155 63.42964315849011 -82.91510457177867 90.94597029256029 -24.775920660385967 -98.04478977737716 77.90086208761673 92.72233899318704 -98.55347327779852 32.34464760666768 43.81354567422289 129.4658908143489 -69.86730271352609 97.39507768592182 99.87163786464801 -39.42465816670149 75.20617568832314 -55.784217493244164
501 7014 0 0 0 18.584126094379744 30.75095668535871 -1.7306032586232767 -52.44337346973769 13.658179818084886 -17.77285656329929 -62.76688681926349 65.75976357422952 -103.37287047417475 22.24215557753774 0.25092518016873283 32.19271891408074 -60.43642269291652 63.42964622991548 -82.9151181268767 90.94594446282615 -24.77592291052385 -98.04475888017252 77.9008584420868 92.7223595065386 -98.55344272383735 32.34465163982477 43.81357876549572 129.46590582940274 -69.86727908529593 97.39506968728531 99.8716942404826 -39.42464120337855 75.20617659390365 -55.78422323192395
596 8344 0 0 0 18.58412609350573 30.750956699098374 -1.7306032516412788 -52.44337348447713 13.658179815586776 -17.772856583512137 -62.76688680862809 65.75976358250554 -103.37287048356569 22.24215557390168 0.2509251816828755 32.19271891581742 -60.43642269645163 63.42964622721829 -82.91511812620618 90.9459444562136 -24.77592291119546 -98.0447588836067 77.90085843675995 92.72235949825642 -98.55344272216092 32.34465163907459 43.813578764810195 129.46590583177678 -69.86727909490358 97.39506969261468 99.87169423876799 -39.42464120707231 75.20617659377146 -55.78422322716837
