% # columns="iteration, evaluation, void, void, void, xmean", seed=44, Mon Jul  6 00:50:49 2020, <python>{}</python> # scaling_of_variables: 1, typical_x: 0
1 14 0 0 0 -21.6557562599669 -35.07598114844584 21.21927227271652 -10.777588400979488 20.658661556300743 17.830409475363624 28.106518140687253 11.314444252036274 17.911162626601545 -32.26234317650576 20.582457746048654 -7.775380323102314 8.726676917567158 13.848814669447226 6.985440134221147 -8.620589791841049 1.9103072218032322 8.894035536301699 9.86488049256693 27.323812826488783 10.238926650139307 7.7989038534020265 -59.64390260320922 -14.785056574518286 -20.36330067666278 39.736068162453975 -21.81114424919625 -37.65318176939281 7.13059880198712 -14.687942239497264
2 28 0 0 0 -29.91520016569212 -34.88944520144625 2.1367091602741795 -15.145919730740603 11.429359548525184 -1.2943732395589151 -16.06482246097625 31.05551589267078 32.766606660871815 -43.65643674646438 -14.425600848784349 16.510999182805737 21.484332348195302 -23.640167461537967 -34.11570471009166 -39.424190616669065 7.682376345946241 -0.7222966310207983 -22.61894207067182 3.809893175352805 -7.482679077732731 -2.3229377910503883 -61.1828599609868 -35.96319774034685 -12.269669183466227 44.49951451021674 -61.59794348875789 -51.89474858337699 33.11045979274967 -41.48090885471142
3 42 0 0 0 -11.393078257722518 -46.845561887974 0.9711692310933002 -27.699045629886644 1.6230798498826609 20.253434013713626 -40.06263629649807 67.82449485759678 62.56226305107364 -22.923699804040407 22.603070041496558 11.07346767828636 20.423589075122038 -27.15214172941539 -24.41901982235323 -37.37404039468792 19.992648722435092 -10.450271856526085 -34.789252919862555 20.47424142729439 -14.926511743717706 1.0101955777290605 -86.84617506216318 -28.840179605062232 -0.5634620416431062 51.300292842607945 -61.13904819524895 -91.22955215884554 46.80174469472758 -68.67695421611441
101 1414 0 0 0 -43.33532663364991 -139.3875485618945 -30.086857939359188 -151.9875745830582 20.294531720790637 61.35641877682506 30.40903985963927 192.39641410497453 77.58741102421635 -2.491487237605503 39.50427788868819 65.27514098181307 -28.922838438187203 26.50180391065543 -151.84671371574342 -41.78880545202772 22.922464954030904 64.93222910361875 -40.295061694443504 4.822622166088145 17.52545977013079 -3.908242994747246 -161.7508222249891 -30.389390015797673 31.591920522476613 -0.513001383644086 -60.62078643860382 -41.51182328462098 -9.722304365765151 -19.256684866129824
201 2814 0 0 0 -43.49445229178292 -139.6850097559395 -29.631926706129182 -151.76950155909816 22.100492314014506 59.927986863876484 30.567697969251707 191.524731806588 76.6740638118828 -3.5473270896540714 38.3201150902764 65.60176153953492 -28.65818068022864 26.268952392757488 -150.6965649956319 -40.1967286418246 23.487890309981157 64.29543741792956 -40.06184267109725 5.169197446162237 17.630372908642222 -3.9310261825036608 -162.03414527573145 -30.308578214099544 31.496448459582034 -1.4705836902555036 -61.52924413859781 -40.978802349102075 -9.962189987830685 -20.33201190145502
301 4214 0 0 0 -43.49745250008875 -139.67046875701865 -29.610151758992604 -151.77315263692853 22.08972432391444 59.938964014511264 30.56911534435489 191.5410327082095 76.68057178171993 -3.534165724180679 38.334414198708885 65.58995932081847 -28.672101017121204 26.299981252330554 -150.69508697144997 -40.19179219583725 23.470530706006297 64.29475604898448 -40.06844627594737 5.1511409930537475 17.61156606832011 -3.943971886588744 -162.05144785162173 -30.29983088824171 31.491453496383798 -1.4698816171660527 -61.51991201149642 -40.97441304164133 -9.930432679857002 -20.331226479432907
401 5614 0 0 0 -43.49762523874727 -139.6704379600449 -29.610161549682203 -151.7732376858653 22.089603219554125 59.93874365320878 30.569319331068773 191.54125919846834 76.68043177001361 -3.5349555114502245 38.33432323077883 65.59000291054538 -28.672199970315067 26.300030996445372 -150.69540045369507 -40.19138176288248 23.470238668499594 64.29464398658024 -40.06870239573445 5.151285015193865 17.61145820464538 -3.9440684470002076 -162.05155732718498 -30.299786322593043 31.491551873756165 -1.4697197459071374 -61.51966742336118 -40.97398166092875 -9.930421845673036 -20.331650436758167
501 7014 0 0 0 -43.50359920435148 -139.67047527417574 -29.610281999419314 -151.77322225823224 22.08965073426086 59.938765948930275 30.569281281813932 191.54120014123862 76.68036696506518 -3.5494254504325684 38.333550711304454 65.59000599549296 -28.672310332802674 26.30004489229934 -150.69754717699527 -40.19137189796982 23.470285768309928 64.29458962341708 -40.0687517118062 5.151366763023408 17.61146580071573 -3.944074893789627 -162.05144858320926 -30.299785365218078 31.491585855614098 -1.469663273483844 -61.51964155771312 -40.97398930664132 -9.930400952107776 -20.33174796759652
601 8414 0 0 0 -43.88185880989781 -139.67045197739196 -29.610719005720934 -151.77319308744333 22.08944743410303 59.93811662609631 30.5694152540841 191.54135148391015 76.68020625814013 -4.470287432060979 38.278819451446296 65.59022602408653 -28.672483654379587 26.299767185685297 -150.82920956870484 -40.1917969274563 23.469733518953863 64.2943665828748 -40.06901008642566 5.152351438228711 17.609921385096484 -3.944160097532365 -162.05154807342956 -30.299532196243227 31.491710478819712 -1.4697695565765692 -61.5181983338376 -40.9739141947728 -9.930843932860688 -20.33179477016121
701 9814 0 0 0 -53.94324423467683 -139.67088596151228 -29.609707053069286 -151.77279182676887 22.09050927079815 59.939086235308615 30.569395885340885 191.54220854351428 76.68069089115941 -28.92134724125406 36.83724009183786 65.59026148576092 -28.671532013416325 26.300477270132433 -154.3243460776193 -40.19111237427849 23.470208468241943 64.29459242488295 -40.068052413262556 5.1510270752905996 17.61058646463949 -3.944971766486036 -162.05150876097215 -30.299942015655837 31.49175473965129 -1.4690837820292377 -61.5196745088294 -40.97548135197926 -9.931390485507254 -20.33092920179577
801 11214 0 0 0 -55.27972640018698 -139.67041362094727 -29.610198840987774 -151.77323444068588 22.089583968888064 59.93877266851787 30.56930422258417 191.54129983516665 76.68042189776452 -32.17347394015199 36.64528708851048 65.59002232291141 -28.672226796519478 26.30004052203747 -154.78851182922867 -40.19139459924289 23.47022679659983 64.29465339171475 -40.06872996576466 5.151298754079588 17.611483686234447 -3.944069738467781 -162.0515573821706 -30.299777006442532 31.491571086110795 -1.4697340480158037 -61.51967242153365 -40.97400859129606 -9.930399985189966 -20.331696112401886
901 12614 0 0 0 -55.27626532176045 -139.6704402650175 -29.6101821109081 -151.77323684202173 22.08960217154262 59.93875068223403 30.56932015601887 191.54126320144542 76.6804210611673 -32.16504496155987 36.64579613341573 65.59001232473486 -28.67220237374547 26.300034873163497 -154.78727528742374 -40.191379781439316 23.47023837375336 64.2946356699036 -40.06871203906634 5.151282880940261 17.611474433211203 -3.9440741263930565 -162.05154967968193 -30.299786428749336 31.49155289603633 -1.46971714059554 -61.51966256861017 -40.97399538969728 -9.93040532512714 -20.331661152706882
1001 14014 0 0 0 -55.27639394107341 -139.67044027077145 -29.610181887062 -151.77323672566797 22.089601882701064 59.938749891719375 30.569319850427576 191.5412637425875 76.68042092725796 -32.16535777667628 36.64577859294982 65.5900117752983 -28.672202058453827 26.300034936840117 -154.78731969331324 -40.19138037654843 23.470238269336292 64.29463505256635 -40.06871236814517 5.151282895182688 17.61147473438205 -3.9440737983917886 -162.05154996745088 -30.29978631122008 31.491552941747127 -1.4697161661896088 -61.51966288125794 -40.97399478991595 -9.930405881676027 -20.331661373417138
1101 15414 0 0 0 -55.276398286594684 -139.67044028196813 -29.610181874192318 -151.7732367229296 22.089601877350486 59.93874988519395 30.56931985119556 191.5412637338582 76.6804209334792 -32.165368333783704 36.64577798059255 65.59001176888061 -28.67220205627188 26.30003494463449 -154.78732119863824 -40.19138036336109 23.470238271567858 64.29463505013206 -40.0687123648395 5.151282886521482 17.611474738473852 -3.9440738055458335 -162.0515499621335 -30.299786306155063 31.491552941511788 -1.4697161696017575 -61.519662878481135 -40.97399478850747 -9.930405882185878 -20.33166137567062
1155 16170 0 0 0 -55.27639850709795 -139.67044028191543 -29.610181874466953 -151.77323672290893 22.089601877203677 59.93874988512014 30.569319851038323 191.5412637341426 76.68042093360665 -32.16536886920608 36.645777949126646 65.59001176880771 -28.672202056573173 26.300034945046363 -154.78732127516176 -40.19138036304955 23.470238271824115 64.29463505010838 -40.06871236494093 5.151282886596821 17.611474738266992 -3.944073805567837 -162.05154996212653 -30.29978630613762 31.49155294129356 -1.4697161696554595 -61.51966287824705 -40.97399478820615 -9.930405882132495 -20.33166137538768
