% # columns="iteration, evaluation, sigma, axis ratio, bestever, best, median, worst objective function value, further objective values of best", seed=36, Mon Jul  6 15:57:00 2020, <python>{}</python>
1 15 49.13827991028576 1.0000490012005196 5420.197153105594 5.4201971531055942e+03 7032.5697419136795 8311.171338534476   
2 30 47.36499790123597 1.04038738536804 5420.197153105594 5.4705070795893616e+03 6555.328752514752 7186.282634621295   
3 45 44.58448087719412 1.0487289267875546 5300.312001799826 5.3003120017998262e+03 6731.052696233321 7657.639580431661   
101 1515 47.73767858654459 1.636031742491961 4704.042206899855 5.8555366599317895e+03 7022.65192562384 7363.253114287172   
201 3015 7.290355936790945 1.7883058381725097 4134.026972403078 5.7367906229470445e+03 6410.193704747571 6841.1700668457115   
301 4515 0.11953908791721865 2.157555977976267 2900.2451358486774 2.9002451358486774e+03 2903.323557950546 2908.2752755039746   
401 6015 0.03465373280087494 2.689272664693835 2855.3251585285902 2.8553251585285902e+03 2856.171810184762 2856.627596905814   
501 7515 0.004836429230547314 3.0900726163796293 2853.124727373932 2.8531257705057396e+03 2853.175288970286 2853.291425560401   
601 9015 0.0048552317302112515 5.07926292512217 2852.7055624619184 2.8527147559184159e+03 2852.758338012027 2852.8381156373716   
701 10515 0.004055485313386758 10.202509170538104 2852.052401300425 2.8520614865147345e+03 2852.132467695536 2852.2133484068395   
801 12015 0.000132131425832919 15.619722363800895 2851.910612893519 2.8519106128935191e+03 2851.912085968596 2851.9160505851005   
901 13515 1.391101905242196e-06 22.429110514957895 2851.906851682047 2.8519068567462327e+03 2851.9068785781524 2851.90691021617   
1001 15015 1.986492047489772e-09 27.833849710870304 2851.906816853393 2.8519068168751469e+03 2851.9068169042807 2851.90681698509   
1101 16515 2.5029945251696516e-10 41.75899091765388 2851.906816785425 2.8519068167877754e+03 2851.9068167905552 2851.906816798624   
1201 18015 1.665183339324383e-05 64.06054861309086 2851.90580691889 2.8519058069188900e+03 2851.9062421349286 2851.9065503287607   
1301 19515 0.0001390529120923017 70.90972344554241 2851.797377136407 2.8517979145415948e+03 2851.798876280158 2851.799872365856   
1401 21015 5.099432468933985e-07 82.78290255276735 2851.795919982138 2.8517959199821380e+03 2851.795929052348 2851.7959319468955   
1501 22515 7.680760196335723e-10 96.12608212365203 2851.7959155768804 2.8517959155813392e+03 2851.7959155887743 2851.7959156002653   
1601 24015 1.177621569394907e-11 116.63318349635514 2851.795915565767 2.8517959155657668e+03 2851.795915565854 2851.7959155660565   
1701 25515 3.786867236948474e-09 144.1734000786103 2851.795915481024 2.8517959155044209e+03 2851.795915532134 2851.7959155714225   
1801 27015 0.0007401253768840315 158.09543771495913 2851.772437668155 2.8517732317755181e+03 2851.774689342376 2851.7779635227826   
1901 28515 2.194490534973231e-05 186.72868216824213 2851.7675523814387 2.8517675880248421e+03 2851.767676029357 2851.767727180163   
2001 30015 0.0006459949559084717 211.23148123362708 2851.7496840633144 2.8517498108101254e+03 2851.752099170516 2851.754659649561   
2101 31515 0.0015755585133888526 252.27916157833548 2851.736494573172 2.8517364945731720e+03 2851.7429929461 2851.744729355727   
2201 33015 0.00347244639193852 277.4921696321816 2851.702952021954 2.8517037448798119e+03 2851.710241566823 2851.7159595982207   
2301 34515 0.0004454121466822552 299.34921727190044 2851.6534841186904 2.8516537480691409e+03 2851.6542175955988 2851.655257814805   
2401 36015 2.40183079135826e-05 350.53850241627543 2851.6509438016647 2.8516509873047839e+03 2851.651037965944 2851.6510984883935   
2501 37515 0.00014015787777305 437.0487920534971 2851.646696114101 2.8516468404026105e+03 2851.6470922096755 2851.647385600507   
2601 39015 5.002989148469077e-06 539.4038702306831 2851.6460213969917 2.8516460213969917e+03 2851.646032751012 2851.646047176083   
2701 40515 3.074057717287427e-05 606.3497561435626 2851.64473389631 2.8516447424908274e+03 2851.6447834593496 2851.6448505499957   
2801 42015 4.689879556457938e-07 694.2665457233873 2851.6446036893562 2.8516446036893562e+03 2851.644604721262 2851.644605269702   
2901 43515 0.00018995179543287045 821.2878192035342 2851.644157227209 2.8516441572272088e+03 2851.6443856456967 2851.6446125597286   
3001 45015 0.001146114436137217 890.6495177322529 2851.6401698339323 2.8516402377516533e+03 2851.641308394185 2851.6430450117796   
3101 46515 0.0008756519431317494 957.9914362446749 2851.631439703225 2.8516315414038263e+03 2851.6319449129114 2851.6329346947687   
3201 48015 0.0003856404630482594 1083.7635894505872 2851.6246940067686 2.8516246940067686e+03 2851.6249303308623 2851.625653233378   
3301 49515 0.0003567266306201675 1223.640570289453 2851.6199750100523 2.8516200296285519e+03 2851.620187860051 2851.6207302117746   
3401 51015 0.0006718600108506133 1440.7587887589139 2851.6109570934295 2.8516109570934295e+03 2851.6116701093442 2851.6120356646693   
3501 52515 0.002188092950878902 1719.455234711087 2851.586800749486 2.8515872408635687e+03 2851.588576138862 2851.5908984581847   
3601 54015 0.003494997993847464 2141.208318740712 2851.542556394235 2.8515425563942349e+03 2851.544916966618 2851.549568338434   
3701 55515 0.007988799318311783 2539.466709727266 2851.4165989465673 2.8514217468107913e+03 2851.4297481408457 2851.4425086251695   
3801 57015 0.003521992127858299 2757.9247413711364 2851.3054827423084 2.8513054827423084e+03 2851.3081754712894 2851.312444809496   
3901 58515 0.0037692348829838087 3078.3538627995904 2851.2131461541176 2.8512131461541176e+03 2851.216192408237 2851.223239441093   
4001 60015 0.0038554944230541747 3033.183247217515 2851.1177119065233 2.8511177119065233e+03 2851.121034749528 2851.1245156431696   
4101 61515 0.005785535134023229 3005.948224449237 2851.0316544593443 2.8510327588222249e+03 2851.0361181998505 2851.0403377794746   
4201 63015 0.001047272288483166 3158.474370146627 2851.0010810366675 2.8510010810366675e+03 2851.0017339375036 2851.002424890733   
4301 64515 0.0007145561700199004 3633.0010754968243 2850.9932484000688 2.8509932484000688e+03 2850.99346886399 2850.993828641239   
4401 66015 0.0005214521094861229 4143.739140672624 2850.98729354047 2.8509872935404701e+03 2850.9874879549143 2850.9877686948876   
4501 67515 0.00011142033186299016 4826.048437438979 2850.9861733919033 2.8509861800441995e+03 2850.9862068671255 2850.9862657321755   
4601 69015 8.353469717345406e-06 5661.916217846466 2850.985861567394 2.8509858615673938e+03 2850.985865129492 2850.985870097539   
4701 70515 2.9836033731555e-05 6534.3985182207825 2850.985828673178 2.8509858286731778e+03 2850.985839823012 2850.9858441824804   
4801 72015 5.18141245408754e-06 7237.525425605145 2850.985594914733 2.8509855953167098e+03 2850.9855967152725 2850.9855986562675   
4901 73515 9.81683213388324e-05 8350.03742887319 2850.9855588329556 2.8509855681613926e+03 2850.9855843023256 2850.985605796027   
5001 75015 4.443126249576258e-06 9656.314598034332 2850.985516288591 2.8509855165606473e+03 2850.9855174324657 2850.9855182902493   
5101 76515 2.467554304531663e-05 10815.514306093824 2850.9854491097954 2.8509854491097954e+03 2850.985453586974 2850.9854603764775   
5201 78015 1.1441763214514045e-05 12750.811436845217 2850.9854168829324 2.8509854168829324e+03 2850.985419089757 2850.9854201497183   
5301 79515 2.138823142311378e-05 14636.806281211626 2850.985393723187 2.8509853937231869e+03 2850.9853959683915 2850.9853976583177   
5401 81015 1.7288865857772655e-05 16072.589618171305 2850.985367339557 2.8509853673395569e+03 2850.985369421195 2850.985372759294   
5501 82515 2.2130116047736286e-06 18841.62195263019 2850.98535540497 2.8509853554273050e+03 2850.985355680031 2850.985356006071   
5601 84015 7.134444204413088e-06 21613.375618966387 2850.9853476722983 2.8509853476722983e+03 2850.9853484764953 2850.985349076802   
5701 85515 2.7720564671474424e-05 24366.737092613435 2850.985337977654 2.8509853379776541e+03 2850.9853408089707 2850.985342919229   
5801 87015 1.350345829665015e-05 27367.614227711634 2850.985324283459 2.8509853242834588e+03 2850.9853259521087 2850.9853264620006   
5901 88515 2.0526645905220893e-05 30746.1954346434 2850.9853015559884 2.8509853015559884e+03 2850.9853032060328 2850.985304077003   
6001 90015 5.362960331469416e-05 34868.24320053936 2850.9852871860776 2.8509852885122255e+03 2850.9852901746926 2850.985294043506   
6101 91515 5.4909360619385376e-06 39023.72904694566 2850.9852696994935 2.8509852696994935e+03 2850.9852700332744 2850.985270445106   
6201 93015 2.802364967448149e-05 46541.761502562455 2850.9852641911 2.8509852641911002e+03 2850.985265485758 2850.98526658296   
6301 94515 4.158714741543896e-06 49.39364109231643 2850.985258417469 2.8509852584389228e+03 2850.9852585204753 2850.9852587575906   
6401 96015 9.027941178712967e-06 50.02476063752836 2850.9852564834882 2.8509852565671390e+03 2850.985256845324 2850.9852571672077   
6501 97515 3.9645411751035065e-06 49.56919780872693 2850.985252186871 2.8509852521942385e+03 2850.9852523327772 2850.9852524903067   
6601 99015 9.412646310318426e-06 55.65456263638546 2850.9852504660175 2.8509852504899827e+03 2850.985250773879 2850.9852509984103   
6701 100515 3.800437773466706e-06 58.959426269511575 2850.985248420598 2.8509852484205981e+03 2850.9852485362835 2850.9852485742367   
6801 102015 3.6313005149121035e-06 59.17482043903428 2850.9852478736393 2.8509852478736393e+03 2850.9852479791607 2850.985248045662   
6901 103515 2.3826176364233325e-06 62.867351990258 2850.985247347664 2.8509852473503142e+03 2850.985247379172 2850.9852474343816   
7001 105015 1.6219829666927027e-05 62.27377697750355 2850.9852456544813 2.8509852457105162e+03 2850.985245949084 2850.985246126643   
7101 106515 6.1414320832115336e-06 63.61830171453752 2850.9852427554997 2.8509852427642209e+03 2850.9852428177164 2850.985242904251   
7201 108015 9.030137883021024e-06 68.3493088099973 2850.9852405685674 2.8509852405685674e+03 2850.985240646975 2850.9852408398237   
7301 109515 6.348106542705123e-06 76.70141470591135 2850.985239108805 2.8509852391356917e+03 2850.985239199235 2850.9852392821203   
7401 111015 1.990474276439907e-06 90.05192142193845 2850.9852387658684 2.8509852387684123e+03 2850.98523878435 2850.985238808553   
7501 112515 1.804197896546468e-06 131.88318787941236 2850.9852386945113 2.8509852386945113e+03 2850.985238711456 2850.9852387275737   
7601 114015 2.0730535942657653e-07 161.5346998073002 2850.9852386486937 2.8509852386492948e+03 2850.9852386509733 2850.9852386521165   
7701 115515 1.8323463489119953e-06 186.1767098892843 2850.985238575379 2.8509852385763165e+03 2850.9852385875834 2850.98523859626   
7801 117015 2.1248174282073453e-06 208.4378145305151 2850.9852384879277 2.8509852384879277e+03 2850.9852384991045 2850.9852385165127   
7901 118515 4.187992544932943e-07 228.21403704530402 2850.985238415633 2.8509852384156329e+03 2850.985238417674 2850.9852384202695   
8001 120015 3.207034828291122e-07 266.3136976607515 2850.98523838715 2.8509852383871498e+03 2850.985238388735 2850.98523839136   
8101 121515 2.3115176226959096e-07 321.3891506347745 2850.985238373982 2.8509852383740135e+03 2850.9852383746825 2850.9852383760017   
8201 123015 1.1639212549333567e-07 371.0234802795987 2850.985238367988 2.8509852383680009e+03 2850.9852383684633 2850.9852383688226   
8301 124515 7.831670619723243e-07 435.19500255843775 2850.9852383572097 2.8509852383572097e+03 2850.9852383603443 2850.9852383623565   
8401 126015 1.7317514111014668e-07 470.1486581979354 2850.9852383503935 2.8509852383503935e+03 2850.985238350657 2850.9852383510324   
8501 127515 3.6449868319049094e-07 549.1589156355719 2850.9852383426355 2.8509852383431057e+03 2850.985238343623 2850.985238344105   
8601 129015 5.910156045087e-07 625.3193029158558 2850.9852383293387 2.8509852383296370e+03 2850.985238330534 2850.9852383328043   
8701 130515 2.2231018764560634e-07 736.2947529996557 2850.9852383193847 2.8509852383193847e+03 2850.985238319937 2850.9852383202747   
8801 132015 2.7723220564187284e-07 844.676993430403 2850.985238314811 2.8509852383148109e+03 2850.98523831525 2850.985238316096   
8901 133515 2.0941494916401732e-07 959.8921504596562 2850.985238309788 2.8509852383097882e+03 2850.985238310013 2850.985238310316   
9001 135015 6.59422738138942e-08 1229.3925262138707 2850.985238308799 2.8509852383087991e+03 2850.985238308872 2850.9852383089446   
9101 136515 1.1113399234563361e-07 1449.7979516962114 2850.985238306893 2.8509852383068928e+03 2850.9852383069774 2850.985238307153   
9201 138015 1.1215196760385534e-07 1637.0937224321815 2850.985238304583 2.8509852383045945e+03 2850.985238304676 2850.985238304816   
9301 139515 1.500580518904353e-07 1910.6970603817667 2850.9852383030106 2.8509852383030448e+03 2850.985238303129 2850.9852383032603   
9401 141015 1.292402832899302e-07 2215.7541871182943 2850.9852383021043 2.8509852383021043e+03 2850.9852383022144 2850.9852383023203   
9501 142515 3.912613418590797e-08 2504.653319702722 2850.985238301205 2.8509852383012048e+03 2850.9852383012367 2850.9852383012512   
9601 144015 2.0696519767595064e-07 2786.6848033464853 2850.985238300909 2.8509852383009420e+03 2850.9852383010398 2850.9852383011853   
9701 145515 1.9828908915360732e-07 3395.259303316277 2850.985238300301 2.8509852383003008e+03 2850.9852383003804 2850.9852383004695   
9801 147015 1.1764710019135857e-07 3743.4343220591663 2850.9852382989347 2.8509852382989388e+03 2850.9852382989716 2850.985238299031   
9901 148515 2.1220072801479401e-07 4146.273337125214 2850.9852382977406 2.8509852382977620e+03 2850.9852382978156 2850.985238297909   
10001 150015 1.7054498165874867e-07 4457.037308376606 2850.985238296318 2.8509852382963181e+03 2850.985238296384 2850.9852382964477   
10101 151515 1.921797238660836e-07 4838.650725808675 2850.9852382947383 2.8509852382947383e+03 2850.985238294797 2850.9852382948948   
10201 153015 6.509569092726496e-08 5284.841852450781 2850.985238294415 2.8509852382944150e+03 2850.9852382944246 2850.985238294456   
10250 153750 3.0621691288120625e-08 5624.378640053182 2850.9852382943504 2.8509852382943577e+03 2850.9852382943623 2850.98523829437   
