% # columns="iteration, evaluation, sigma, axis ratio, bestever, best, median, worst objective function value, further objective values of best", seed=46, Mon Jul  6 00:49:54 2020, <python>{}</python>
1 10 50 1.0000450010125153 5500.604897234899 5.5006048972348990e+03 6344.222761679753 13605.067000551395   
2 20 46.77534925158089 1.1831985456046386 5245.936514006424 5.2459365140064237e+03 6198.429011171862 7099.151534345141   
3 30 43.17908950207821 1.2730280760712072 5020.18051393723 5.0201805139372300e+03 5801.8249316515685 6777.825314733033   
101 1010 2.1028685440932997 4.359183515395745 2920.3784666440647 2.9203784666440647e+03 2926.392445396942 2931.02302516084   
201 2010 0.05603322334145267 1.9470999173224 2900.062031546255 2.9000812579415415e+03 2900.102969301605 2900.174663925593   
301 3010 0.00013696375602057385 2.0797057943576363 2900.000078375652 2.9000000783756518e+03 2900.0001339806727 2900.0001758764774   
401 4010 1.8602955123847743e-06 2.0826706851620314 2900.0000003704577 2.9000000004193275e+03 2900.000000633447 2900.000000851936   
501 5010 1.4610434951810765e-08 1.7887171725457345 2900.0000000015075 2.9000000000015075e+03 2900.000000002311 2900.0000000029336   
557 5570 9.033227394912644e-10 1.7350202024615349 2900.0000000000396 2.9000000000000409e+03 2900.000000000066 2900.0000000000873   
