% # columns="iter, evals, sigma, 0, fitness, xbest" seed=47, Mon Jul  6 01:04:17 2020, <python>{}</python>
1 14 50 0 7946605602.064348 54.07433700076343 94.42395314081938 -40.37222899093608 -50.281351068031746 -55.6997175478663 67.4469657787356 54.90399404088454 -72.66809560095308 -0.9754561813722761 -3.222740575725579 41.67255205239446 -41.39418312340345 -83.94841250937091 -57.51830399744359 99.18063344530685 44.91723692158083 19.23313696369831 7.66030919136142 -18.417230433392078 7.944907941126346 24.50268992008783 30.072426171203446 24.691575693771632 -50.91267112189291 -10.454198701414462 54.484089539717296 -36.840451902030885 24.614693054676653 27.086314680326666 25.243096068121112
2 28 46.99090347583796 0 5401113330.348264 -1.331907632230152 77.7428637048688 -68.03394700384524 -33.36648660970363 7.319694584492392 18.067901654815422 0.44784615977221165 -10.033203397075733 13.863947478174852 33.91261109642803 12.28968844156072 -5.16055651565458 -11.023838670642384 41.93734735959675 2.0190838919969423 71.59236748449673 -24.05316304855072 -4.50183651320836 -99.01297298608054 -0.8281854213031608 88.02752362121379 0.2946081397260514 60.39463187191686 -90.98555298284084 -7.442263783607267 46.631794419836886 -91.94589841588687 8.516272633707061 -99.99915263013399 -81.93722501307832
3 42 44.39848163475465 0 10111721947.719053 -17.585737079758555 91.24788203208425 -55.008206239947015 -41.14224947160899 1.266855190260081 -11.079762559257752 -62.43648361453264 -59.78856895879414 -3.7398865702632094 41.48678013102919 -24.611281162630185 11.895444116910205 -24.722293925458715 -9.445258972458722 -51.67514330692649 89.69964976266792 -31.353408275593136 45.77715258305902 42.75595809948583 77.09789178200968 33.03329505293152 29.42519533918164 -23.90777891892155 -73.27982404399067 -5.568092241257405 23.169718899452956 -43.87983510184963 17.588344193190558 -94.46286580493023 -49.287148368593975
101 1414 0.1261230111795841 0 2062878.4066903177 21.331521215686703 78.67855002960297 4.768528290700561 -66.38649477401263 45.35768139079045 31.23381130621467 99.02063818422151 -69.98666258974505 3.851672969872062 56.262731579056585 -0.40782755365767576 -12.073098431943503 -57.702085227319415 9.796509021611348 -52.375085415115414 59.45391526028441 16.327330091839276 37.16652745895018 -92.74246611160899 -9.877726537786172 63.64090164662279 95.91512544604342 -2.6731260074187575 -47.85682450479388 -31.05675758713544 42.133322633718876 58.76178278735304 15.5522180981653 -67.50639472014319 2.437350991778092
201 2814 0.09021708490915896 0 188668.46994999496 26.383617271843463 81.16695501367042 -8.021975031515755 -69.95450665663238 49.18300794129419 30.112859446561284 99.236719109139 -74.27179286713263 4.0208480601354095 50.85189345888307 2.055795997656393 -13.532617933103294 -57.766156617512436 14.224248041203142 -46.697237205368 65.59320187354679 17.618961858826335 36.750072973161814 -86.92287166088916 -15.980971422503671 61.87166922634774 91.17065755291367 7.0148353785347055 -25.751386314368773 -36.52755847674121 19.479212771184137 57.922625753731936 23.036010330270315 -61.916679073142944 -14.818685237216606
301 4214 0.026691292598968862 0 84581.4311568408 29.135923317600245 82.75935477119216 -18.562168384479385 -74.56440940059603 52.94207216684498 29.184752462911575 99.15536567791959 -76.73832283388927 4.338145408017381 46.62865585901005 4.040602448804901 -13.123051360696095 -57.8084496483031 16.981526371562033 -42.27758132662193 71.28182756904651 18.645125775271662 35.97692902887855 -82.05426039888056 -20.047988116671572 60.51515994156357 87.10776368330491 15.311915334314643 -8.589887109686458 -39.91671558927892 1.9281008841019514 57.069318175932835 29.446301920292683 -57.58111815989156 -31.25094702143311
401 5614 0.04192313632631346 0 16963.25032900839 30.153829570260832 82.71158405558705 -25.707328939866365 -79.02011071769748 62.10028414324654 28.609894034967322 98.68639285298123 -73.5705202358748 4.502346579659589 43.86860203027446 5.321652540745286 -6.565279173320183 -58.349831985394914 19.553283442049786 -36.97742991426407 75.03130617781665 19.43789024944949 34.32985676230368 -72.51700850805516 -17.80073027665062 59.66377600793067 81.97115901045504 21.058462943207 -1.1849358371267726 -38.875893543273776 -2.7955415644402137 52.8097848949206 35.470213729428714 -54.765176725204725 -55.052677644196685
501 7014 0.014308488067961455 0 9925.600996290763 32.42472016641105 83.36171663387209 -36.982385545836344 -84.21512009875622 71.24993654052878 27.795931351274902 98.23166552547204 -72.35149804261717 4.733719886963509 40.079547881776165 7.100410203526365 5.473940882017719e-05 -58.922970835580955 23.007486789361753 -30.285570970564663 80.50983542266306 20.068868833669352 32.79022186668646 -62.508050770378915 -17.933390697373913 58.46811392392054 75.74946727215391 29.48774586677941 11.679936521224988 -39.69188564849893 -14.963294591965337 49.15800768674208 43.39491154026179 -50.8906955379517 -81.1301318853496
601 8414 0.02257414400801933 0 4129.027189863397 32.830775046254494 81.51100887952137 -41.55965424794832 -83.87572493096226 76.91749260487072 27.94186411428822 96.87925750284153 -69.42149561766651 4.687260605911136 40.75545795719038 6.784234667983318 14.047979530425145 -59.758037568092554 21.118520086654453 -25.49065870432212 79.6658603054076 20.225492163900185 33.060842009705944 -56.49348774073718 -14.848614058922392 58.68082002964675 73.8930488872333 30.911340329726233 4.063725777093879 -37.834544691903375 -16.805468567222874 49.33096673398284 47.46767607566586 -51.57777693303555 -90.4104073561866
701 9814 0.00025451400811896883 0 3716.1860830436226 33.16768828454763 80.81556455676576 -42.79133482562872 -82.86670942847476 77.36710121337615 28.053970688220623 96.40736198839511 -69.25562851403082 4.657369471063249 41.28925794481129 6.535750528378526 19.779633375019614 -59.955715689637366 19.627683027271566 -24.022115207534956 78.60278256349554 20.139844594483694 33.65473790662371 -55.84563850217018 -14.512907847219921 58.84779603790438 73.880330505432 30.94721736563834 -0.4867497624299517 -37.45475006636536 -18.645237409283055 50.97086331392649 48.52904325150687 -52.124007917575966 -89.61613677935456
801 11214 0.00010441934314425172 0 3715.0899243639697 33.16689701936776 80.81716349013055 -42.79349535973265 -82.86546206354932 77.36933829462657 28.05253972165363 96.40795235909083 -69.25258681282882 4.657640604627507 41.284188276973666 6.538428855305386 19.783521822673034 -59.95570483309656 19.626373460564093 -24.021434698577426 78.60337106212671 20.139632169248006 33.65613440671717 -55.84215054484521 -14.515684274263407 58.84619255507336 73.8765480019517 30.94743613104207 -0.48207286656582937 -37.45592505540793 -18.64553038823925 50.96920529498777 48.52939535735603 -52.11874518388285 -89.6221996871042
901 12614 0.0011391023311463032 0 3695.80445329006 33.143891164462836 80.87724711048423 -42.802033639598385 -82.80338829304704 77.3708585785659 28.019505383265276 96.41311429784726 -69.18149960132621 4.667000695709531 41.131458688641686 6.609335936503316 19.834617635083156 -59.94389492536259 19.562694932086018 -24.049710623584982 78.62475251906287 20.098697995599125 33.7613769715436 -55.78930941903637 -14.601910337797692 58.798254473745544 73.75840250163895 30.92868971030096 -0.41966240967522594 -37.49297013370457 -18.61579944876999 50.93963789014901 48.497533103135915 -51.96291127992302 -89.63671075805149
1001 14014 0.03131676108843789 0 2478.2531625001916 30.926369535789604 87.69897328886981 -44.8788767425247 -75.15508480589698 78.21354298331991 24.172689848020067 96.44358954029883 -60.1200090428018 5.756510534153282 23.103157283838264 15.019389847560424 28.501024731893168 -58.357682412963364 12.092083937887324 -26.88475839758607 80.53224375640065 15.978221058476398 46.91234398397263 -48.69757702758919 -24.810443397828553 53.12055193739965 59.421057111324245 28.385143179268752 5.5756164301084254 -42.272574592367576 -15.436256932287705 48.01850436320149 45.13447414648238 -33.54319210507336 -91.59935938645248
1101 15414 0.0011161505117786097 0 2285.8176070401087 29.519454406475564 88.12347261225733 -41.9233375625376 -71.92801038393387 76.97977337230287 23.870722971406792 96.2509943793291 -57.845918459040334 5.845299987989386 21.691128385991963 15.677108516856478 31.68356507226755 -58.4353788386782 9.077579347094845 -28.41386150630694 78.64715255248457 15.052925083994058 49.57936344609656 -49.133403382665385 -25.03691240148611 52.67491055430927 58.66554421883512 24.998796005299376 -0.7790646798599994 -41.87035809602235 -9.693460475978554 48.5722713920839 42.6527950828714 -32.10194445209012 -85.31050607772798
1201 16814 1.4562046673137201e-05 0 2285.049137576785 29.52591018142377 88.10003145221697 -41.915007614812254 -71.95646154360647 76.98577797506593 23.883934856853905 96.24738249956353 -57.87493019298559 5.8417302051564945 21.752732720641863 15.64796924994776 31.664418471792633 -58.44138108981573 9.104854416367084 -28.39902426636089 78.6408063396296 15.063659351817973 49.532964702907584 -49.14994760624443 -25.001146157273816 52.694352466932585 58.71184187087883 25.010238888997808 -0.8008405620119561 -41.84975221708881 -9.708171663389436 48.57994193697845 42.669210588791216 -32.164868778780544 -85.3169365705957
1301 18214 3.650417779858624e-09 0 2285.044854069975 29.52592628530989 88.10000545452249 -41.914898425506124 -71.95648862066709 76.98571509403752 23.883953277466404 96.24739455577608 -57.87507866461798 5.84172480784993 21.752811235270528 15.647928625059667 31.66430127406443 -58.44138992588567 9.104898464755806 -28.399003690049316 78.64085046142782 15.063649065677687 49.532848844019455 -49.1500228780177 -25.00123759908551 52.694380676281064 58.71197504141864 25.0103781562432 -0.8006767303800473 -41.8497983393551 -9.708513476800363 48.580007208155294 42.669243367454754 -32.164950378912124 -85.3167930385074
1401 19614 2.137810529204162e-10 0 2285.044846585617 29.52592628604141 88.1000054615398 -41.91489839961908 -71.95648863066309 76.98571507195288 23.88395327792925 96.24739455979461 -57.87507868236187 5.841724807750786 21.752811236019657 15.647928625176027 31.664301218357064 -58.44138993013751 9.104898469167667 -28.399003697123238 78.64085047406505 15.063649071833286 49.53284883083393 -49.15002289078124 -25.00123761918671 52.69438067705407 58.711975055127795 25.01037816798368 -0.8006766778005954 -41.84979835571779 -9.708513537296312 48.5800072171211 42.66924336966389 -32.16495037936835 -85.31679301067712
1501 21014 1.1202551995787063e-09 0 2285.044842800409 29.52592628139403 88.1000054595179 -41.914898255942916 -71.95648865413996 76.98571507071048 23.883953287531696 96.24739452881354 -57.87507873314928 5.841724805406058 21.75281127009112 15.647928610329433 31.664301120541623 -58.44138999593399 9.10489846942565 -28.399003647962406 78.64085051216188 15.063649069867688 49.53284877355604 -49.150022901876845 -25.001237665099143 52.69438069087432 58.711975118447555 25.01037824467249 -0.8006765641750349 -41.849798405991834 -9.70851377165522 48.58000722687773 42.66924337161354 -32.16495041314337 -85.31679295492106
1601 22414 2.670223874882654e-08 0 2285.044713291463 29.52592631199097 88.10000542607014 -41.914893703952195 -71.95648940787679 76.98571502997171 23.883953547415473 96.24739348789912 -57.87508035646478 5.841724749613455 21.752812060842103 15.64792828253239 31.664297894224184 -58.44139212225575 9.104898546691775 -28.399002006246942 78.64085181842802 15.063648990731576 49.53284688858901 -49.15002329038446 -25.001239368449333 52.69438103917335 58.711976956823946 25.01038094500253 -0.8006723975017849 -41.8498002597502 -9.70852174315425 48.580007661674465 42.66924340933294 -32.16495119139762 -85.3167910963649
1701 23814 0.0001097735247260988 0 2284.893048144229 29.524491741876027 88.10023768919659 -41.90622996980585 -71.95700677182539 76.98890648856371 23.884274045224533 96.24445334855541 -57.87183123647779 5.841633970153563 21.75426846595038 15.647247044650133 31.66675067326102 -58.44344407097941 9.103928428943378 -28.396506936105364 78.64126677127136 15.064859630122047 49.53017058483724 -49.146806241393755 -25.001353902814557 52.69488122545873 58.71443816863933 25.010775979776625 -0.8023580787301796 -41.851107887696806 -9.710968494567652 48.57827211266721 42.66844621320493 -32.166403257088604 -85.31821818066248
1801 25214 0.00013888054707089943 0 2284.737225864973 29.5218142526919 88.10081531514702 -41.894599617314014 -71.9555890442553 76.99725746831854 23.884369638259265 96.23965383906639 -57.86413547752721 5.841543187609223 21.75482767087509 15.647024348318219 31.677973290382475 -58.445815656781555 9.101644917902602 -28.39285222074391 78.64489396079583 15.063644443204815 49.52684471364972 -49.13975548132073 -25.001681673445532 52.69500646047567 58.71611011209387 25.015687194623798 -0.8079091018566942 -41.85172267853496 -9.710281884929401 48.57509686418503 42.66664454295506 -32.1670555267539 -85.32314077653598
1901 26614 0.0004938068076788481 0 2283.9252147435172 29.508651983365816 88.11400433754739 -41.86180225135816 -71.93660287359644 77.04495244980433 23.87551730321108 96.22149661496093 -57.807918487029156 5.844030122775156 21.713461374217925 15.666272195579392 31.757968742287762 -58.43883602452028 9.090270861673925 -28.392975639476102 78.68554821015323 15.030390251376144 49.531636379710555 -49.105468115848105 -25.031087869259544 52.68201410293991 58.68057738930668 25.064462918665676 -0.8112613650686455 -41.84399677025135 -9.666923842053507 48.55870825189867 42.64647991469688 -32.12477336412371 -85.35484904253079
2001 28014 1.4802372351122983e-06 0 2283.776000073809 29.501049216106647 88.12160634477111 -41.83914789184669 -71.92724417318645 77.07270981030311 23.87164460756539 96.21034569187178 -57.77689614289597 5.8451820853365115 21.69511462588431 15.674862645005732 31.800996073922875 -58.436231484409646 9.084767132508007 -28.39282223713269 78.70750877358007 15.013900619961232 49.532214488823556 -49.08756498844222 -25.046577522821753 52.676221361860456 58.6649879505095 25.089987647953475 -0.8158664413975885 -41.839111508115636 -9.646037831567952 48.547789613791316 42.635307951008585 -32.10601847136698 -85.3698095320539
2101 29414 7.457488814870806e-10 0 2283.7756886346897 29.501048329567066 88.12161000781109 -41.83913724813953 -71.92724396385215 77.07271543390681 23.871644607859377 96.2103417662325 -57.776890040961646 5.845182188704936 21.6951140778556 15.674862951764206 31.800995236815726 -58.43623166420397 9.084767496158884 -28.392823029647154 78.7075137794077 15.013900244665313 49.53221272295623 -49.08756381773447 -25.046582341493746 52.67622116400053 58.664989804560605 25.089992982085327 -0.8158607096251558 -41.8391112323165 -9.646035720006125 48.54778714875071 42.635304836919715 -32.106017953716076 -85.36980818177886
2201 30814 3.164644105933648e-10 0 2283.7756884583605 29.501048330262126 88.12161000682629 -41.83913723602337 -71.92724397207446 77.0727154348817 23.871644611299057 96.21034175800999 -57.776890037488855 5.8451821877934185 21.695114094066692 15.674862944788835 31.800995235971588 -58.436231658863065 9.08476749634795 -28.39282303304826 78.7075137864249 15.013900245536654 49.53221270802085 -49.08756382622464 -25.046582339735263 52.67622116908355 58.66498982335452 25.089992990953153 -0.815860717271164 -41.83911122869544 -9.64603572268362 48.54778714964341 42.63530483640319 -32.10601797073474 -85.36980817235631
2301 32214 3.080219477919204e-09 0 2283.7756829717987 29.50104833199896 88.12161000387901 -41.83913698459373 -71.92724419067795 77.07271543509839 23.87164473740101 96.21034150602615 -57.77688993234835 5.845182154845328 21.695114676455592 15.67486269128754 31.800995151372984 -58.43623147411767 9.084767496921922 -28.392823272542326 78.70751397255806 15.013900245521702 49.53221233719077 -49.087564139222486 -25.046582241140893 52.676221348810984 58.66499046715083 25.089993227420678 -0.8158610235395827 -41.83911108312855 -9.646035700656682 48.547787215733166 42.635304834437434 -32.10601858409092 -85.36980777280411
2401 33614 7.142552557985433e-06 0 2283.7694968953697 29.501045846442707 88.12160615574722 -41.83858808742941 -71.92775721499757 77.07270268005865 23.871914409102814 96.20977229650916 -57.77666110026267 5.845110527104027 21.696358787894905 15.674317267235748 31.800753432619974 -58.43581994963601 9.084774104595148 -28.39334696828788 78.70797127400782 15.013891403017755 49.53141878326048 -49.08824818671172 -25.046380198918055 52.676605845709844 58.66637643398769 25.09053261772341 -0.816452308830435 -41.83880473647135 -9.645985057354522 48.547916942940844 42.63530267645558 -32.10732847713817 -85.36901283367412
2501 35014 6.780886543379213e-05 0 2283.7076493470463 29.500863418236207 88.12219838803344 -41.83678829859283 -71.93230872696297 77.07315149891366 23.873233437042373 96.20391381876554 -57.77234145684831 5.844759610523513 21.702414860334365 15.671501883290407 31.797037308480718 -58.43167377367073 9.084968978149918 -28.39754778130676 78.71259984569379 15.014300723536468 49.527643570368575 -49.0914678151135 -25.04597140814284 52.67849846563924 58.672789685694056 25.09310229534633 -0.8169473480886325 -41.83598149409523 -9.64446671939038 48.54628601877393 42.63550914440529 -32.11353114457569 -85.37053641785309
2601 36414 0.0007481237497693564 0 2282.571288566575 29.50042525851151 88.12851273246848 -41.82122893616208 -71.9790695663463 77.07981974459375 23.889867792260965 96.12927280378236 -57.718901057326526 5.840032736960341 21.78007088887074 15.635262400533511 31.785236507999016 -58.378235359540426 9.084505334738148 -28.44522201929326 78.76668273397034 15.021728711897245 49.48252162596597 -49.13004203099069 -25.046485236953394 52.70296927517028 58.755028117425894 25.13057548709878 -0.8401394843777439 -41.80579605140413 -9.656740101562178 48.54161727462048 42.64176087563897 -32.192902390173884 -85.37749055752639
2701 37814 0.001455882564002025 0 2267.632004905405 29.49538697814438 88.23700534846094 -41.52814372055561 -72.79612169147173 77.21179903909876 24.188582259107505 94.66222323800827 -56.71471018806522 5.75505502906871 23.179888536076863 14.982436714086958 31.62723157655805 -57.38640586878191 9.062575800004838 -29.335701725067825 79.74336673636088 15.154901717245247 48.65231521166982 -49.82999190614039 -25.045199540487136 53.14393566875908 60.22913091457778 25.807580915871252 -1.3230401812557204 -41.22613769980389 -9.817233835567379 48.460382397440426 42.73908997460548 -33.62290748679911 -85.49181717536091
2801 39214 0.004713871091726888 0 2260.698280837858 29.507129252760848 88.36298879989799 -41.56078287427454 -73.09153689163222 77.19966395684554 24.259389640331186 93.96637263725081 -56.26608070168702 5.735041531503777 23.510680712297436 14.828029694535 31.46738859207504 -56.87168005431456 8.998643347157069 -29.79778078723484 80.00338399669246 15.301825213034075 48.59411798606635 -50.11102411797488 -25.17244187826804 53.24817617728377 60.772417236091 25.77166605257129 -1.3722842500523598 -41.07811462087561 -9.89953791726947 48.41627851809937 42.766192461211375 -33.96115843486169 -85.42664606372779
2901 40614 0.003726643044775664 0 2248.111850609882 29.51455606538221 88.75444284845952 -41.66371803800343 -73.70465357515855 77.25928408347116 24.342572284599395 92.32218139735447 -54.99400041838823 5.711535176639022 23.900817988548674 14.646141152233401 31.369755520912207 -55.573765659007144 8.776326328290896 -30.885064564752255 80.65228143191771 15.657174211344737 48.65023997085669 -50.53810194753296 -25.710725909604484 53.3709384702567 61.78947630985755 25.63644275698869 -1.328160403948658 -40.84724539256882 -9.94713840677494 48.23504835964667 42.7863792559082 -34.35923371056555 -85.38702085080268
3001 42014 0.0010237772663536642 0 2231.171974045278 29.473503370624517 89.42369239954029 -41.89021648270274 -73.85021711009132 77.48872431409205 24.102634392873227 91.03754485208515 -53.43839080537354 5.7795376822078195 22.777291736722525 15.170164177797675 31.97797285413269 -54.203916489597994 8.345034371224049 -31.784082495629498 81.02314074078497 16.09640635075266 49.60343961947686 -50.190758729253965 -26.999160934432766 53.017087117099344 61.76209013363783 24.91459742783889 -0.647209405661954 -41.09299260952172 -9.529980542082882 47.7596847291085 42.632847198726935 -33.211617024606824 -85.37888325575356
3101 43414 3.3064539624316245e-07 0 2231.133280394678 29.472104538932495 89.42586497443537 -41.88942800082626 -73.84458172421287 77.49170717308883 24.09962185314446 91.04796277611254 -53.43805002584257 5.780432229538975 22.763207339940603 15.176687876571274 31.99065870201741 -54.20705714946695 8.344606526595461 -31.77815204930436 81.02262061970835 16.094988029543487 49.608357106252875 -50.18183408920401 -27.004365420850792 53.01262823222938 61.74831989249793 24.91417125703782 -0.6447267998948973 -41.096643836146534 -9.52277123737565 47.75396899519425 42.63020691660445 -33.19720290211316 -85.38169868795083
3201 44814 2.4432121189489854e-09 0 2231.133230657892 29.47210473059277 89.42586443054375 -41.88942839675911 -73.84458147120316 77.49170713671666 24.099621785142823 91.04796342150009 -53.43805060403036 5.780432240720378 22.763207165546326 15.176687952062169 31.99065854041746 -54.207057728750954 8.34460645136934 -31.778151614705404 81.0226203799605 16.094988089956555 49.608356841560365 -50.18183391820881 -27.00436464651363 53.01262816212812 61.748319225513825 24.914171383982907 -0.6447269721697353 -41.09664436281231 -9.522771176357224 47.75396962973929 42.63020681256406 -33.19720273518132 -85.3816992564452
3301 46214 2.2177115092066138e-10 0 2231.1332294961767 29.472104735125036 89.4258644343633 -41.88942840839878 -73.84458145521032 77.49170713759196 24.099621777640678 91.04796345233369 -53.43805061949107 5.780432242784445 22.763207129984707 15.17668796883045 31.990658556851045 -54.207057740881375 8.344606451034474 -31.77815159845911 81.02262036873645 16.094988084750486 49.60835686311555 -50.181833897616556 -27.00436465562652 53.01262815088755 61.748319189605695 24.91417137631987 -0.6447269576620727 -41.09664437561687 -9.52277117857193 47.75396962335623 42.63020681118443 -33.197202699319604 -85.3816992572265
3401 47614 1.3552993243293266e-09 0 2231.133228840346 29.47210473496101 89.42586443261686 -41.88942843313448 -73.84458144582575 77.49170713726923 24.099621774866442 91.0479635139012 -53.43805057682025 5.780432242674729 22.763207123123284 15.17668797516327 31.99065863972742 -54.207057712640406 8.34460645006753 -31.77815162861297 81.02262041347313 16.094988084690957 49.60835687307473 -50.18183388067853 -27.004364629909396 53.01262814827514 61.748319134937105 24.914171394937707 -0.6447270470020499 -41.09664433520177 -9.52277109543823 47.753969553364286 42.63020681032933 -33.19720269328573 -85.3816992881638
3501 49014 1.843038558265878e-08 0 2231.1331925047025 29.472104747092686 89.42586444345852 -41.88942969122087 -73.84458141294583 77.49170711765112 24.099621863436216 91.04796585819417 -53.43804815242675 5.780432173315039 22.763207824003775 15.176687807553638 31.990662563831087 -54.20705578538222 8.34460645662098 -31.778153752567864 81.0226233409154 16.09498804334831 49.60835703223054 -50.18183362281044 -27.004363107259472 53.012628340414174 61.74831730431228 24.91417284515608 -0.6447320341122236 -41.096641853140426 -9.522767075494926 47.753965918938555 42.6302068224098 -33.19720346433982 -85.38170068632314
3601 50414 1.4449268692479307e-06 0 2231.1286212790296 29.47212341984565 89.42585512148904 -41.88968198419892 -73.84451324778605 77.49170648965995 24.099612853639776 91.04855669814253 -53.43755162604794 5.7804249885223795 22.763227335806732 15.176712756674931 31.99159299648694 -54.20665300321957 8.344587701967685 -31.778572752576004 81.02323961157835 16.094986195545513 49.60845417029797 -50.18171447242086 -27.004059037328716 53.01262847241017 61.74780060687414 24.91448132089286 -0.645818143118106 -41.09611860441238 -9.521953954158022 47.753135159982996 42.630194626625105 -33.19723205991815 -85.38200776656674
3701 51814 2.283041020971521e-09 0 2231.128492863396 29.47212356505925 89.42585477645487 -41.88968257713757 -73.84450732264573 77.49170600215788 24.09960966025092 91.04855972885218 -53.437561304692586 5.780425986105669 22.763211984087526 15.176719365017558 31.99158625145033 -54.20666154252368 8.344587211286836 -31.778562179633354 81.0232255956784 16.094986248206627 49.60845959379503 -50.18170764795527 -27.004066128891537 53.012623742635846 61.747792476673254 24.914473859262532 -0.6457984317153773 -41.09612965765435 -9.521963811403282 47.753147195552096 42.63019418215351 -33.197216080602914 -85.38200758615602
3801 53214 1.9078855516537766e-08 0 2231.1284819180983 29.472123566580137 89.42585477995068 -41.88967998115967 -73.84450679412534 77.49170600156185 24.099609238947824 91.0485562602939 -53.437566822338056 5.780426198711854 22.763209356417235 15.17672025337555 31.991578381332467 -54.2066661442091 8.344587211835949 -31.778556947360105 81.02322023481372 16.094986246099786 49.60846026173457 -50.181707164843175 -27.004068822903644 53.012622973657116 61.747794273727465 24.91447117842443 -0.6457882497705327 -41.09613483987358 -9.521972956066463 47.7531532627809 42.6301941825265 -33.19721322573446 -85.3820059602014
3901 54614 3.3245759738793e-08 0 2231.1283769069937 29.47212357477523 89.42585477757174 -41.88964135398011 -73.84449793686127 77.49170601066652 24.09960251306326 91.04850663402046 -53.437650324164636 5.780429537353819 22.763167751386423 15.176734534406101 31.99145985171529 -54.20673663470952 8.344587207457694 -31.778476106683613 81.02314315296292 16.094986253434055 49.608473279365185 -50.18169735407064 -27.004106526719102 53.012610748293724 61.747816039399424 24.914432134131175 -0.6456366714718342 -41.09621281273215 -9.522112731803844 47.75323927047591 42.630194179029886 -33.197167965608 -85.3819865910305
4001 56014 3.7726736729196115e-06 0 2231.123231794373 29.472125161042793 89.42585590287514 -41.889546183054954 -73.84446093277859 77.49170652296573 24.099570485343744 91.04918856406748 -53.43724000270423 5.780435764002831 22.763000960286924 15.17682276442761 31.99194583290443 -54.20653966765793 8.34458668848983 -31.778377116582348 81.02467054360582 16.09499019325534 49.608833908996466 -50.18113699935603 -27.003414397221157 53.01255503657083 61.74664603436523 24.915269669806918 -0.6466313209012071 -41.09575017671844 -9.52238951414239 47.751470106789256 42.63019309366098 -33.19695955020782 -85.38337480251309
4101 57414 8.762310408399698e-08 0 2231.1227082255873 29.472125433738217 89.42585404461435 -41.889483363071015 -73.8445124887727 77.4917058505022 24.09958755278715 91.04920978340635 -53.43712881380245 5.780430516880706 22.763078763544414 15.176788105505523 31.991994059566682 -54.20644955797428 8.344588951977084 -31.778405490075155 81.02498053319547 16.094989465874146 49.60881329801045 -50.18110264461107 -27.003292493688715 53.01257876956628 61.746565502704925 24.915451796970505 -0.6468249589504182 -41.095632476607314 -9.522444162768863 47.75117183019853 42.63019285789214 -33.19703369770056 -85.38358588433373
4201 58814 1.2461887805270131e-05 0 2231.110129870217 29.47212532880763 89.42585284509754 -41.88690450538042 -73.84695437175114 77.49170608745908 24.100560289833325 91.04586176946208 -53.434845377768816 5.780173094233714 22.76760059076128 15.174690096429558 31.991112848485923 -54.20369477311372 8.344587755449163 -31.78063891372949 81.02963892583138 16.09498764855204 49.60574949764925 -50.1831539380263 -27.002169691865557 53.01399093339866 61.7502591952489 24.918836520653862 -0.649669357698798 -41.09309745209233 -9.523947067015229 47.74847371725699 42.630189938297065 -33.20164769486095 -85.38391963989687
4301 60214 2.0322002331474213e-05 0 2231.0946967499945 29.47211772465271 89.42584598020315 -41.88164112059857 -73.85240922074657 77.49171023687626 24.10273592810071 91.03802813990424 -53.42932790162783 5.779592907204646 22.77774989721333 15.169968882076638 31.989444306232546 -54.19723033861541 8.34457573635256 -31.78604468538567 81.03993060902302 16.09498338306831 49.59915917774912 -50.18798212775526 -26.99970721629359 53.01717072275792 61.75850769776761 24.926218558056956 -0.6563541641870358 -41.087243452306005 -9.526222075688224 47.74288668953481 42.630185564223645 -33.21201488594173 -85.38456541319734
4401 61614 4.8997039821556065e-05 0 2231.036854665608 29.471965103716613 89.42586182872932 -41.869197163023834 -73.86817999033092 77.49194744946644 24.108945672460592 91.01370160660338 -53.40799632250014 5.777851873881943 22.80685550846126 15.156349388930034 31.98859808444592 -54.174533278729875 8.34449732204964 -31.805474754831504 81.0761998649139 16.095022758292032 49.58382812896205 -50.20194583928237 -26.991399805275755 53.0264072365302 61.77951555164114 24.950251905399536 -0.680972928071867 -41.06756398040049 -9.527248971842141 47.72309873515237 42.63014225379284 -33.24177497835612 -85.38960430433784
4501 63014 9.172955801245967e-05 0 2230.990049934186 29.47208381572949 89.42588483982051 -41.86369142511756 -73.87046428080926 77.49203292419284 24.110522744161255 91.00882851693154 -53.40098815962383 5.7773182018203935 22.814100155603406 15.152967397325016 31.987691788223092 -54.165559404095745 8.344373024010729 -31.814287360919778 81.09334878772394 16.09480762052846 49.58028566596356 -50.20591046164706 -26.98995119709786 53.02868985558855 61.78371869129518 24.961837535339598 -0.6877088443724801 -41.060564443751346 -9.530535587055795 47.71127626782856 42.62996178679985 -33.2492257218276 -85.39075447141369
4601 64414 0.0003447990893253228 0 2230.8346981012814 29.473015332795935 89.42655851379848 -41.852364631071026 -73.86604740763188 77.49176201856852 24.110546127035867 91.00958896765633 -53.38277162173914 5.7772818609512395 22.814443853673264 15.15279631239353 31.984238537898968 -54.14132630836864 8.34233065186131 -31.842733568916945 81.14660864735225 16.09460133641175 49.583224299795205 -50.21018356292901 -26.985603884518756 53.028729435895904 61.77013852388754 24.993987467094932 -0.7040528943766446 -41.038584572594644 -9.53282596941935 47.66236754729474 42.62869735030836 -33.2495308037208 -85.39640472139017
4701 65814 0.000649518059944371 0 2230.25156205219 29.478475817971294 89.42906399589177 -41.843840420998085 -73.76947469482431 77.48791710701565 24.076244885832228 91.13928893711712 -53.39452037297246 5.78713925606318 22.653550211576793 15.22775783251308 31.987034865522812 -54.13324425064445 8.331074550963011 -31.86938540113586 81.26049302635344 16.092986240953795 49.7040247557499 -50.143742418237856 -26.982344940634178 52.97807713761085 61.567182195782806 25.0350698201522 -0.7007758353161648 -41.02105906145211 -9.539917376817016 47.47180955361262 42.621866263953144 -33.08524803903097 -85.41401805155053
4801 67214 0.0005325414717148892 0 2229.376127468321 29.490094698328594 89.43063892289085 -41.83182553794417 -73.56313969382406 77.48006843346718 23.999692104333242 91.42734298345934 -53.45497435237814 5.808822052715935 22.29470188474826 15.395242885256167 32.034684718324435 -54.15704912773737 8.311226966103064 -31.864187833122635 81.35987599059003 16.090333171302333 49.96695412268531 -49.99785351064986 -26.99320467866737 52.865090229918536 61.14770096193644 25.01660851687376 -0.696835986935298 -41.01328392875346 -9.508215101017612 47.164207925624154 42.60977544579205 -32.718543200338075 -85.41561539139353
4901 68614 0.0008548671844061012 0 2229.1501209968565 29.490364905642412 89.42969912111342 -41.8362822881397 -73.5554773211543 77.47623427728757 24.001449135833212 91.43948997347047 -53.47195085705685 5.808315018078258 22.30316663701836 15.391277008092922 32.01220884038897 -54.167806645001 8.310936128500419 -31.87015295926659 81.36331582193938 16.08903329033236 49.976586503689944 -50.006696432760926 -26.973285124942507 52.86772519108863 61.141558931042766 25.012284603967277 -0.7112913721694554 -41.00282473543004 -9.519948211704104 47.14560250161157 42.61013799991332 -32.72722109367649 -85.40890377757962
5001 70014 0.0014562050732551588 0 2227.850797356015 29.500461087115884 89.43449047687908 -41.8496831220179 -73.41805172273298 77.44652183218267 23.996142261556056 91.59545525310158 -53.593498842379645 5.809842684603251 22.278368731280654 15.402843932129942 31.74090806369917 -54.21555965243207 8.291294825481616 -32.03803174153445 81.60303914231767 16.08030504347342 50.161412750774524 -50.06080719901264 -26.793535270206707 52.85986792638617 60.94937324392089 25.09830510798545 -0.8275666722083486 -40.858537518324106 -9.679206540192013 46.76731470963408 42.60248274654417 -32.70187772596387 -85.35430849763812
5101 71414 1.8464486640785066e-06 0 2227.7673693210763 29.50151943085391 89.43506756963737 -41.844812064758585 -73.41630168548926 77.44326119164748 24.001254369389766 91.59456101605291 -53.5938073683778 5.808370142040016 22.302360515574822 15.391650133797553 31.70915086529398 -54.208773265582764 8.289920239762818 -32.06560824694797 81.64409073459073 16.079714524319062 50.1672225608178 -50.07604042178306 -26.76703146718771 52.867476614521365 60.94760396182542 25.11697401644613 -0.8564772125097875 -40.83103072134672 -9.699620970720161 46.72077619997905 42.602225455439445 -32.726386642096514 -85.35143537429403
5201 72814 1.8188117249000379e-09 0 2227.767330767822 29.501519880339384 89.43506791710053 -41.84481560120029 -73.41629012081385 77.44326196100812 24.001247256272897 91.5945781721929 -53.593812120020075 5.808372222197092 22.30232689396638 15.391665727050466 31.70916488067091 -54.208779528819214 8.28991988283151 -32.06559472006581 81.64407685611717 16.079714839509684 50.16724037228528 -50.07602363857074 -26.767042313374024 52.86746607806059 60.94757611085868 25.116961566489724 -0.856463925180293 -40.83104209526717 -9.69961100695491 46.72077830113535 42.602224692328825 -32.726352195317304 -85.35143775901906
5301 74214 2.997782350906e-08 0 2227.7673251655588 29.50151989846795 89.43506792887001 -41.84481559143027 -73.41628984476155 77.44326198265563 24.001247352676657 91.5945778952261 -53.59381151526035 5.8083721981828695 22.302327374727305 15.39166548592525 31.709165079911852 -54.20877886633568 8.289919880171851 -32.065595477177176 81.64407744431794 16.079714849383162 50.167240086007176 -50.07602376670597 -26.767042414202663 52.867466220003095 60.94757618367328 25.116962129684495 -0.8564641545526115 -40.83104181227551 -9.699611873331776 46.72077779213116 42.60222470436094 -32.72635269572214 -85.35143777227172
5401 75614 7.777770903257018e-08 0 2227.7672878909643 29.501519893889768 89.43506792165975 -41.84481780187505 -73.41628426235393 77.44326198406 24.001247441356867 91.594577349237 -53.593806503561076 5.80837222965849 22.30232834284917 15.391664825957921 31.70916871952956 -54.208773708078155 8.289919884842512 -32.06560270742316 81.64407892178629 16.07971484871287 50.16723973170723 -50.07602381819728 -26.76704525930548 52.86746643398253 60.947573830903195 25.11696486887751 -0.8564638785217653 -40.83104077559601 -9.699620812816192 46.720774755796704 42.602224710682115 -32.72635382750639 -85.3514364389073
5501 77014 6.474037897290181e-07 0 2227.7660514462773 29.501518085864955 89.43506723294014 -41.84489580385991 -73.41607061214238 77.44325950247085 24.001295060041567 91.59435159830772 -53.59336874274885 5.808363006336457 22.30258603727523 15.391533212885696 31.709349249846753 -54.20832923617987 8.289920592393814 -32.06613351319736 81.64432143391548 16.079713657997164 50.167109284982324 -50.07612146908681 -26.76715924615528 52.867541531133675 60.94759929401039 25.117207029405208 -0.8565781981861278 -40.83087272661606 -9.700134311716681 46.720509158360684 42.602223890126105 -32.726625870034155 -85.35138721746814
5601 78414 6.469125943532204e-08 0 2227.7660189929734 29.50151808033602 89.43506721592405 -41.844896145106794 -73.41606961828226 77.4432594826049 24.00129554817015 91.59434848301883 -53.59336211752656 5.808362780370052 22.302588518615813 15.391532183729533 31.709349669608915 -54.208323596676266 8.289920638719556 -32.06613983885867 81.6443269463452 16.079713629655053 50.16711164852443 -50.076122914888664 -26.767158726083196 52.86754232768948 60.94759874666036 25.117207101264967 -0.8565832456230282 -40.83086935103163 -9.700132409860856 46.72050216571527 42.6022238793686 -32.7266285543611 -85.35138654445029
5701 79814 2.0150523082005125e-05 0 2227.763581269586 29.501519866398034 89.43506917667642 -41.844889160086986 -73.41597862948333 77.44326183110329 24.001514400003014 91.59317998641767 -53.591716311568725 5.808290574582867 22.303638782088544 15.391052219453341 31.70922651162984 -54.20683172822666 8.289919269997702 -32.06759098703092 81.64576215847308 16.079714339346047 50.16724317263247 -50.0767362165661 -26.76702449536527 52.86786794724343 60.947825886641 25.11743192211433 -0.8576570786182174 -40.83002256372722 -9.700071952827017 46.71889624808523 42.602222487449396 -32.72771760998478 -85.35138107702798
5801 81214 0.00013416735292946458 0 2227.7395686670548 29.501467037542685 89.43514062704959 -41.845377543129565 -73.41513726222405 77.44324045588664 24.002292707861645 91.58422723482565 -53.58207502735512 5.808058062587116 22.307320880932693 15.389327627911896 31.707469218861608 -54.19869650622795 8.289963890654734 -32.07373873090747 81.65010707397468 16.07973851228546 50.16913016703824 -50.08026390233494 -26.769487030742475 52.86901514501831 60.94845787356314 25.114982247474597 -0.8586135588135448 -40.827293316511344 -9.70058746354286 46.71225205739789 42.602225895822116 -32.73145584158161 -85.35086267402896
5901 82614 0.000386911301059076 0 2227.576067177133 29.5008400289069 89.43622600296744 -41.85204831634068 -73.40875898352625 77.44293888744033 24.00937123298087 91.49373074336513 -53.489103263461885 5.806024064155405 22.340738244601276 15.373759564019307 31.686139345101783 -54.11957940699105 8.290235944816288 -32.1376329751228 81.69927218616917 16.079908596049847 50.18455147045272 -50.11757702902344 -26.79970238685582 52.87955427575873 60.959757202287534 25.101547594896484 -0.8551747373917067 -40.805094844042586 -9.712430568849072 46.6512024511098 42.60205129890475 -32.765586209305525 -85.34241669659042
6001 84014 0.000623679571014148 0 2227.3296399676383 29.500162665145453 89.43891249835191 -41.86114930825853 -73.37636571279533 77.44362488962611 24.00998353192649 91.35154138026735 -53.2881948873742 5.8059360212400035 22.343079277280072 15.372676520127202 31.69845224475419 -53.9489298734828 8.28961999787599 -32.25287004317332 81.82389582565784 16.0800405747343 50.23821398763259 -50.15892654147507 -26.88151119320811 52.8803138503038 60.92354001970696 25.09346268371329 -0.8427796161861352 -40.77069054649437 -9.704466917377516 46.49510042716129 42.600745014297935 -32.76798284318659 -85.34429898888095
6101 85414 1.1085152787874671e-05 0 2227.263319314131 29.500210764613637 89.43963648322475 -41.85871888039987 -73.3453448837772 77.44426013945849 23.99920581400799 91.34028022202183 -53.222707974824786 5.808949118485699 22.292805427531334 15.396106449310135 31.733666018554437 -53.89583269740801 8.289047146087492 -32.27291665530555 81.85437261260476 16.080341269576166 50.275049557292014 -50.14273309157711 -26.926195472603773 52.864464295037536 60.86519771754891 25.0792535273071 -0.8254164552287762 -40.77206110281378 -9.68296205439654 46.433501486476935 42.60006170119888 -32.71663316191248 -85.34986346451524
6201 86814 1.7400735036308027e-08 0 2227.263046533322 29.50021011746775 89.43963580409482 -41.85878414677388 -73.34514778139423 77.44426001646775 23.999118310900975 91.34054739716984 -53.22277682666782 5.808974461547839 22.29239881959448 15.396294681805447 31.733831159458997 -53.895946820752336 8.289047830188853 -32.27273832061732 81.8541312594366 16.080341942916206 50.27523350511653 -50.14252387003878 -26.926364195376312 52.86433646328623 60.86483115688617 25.079061719867344 -0.8251786045231313 -40.77222885045933 -9.682877617961168 46.4335468553106 42.60006170883629 -32.716217230632935 -85.34986221481736
6301 88214 8.848265168336764e-08 0 2227.2630266780734 29.500210112159127 89.43963580457452 -41.85878756544221 -73.34511749389529 77.44426001158394 23.999103361372146 91.3405974350296 -53.222791738289956 5.808978751827558 22.292328808333313 15.396327172287391 31.73385872230981 -53.895967333946075 8.289047833896086 -32.27270563426458 81.85410403829562 16.080341943991122 50.275261454638354 -50.14248455339308 -26.92638847167783 52.864314523114224 60.86476943418447 25.079041347808147 -0.8251411407541127 -40.772256903976164 -9.682866210571945 46.43354542352102 42.60006170873961 -32.716145733229496 -85.34986594964505
6401 89614 9.53186463322161e-06 0 2227.26187466562 29.500210239866504 89.43963567575256 -41.858765781836716 -73.34281148809393 77.44426030446567 23.998050875822365 91.34387902112805 -53.22280040364088 5.809275529084015 22.28740601430254 15.398618072067162 31.736119265423607 -53.89649246684821 8.289047802013974 -32.270973232046785 81.85325865020778 16.080342214172727 50.27741832610908 -50.13970478602107 -26.928235066327534 52.86277031206853 60.85992324812372 25.07783447611196 -0.8229767486341473 -40.77377689584925 -9.681760844509938 46.43208593799677 42.60006165261711 -32.71111831745915 -85.35033983345848
6501 91014 5.428880447949336e-05 0 2227.257217946563 29.50020819042651 89.43963589304317 -41.857276381743866 -73.33601900340378 77.44425597900371 23.99527245082417 91.35312836607832 -53.218480091471164 5.810066949155543 22.274423885570375 15.404684729895502 31.745118838355054 -53.89388304712503 8.28905266152766 -32.26864706545849 81.85688632206084 16.080338307876225 50.282872101199736 -50.13199606977762 -26.933229893904215 52.85867026749682 60.84421440565308 25.077608632817782 -0.8203113684538437 -40.77520363319962 -9.677266642653876 46.421315724722554 42.600061574935864 -32.69784687840851 -85.35299485560297
6601 92414 0.0003112187780928162 0 2227.242263255775 29.50020071019121 89.4396535271762 -41.8560497378267 -73.32545778814712 77.44418451369171 23.993523964727018 91.35180351369226 -53.19725917934428 5.810573438144939 22.266135842446694 15.408536775209972 31.751513978517426 -53.87666399486677 8.289088308762897 -32.278107180695734 81.87388205119882 16.080317090999337 50.29248147471129 -50.12939906109213 -26.941970335455064 52.85605916828938 60.82379111072893 25.077984787188814 -0.8196134098892571 -40.7698302863244 -9.672897107746195 46.39079545990845 42.60010896821886 -32.68937837754848 -85.35461827626261
6701 93814 0.0009164393402794588 0 2227.1340027275455 29.500041754434406 89.43950098156067 -41.86353560195039 -73.24503357558602 77.44265177540578 23.988923855623543 91.35850829083655 -53.092114750221434 5.811881469352258 22.244628732343134 15.418553268905486 31.738296154783537 -53.795202105188935 8.289921777071305 -32.35364308606267 81.96502410913162 16.07984998625009 50.36263221555688 -50.12395261795202 -26.97113913395707 52.84930450007077 60.68896161340555 25.071452071280497 -0.8161115500763287 -40.72230753213826 -9.68003026093038 46.19188607864085 42.60130632199833 -32.66740012717986 -85.34954995850816
6801 95214 0.000556051783469866 0 2226.8793125884436 29.50021642951082 89.43618540930666 -41.85599401330551 -73.07282647612246 77.43613811959389 23.974650872856245 91.7172394767853 -53.23315506153387 5.8159367443828085 22.177736945028997 15.449782775055683 31.674248704105448 -53.94175119032679 8.293491626401988 -32.3186497796425 82.00852216931578 16.07731682963036 50.457858413016524 -50.01330366294534 -26.849705962979826 52.828223577957935 60.34972643595205 25.106959623590605 -0.8599546263068873 -40.64312362514227 -9.719003465367962 45.89865104454799 42.606297835915036 -32.599057896303464 -85.33981345305205
6901 96614 0.0030920556343276137 0 2226.5878446661823 29.500747066056945 89.43163284640588 -41.858016128077246 -73.01829485725992 77.43549395698003 23.980081584943633 91.84799515545635 -53.2350235700378 5.814349426342788 22.203169257267973 15.437904564657392 31.698369878715443 -53.977529950479536 8.297369689716364 -32.250216206717965 81.99080134105435 16.074827015746973 50.433407991748126 -49.96938573028877 -26.84362450522372 52.83626342367018 60.22477032647299 25.09610669585867 -0.8424171148871551 -40.63592738703357 -9.70331670905847 45.77815477542187 42.611123461778305 -32.6250879809017 -85.34626465490041
7001 98014 0.0011601999451398045 0 2225.8042821222116 29.502361988447312 89.4115669081013 -41.86641825730768 -72.9598462741476 77.4361929574851 24.044659131037555 92.14398313810649 -53.19625009081667 5.796051087055652 22.50574763869941 15.296786149513471 31.789493019384455 -54.06423818887773 8.312578239563717 -31.97204978498228 81.85419160426433 16.065870344449795 50.18067343498704 -49.91714878777843 -26.84802115818072 52.93152427093464 60.028086824137375 25.040994746493478 -0.7846536989495689 -40.62149773583073 -9.64852310386783 45.50858343871945 42.62913584256037 -32.93416758998012 -85.3564065286447
7101 99414 9.358041601363204e-08 0 2225.800401896961 29.50236325227009 89.41154204244178 -41.86697059028375 -72.95343398900455 77.4359919110504 24.042647807078858 92.1624366693398 -53.20825315403033 5.796624887812995 22.49629746380747 15.301189595186376 31.789442789755437 -54.07560798812685 8.312603509005426 -31.965806231787788 81.85067173373 16.065859341957342 50.18599931572028 -49.909481750198076 -26.843104006915336 52.9285687729332 60.01426188252114 25.041197951740948 -0.784276387272655 -40.62231403006318 -9.64803362479637 45.504707598640074 42.6291888767896 -32.92452488954504 -85.35646232563585
7201 100814 1.1844724485671549e-08 0 2225.8004002824773 29.502363251658668 89.41154204546498 -41.866970607707245 -72.95343412017085 77.43599190613665 24.042647789201993 92.16243737203527 -53.20825449302165 5.7966248899289 22.49629737291952 15.301189637269454 31.789442459607965 -54.07560907383402 8.312603503678138 -31.965805663503307 81.85067100259802 16.06585933778158 50.18599915602184 -49.90948152496947 -26.843103465745052 52.92856874116496 60.01426228953159 25.041198038706746 -0.7842763558697641 -40.622314356874774 -9.64803395966095 45.50470872665029 42.62918887341664 -32.924524795805155 -85.35646234738569
7301 102214 3.9665841114199104e-08 0 2225.8003935397032 29.502363248196453 89.41154206347018 -41.86697066286353 -72.95343632167432 77.43599189549442 24.042647850490617 92.16244282323383 -53.20826562093752 5.7966248440583446 22.49629768453825 15.30118950131527 31.78944055127148 -54.0756183465158 8.312603507340064 -31.965800019019497 81.85066349850057 16.065859321005757 50.18599598031093 -49.90947990020702 -26.843099739335287 52.92856881461388 60.01426718801912 25.04119843547382 -0.7842754364796178 -40.62231763472449 -9.648036449782808 45.504720233029886 42.62918888269667 -32.92452509903586 -85.35646247693485
7401 103614 1.370226904652998e-06 0 2225.800281049776 29.502363268744137 89.411542103289 -41.86697802508431 -72.95360891312842 77.43599189142188 24.042661347074393 92.16272141096096 -53.20892902489089 5.7966197612422565 22.49636212989672 15.301159880918973 31.789330773649635 -54.07616858525845 8.312603476906823 -31.96545605283818 81.85019645329531 16.065859301411837 50.185786811492555 -49.909415720239444 -26.842858030730692 52.92858792855637 60.01461725117454 25.04120878791888 -0.7842595861904158 -40.62250057833537 -9.648160995475934 45.505449735447996 42.62918887095224 -32.92459008582472 -85.35646102999505
7501 105014 2.7389202666100492e-08 0 2225.7999623838114 29.502363823051986 89.41154160848191 -41.86699017658143 -72.95443312858706 77.43599188198269 24.042753040312718 92.1638242264796 -53.21177388671738 5.796588431632922 22.49679650124438 15.300959164626226 31.788800498604957 -54.07850704201136 8.312603311434032 -31.964029948425367 81.84823889086265 16.065859003895834 50.184794522695846 -49.909225570915495 -26.841767957472086 52.92871950635826 60.016276809759944 25.041316369834508 -0.784259212360837 -40.6232324470787 -9.648720687477947 45.508614580117 42.62918884428685 -32.92503027598161 -85.35644132752986
7601 106414 1.6229530030457273e-07 0 2225.799957971722 29.502363823290345 89.41154160511766 -41.8669951793665 -72.9544797374788 77.4359918812857 24.042759113194915 92.16387686875717 -53.21192911955392 5.796586431383848 22.49682519922325 15.3009458735651 31.788766197674466 -54.07863562630925 8.312603313398535 -31.96395251077026 81.84812298254978 16.065859004812438 50.184739020837625 -49.909219138584426 -26.84171056772617 52.92872826962079 60.01637535215775 25.041315989934773 -0.784253971646109 -40.623276011270114 -9.648752513210951 45.50879598995442 42.629188843898916 -32.92505950345577 -85.35643618992914
7701 107814 1.1645868487451666e-06 0 2225.7998915992785 29.502363823655 89.4115416375601 -41.867070628165 -72.95476559835747 77.43599187898164 24.04282011820539 92.16397133067457 -53.21265363460686 5.796568226407047 22.49711108958177 15.30081288944198 31.788508725460243 -54.07923932451646 8.312603312522336 -31.96361581827052 81.84748270013377 16.065858999443734 50.18441936947879 -49.909289561387666 -26.84143299484596 52.928817183887425 60.01702239125177 25.041257055471156 -0.784211703529877 -40.623495413531344 -9.648912128261856 45.50977326368824 42.6291888454656 -32.92535265062648 -85.35634866902927
7801 109214 1.5271357425541997e-07 0 2225.7997015254396 29.5023638224837 89.41154160997922 -41.86736898510546 -72.95550653992345 77.43599188394938 24.04305658065477 92.16346212612277 -53.21372416334375 5.796501725688629 22.498215018316294 15.30029798267707 31.787713011493523 -54.080139839251714 8.312603310113234 -31.963234806626833 81.84616261642094 16.065859004107022 50.18365213475834 -49.90983416404451 -26.840960792061733 52.92916411646882 60.01880206879832 25.040975760499443 -0.7841070706516291 -40.6238571888628 -9.64919937510058 45.51175238272283 42.62918884434814 -32.926488422842056 -85.35595274399822
7901 110614 3.2897303889414523e-06 0 2225.799611386143 29.502363822123964 89.41154157879927 -41.86739463791555 -72.95551879216738 77.43599185932817 24.04299265471314 92.1638032560076 -53.21416986467545 5.796520115397024 22.497912482139782 15.30043858220323 31.787873767666028 -54.08059974499074 8.31260331152294 -31.962703463946983 81.84554247527677 16.065858978191663 50.183625259399555 -49.909578627202904 -26.841005418292955 52.92907052515665 60.018789642768326 25.040720456656732 -0.7838619133330269 -40.62422138691383 -9.64907233923509 45.51224834571376 42.62918881715658 -32.926182447139865 -85.35591743259293
8001 112014 1.8583520412247558e-06 0 2225.7993781667556 29.5023638185189 89.41154161249685 -41.86721044126831 -72.95521213073427 77.43599189890062 24.04265903905658 92.16532648562213 -53.21515688329795 5.796613929264933 22.4963464559166 15.301168444994364 31.788900944299773 -54.08168405644126 8.312603299335962 -31.961133028075157 81.84430765191773 16.065859000536634 50.18386990450584 -49.90839434435392 -26.84130670664699 52.92858253556239 60.017813146070495 25.040174808527503 -0.783258634095489 -40.62516283991749 -9.64856999687973 45.512813261575296 42.629188828359226 -32.92458489308294 -85.35610606644467
8101 113414 1.7678650915949595e-05 0 2225.798239253464 29.50236344764636 89.41154160367071 -41.867214009261616 -72.96083860843254 77.4359911506956 24.04409674725781 92.16341437573078 -53.221726816765255 5.796204799627568 22.50308238123837 15.298033922355241 31.78667878507291 -54.087105901729714 8.312603555304252 -31.95767800120759 81.83797977048074 16.0658586365715 50.178034494017126 -49.91080171097666 -26.837689630850402 52.93070930437028 60.028565865974144 25.040263258062215 -0.7850289507634329 -40.62653955755731 -9.649889053058672 45.52348139119696 42.62918840514583 -32.93146240102567 -85.35524718512646
8201 114814 7.904024508162583e-05 0 2225.7915643319034 29.502353463352016 89.4115382213547 -41.86860654573127 -72.96466355979747 77.43598818355466 24.043536650486796 92.16870597521257 -53.229179425366056 5.796376961328654 22.50048999591785 15.29922718807887 31.795784802503857 -54.09566396996617 8.31259967452555 -31.94372586774585 81.81956834759904 16.06585131768445 50.170885045477995 -49.9054525374174 -26.840987925264994 52.929884382893874 60.03422161949135 25.034370865288704 -0.7794147196859456 -40.636097384656 -9.644577868416349 45.537890150492096 42.62918879202107 -32.92880282081998 -85.35606815628259
8301 116214 0.00021343655886091402 0 2225.7697120037847 29.50232241259163 89.4115364982941 -41.86823277417847 -72.9876539695254 77.43596114301985 24.04758667130123 92.15622200606917 -53.227351802098255 5.795213395036307 22.51951901764502 15.290372787233972 31.818286398935342 -54.10062888616941 8.312588257235133 -31.914544023298273 81.78169666880123 16.065799897876293 50.13308046526345 -49.902358416650515 -26.854332624869937 52.93585131060718 60.07384199895736 25.02520993840678 -0.7666789875487439 -40.65815541487624 -9.630085762320675 45.56816506465517 42.62922651422399 -32.94824317028605 -85.36053591883163
8401 117614 0.00011334127840240327 0 2225.753253233827 29.50231724433614 89.41155557442117 -41.86818637329743 -73.01198061476637 77.43590919345277 24.0565829077419 92.11488003021373 -53.198289824938975 5.79265975027404 22.56156998766811 15.270748006416069 31.826822822416062 -54.08066178204187 8.312570589697417 -31.912209451919985 81.77120090763437 16.065746104109895 50.09593374033503 -49.91589546744907 -26.867627911898232 52.9491239308655 60.121450048328995 25.023875796877114 -0.7624656935521443 -40.665131266026165 -9.626126857369968 45.57190060135846 42.62926180720102 -32.99122017937256 -85.362728975786
8501 119014 0.0003588824683237161 0 2225.746186545097 29.502322271401724 89.41155675431982 -41.870174861566575 -73.00670635246715 77.43587236214043 24.05583048357164 92.12063170308313 -53.19552435026706 5.7928750469682235 22.558073968326408 15.272380802757556 31.83048102078592 -54.08145926927534 8.312586800022816 -31.909770583802796 81.7651994904759 16.065735100401113 50.09725277071313 -49.910677985413024 -26.870764549095462 52.94802675427355 60.112621501898076 25.019610564089984 -0.7592867792293134 -40.66751828625805 -9.623064493697001 45.56360832713946 42.629294961484135 -32.98763626338285 -85.36308093018484
8601 120414 0.0012771546932420481 0 2225.6510966916026 29.50234907149605 89.4116305123437 -41.8739536307973 -72.97039778232323 77.4353897405305 24.06060249421531 92.18117558635736 -53.18963850770193 5.791512722084027 22.580308466254575 15.262003790195259 31.831895667080836 -54.1084261894231 8.31285116045861 -31.897096292927834 81.7152342792835 16.065668166298227 50.070706025053084 -49.87186990226422 -26.86703742056996 52.95501862111133 60.06106989223386 25.010714603654456 -0.7526622433315424 -40.673600706879846 -9.620198506114718 45.470971642166965 42.62965618652764 -33.01035824040534 -85.36041688197965
8701 121814 0.0002991239008357624 0 2225.4587278615872 29.502608603949326 89.41184651918853 -41.867587155375176 -72.8280405014654 77.43377168227414 24.071254738893007 92.4664039750813 -53.23828774497201 5.788490534080726 22.630326839820597 15.238677286434408 31.810416837024572 -54.24877936408074 8.31372392098184 -31.86550952076418 81.5864808536666 16.0655539364662 50.005404421437234 -49.717373035275095 -26.796581286049474 52.97078914913689 59.836157453998055 25.032619490909966 -0.7722666988571802 -40.661773848936306 -9.635640043104786 45.13474431363898 42.63088753921486 -33.061449186693835 -85.36042901051502
8801 123214 0.002805366327480832 0 2225.3691968823355 29.50237991486117 89.41215631296551 -41.86701325374573 -72.83939352194923 77.43429530971767 24.071789402376314 92.44605618979963 -53.23918348416679 5.788350941355408 22.632833231475768 15.237492482102093 31.802411201125615 -54.23125384389124 8.313540187431787 -31.919261566981866 81.53789591668492 16.065680184077305 50.00195137709654 -49.703008125455256 -26.811578597525163 52.97157295764189 59.872032086917756 25.032825897911316 -0.7729291472823263 -40.65891454076388 -9.640909861357443 45.14958224191632 42.630698135268965 -33.06403271185704 -85.3581078020449
8901 124614 0.006190041934784502 0 2224.557972128455 29.498845283279444 89.41711315511871 -41.85164665428579 -72.95135778752268 77.44383373470683 24.04662537965877 92.198788368989 -53.24567413096997 5.795498859400502 22.515039588804925 15.292446216808855 31.724207236880943 -53.91120196573406 8.310283553991438 -32.82754850761717 80.93074695954179 16.068303552919367 50.076470899426546 -49.449543393732235 -27.040093595000826 52.93446659601658 60.2772391947112 25.101061340933185 -0.8342781210861574 -40.55880327688835 -9.692988515183544 45.29369357385825 42.627351699209115 -32.94366339421558 -85.35287332012496
9001 126014 7.585524878085125e-06 0 2224.502834833592 29.498141446540842 89.41813151886416 -41.85177641909609 -72.96674600363005 77.44570540989778 24.04006873082601 92.19389882710978 -53.28741012598049 5.7973444664459794 22.48422425067501 15.30682413008685 31.71179081151084 -53.89045753910357 8.309650398912597 -32.981674148999545 80.75763224296034 16.068829939631616 50.083825276026964 -49.37548312413942 -27.07268210300326 52.92476759143633 60.34798405043858 25.103599186294623 -0.8456124233902926 -40.552843243865176 -9.6974581289914 45.330976632872556 42.62678380233542 -32.91218593164788 -85.34934820152775
9101 127414 2.8746148461316397e-08 0 2224.502806411228 29.49814135292516 89.41813172687901 -41.85177991097996 -72.9667077504942 77.4457055244838 24.040066519500233 92.19393562184896 -53.28739449190114 5.797345083696244 22.484214227002965 15.306828794781168 31.711779207693553 -53.89044363542418 8.309650385161516 -32.98173892295891 80.75762069794975 16.06883006558063 50.08384195649985 -49.37544752847376 -27.07268552415007 52.924764488486574 60.34793045399377 25.103615801101064 -0.8456197643800749 -40.552820084164075 -9.697467435720512 45.33088670518541 42.62678385993342 -32.91217562974478 -85.34935013152291
9201 128814 6.450086556977269e-07 0 2224.5027871365323 29.498141355837994 89.41813172385875 -41.851763786862676 -72.96684868263685 77.4457055244132 24.0400983125195 92.19391462081005 -53.28757940713385 5.797336083457849 22.484362253587555 15.306759598598175 31.711736131684518 -53.890605532793316 8.309650382949062 -32.98161148348651 80.75743694184173 16.068830067140425 50.08367473537553 -49.37547662292034 -27.07260339550978 52.92481128556271 60.34819767395936 25.103621355429723 -0.8456335423987866 -40.55288407848929 -9.697497976059765 45.3311507571991 42.62678385736898 -32.91232724975907 -85.34933677173171
9301 130214 2.2486687491297924e-07 0 2224.502693726218 29.4981413370879 89.41813172024891 -41.85162097237788 -72.96822197935418 77.44570550204335 24.0404119562987 92.19367728437061 -53.289355616732045 5.797247265706616 22.485823263308184 15.306076658937227 31.711309325629575 -53.892159037335965 8.309650386798845 -32.980391594571394 80.75565927020894 16.06883005750954 50.08204892237851 -49.37578467116047 -27.071808813505466 52.925272946274475 60.35081411266523 25.103669147623776 -0.8457703871947899 -40.55349833129396 -9.697798515236684 45.33372748323364 42.626783847327275 -32.91382357112434 -85.34920169338324
9401 131614 1.4341939625367816e-06 0 2224.502664315183 29.498141336581508 89.41813171096504 -41.85162534622292 -72.96822696016794 77.44570550609416 24.04045800201647 92.19327380480085 -53.28897204255593 5.797234383502575 22.486038661301194 15.305975834004917 31.711132790355794 -53.89176527955667 8.309650384375278 -32.98078949590981 80.7562077321692 16.06883005285261 50.08213667972281 -49.37605779369691 -27.071802864616203 52.92534065980075 60.350871826869025 25.10381962901335 -0.8458992393208575 -40.553246570783145 -9.69791431595604 45.33339482051333 42.62678384381542 -32.9140437537998 -85.34918889979195
9501 133014 9.062552823973771e-07 0 2224.5025846701783 29.49814134710883 89.41813164257016 -41.85160680001408 -72.96878691545542 77.44570554845393 24.040808072420045 92.19126132405565 -53.28789790388583 5.797136051100113 22.487674176444894 15.305210776176796 31.710048469488115 -53.89053328930295 8.309650373263084 -32.9822602064242 80.7581035924458 16.068830134601917 50.081935581632386 -49.37749890898355 -27.071410697815935 52.92585576270763 60.352196773792684 25.104565282020896 -0.8466000340595201 -40.55225670533527 -9.698632280355582 45.33284695783179 42.62678380109153 -32.91571646968865 -85.34905708308149
9601 134414 2.270700063923259e-05 0 2224.502399408509 29.498141249001666 89.41813171686424 -41.851726353963905 -72.96858913967831 77.44570552623799 24.04067688776798 92.1898317906183 -53.2868874961661 5.797173874314086 22.487061504364572 15.305497276625218 31.70994286514144 -53.889462264762344 8.309650391415804 -32.982596283680316 80.7598196207663 16.068830163544252 50.08328524482562 -49.378431736761804 -27.07163354821092 52.925662388969435 60.35186946013911 25.10401524662914 -0.8467149125254991 -40.55191373165053 -9.698847826490152 45.332624948386865 42.62678389062098 -32.915088157251205 -85.34895037930663
9701 135814 3.633410198867236e-06 0 2224.502294194138 29.498141347712355 89.41813164448595 -41.85178607124154 -72.9687986893747 77.44570555302249 24.04073808876587 92.18880222453927 -53.28648346599631 5.797157088312653 22.4873461960929 15.305363939237479 31.709499040616137 -53.888891890691305 8.309650371392976 -32.983098559859364 80.76091081386467 16.068830136918965 50.0835815539935 -49.379159769143584 -27.071499753309638 52.92575127761226 60.352360824586185 25.104194511228183 -0.8469010595703423 -40.55155736925823 -9.699190249446076 45.33269300419855 42.62678380233817 -32.915379545365624 -85.34892976638804
9801 137214 2.8063829572608167e-05 0 2224.501965575654 29.49814133164881 89.41813166783835 -41.85194750274808 -72.97014836799137 77.44570555247162 24.040704263618295 92.18770613154705 -53.288214698592924 5.797169232664861 22.487184392222265 15.305438135444279 31.7091531544529 -53.88984881397212 8.309650393510308 -32.98187594910271 80.76102871790933 16.068830127774145 50.08344156514357 -49.380088108589376 -27.07080011452244 52.925697014043685 60.35473368571559 25.10425492813206 -0.846708200324656 -40.552057095978796 -9.699460503064387 45.336196703121544 42.62678386046348 -32.915216235862516 -85.34911352524236
9901 138614 9.068556823732825e-05 0 2224.5005493325607 29.4981418176073 89.4181329065151 -41.85205909070205 -72.97396479265103 77.44570549770364 24.04042592300911 92.18333634755702 -53.29104048883145 5.797259841765162 22.485859194859717 15.30605880171045 31.709909747992253 -53.890791119168924 8.309650425686247 -32.978643787356006 80.76139715699753 16.068829149595178 50.08355822205831 -49.38275026666327 -27.070337622529834 52.92528510189919 60.361056362336484 25.103364415037404 -0.846180556251312 -40.553202299915895 -9.698620528566579 45.34373212719181 42.62678500266554 -32.91386488167248 -85.34935667754405
10001 140014 0.00023919645660033545 0 2224.4898141578483 29.498148653713955 89.41815362059508 -41.85493380606928 -72.99126665878525 77.44571043708746 24.03944913933922 92.13859462185732 -53.27952354085375 5.797541295735413 22.481196454868357 15.30822742200214 31.718033552477877 -53.87123276303531 8.309648435317655 -32.9786317152042 80.77028535895892 16.068815093971853 50.08665266588383 -49.403087125982914 -27.0836754233874 52.92382356644107 60.39754990554178 25.094664774192175 -0.8375203462436787 -40.55524381250213 -9.693032903926962 45.360686120659274 42.626798459473896 -32.90908795277505 -85.34927949995384
10101 141414 0.0010388331983855667 0 2224.436990493834 29.498186558307175 89.41826045934155 -41.85206914706999 -73.08641974054264 77.44576430118593 24.035568531500022 92.00077369672401 -53.33446935348802 5.798619686823691 22.463138971861614 15.316647636766916 31.728468362749126 -53.85601974469146 8.309616438909083 -32.980442630482244 80.77608784919342 16.068770591530026 50.08260720673309 -49.473030894295114 -27.0820799338487 52.91810918166313 60.59404711370695 25.097601622432357 -0.8362065007333115 -40.547027435223555 -9.687114536892864 45.470930183692786 42.626857551745125 -32.89062703250559 -85.35282429487188
10201 142814 0.0033824948137921827 0 2224.285697433535 29.49828597053961 89.41864911632831 -41.84790639380792 -73.16690144307067 77.4459282022058 24.019128016097913 91.8446460283976 -53.468120091369514 5.803295196546655 22.386301651736908 15.352486299201436 31.691244736755237 -53.82842781878146 8.309466164108704 -33.188198136227555 80.64764591214374 16.06875834397518 50.12789204916614 -49.4848509282873 -27.06874573139393 52.89388460465867 60.87280730698734 25.11922008044932 -0.8608059096735303 -40.456689857278974 -9.710877941639097 45.377559586822706 42.626930626081695 -32.812092312491984 -85.34471563602732
10301 144214 0.0006172307046867202 0 2224.054408167339 29.498406427181155 89.41951456170801 -41.84568207355418 -73.43869409498822 77.44617918480085 24.026917468652503 91.47571711047499 -53.72523490646774 5.801081456410631 22.42264073118898 15.335547477360068 31.678019152036704 -53.80484779764749 8.309200537524603 -33.53160312321608 80.10628091030712 16.068674109737568 49.9839042240772 -49.45866282126357 -27.086323046391175 52.90536963276197 61.66161331139 25.12915740629711 -0.8718177688676292 -40.3658926242731 -9.718857004030923 45.25435703172078 42.627209430735505 -32.84928401009503 -85.34567884079846
10401 145614 0.0015897376538093768 0 2224.0420240577632 29.49844633432555 89.41946133161971 -41.84631886294591 -73.42278589274048 77.44610219738632 24.028845759164582 91.50690324900438 -53.7164380836043 5.80054038883423 22.43158035628673 15.331371148057706 31.67958075487645 -53.82499751596964 8.309265063740137 -33.4814014488885 80.14776036562985 16.068663941393755 49.98104973682178 -49.46678690888896 -27.072614169537953 52.90818392586518 61.612105107013406 25.12854934032931 -0.871909068431421 -40.375043640031244 -9.717717089717382 45.24910810945876 42.62725208429956 -32.85840322648315 -85.34630394002006
10501 147014 0.001835259987399758 0 2223.9520199553776 29.499095546908134 89.41982028639849 -41.85128011791649 -73.47141836375728 77.44543108337217 24.036817558992656 91.46319608166009 -53.82174080379645 5.798261098998739 22.468983913993235 15.31393816985473 31.70621889335955 -53.99960243214249 8.309893548330814 -33.21802254920932 80.22348404886904 16.068446565678766 49.887560771523844 -49.58428173836535 -26.961240733339277 52.91996671380669 61.75128929092952 25.106975278111907 -0.8495692480398702 -40.387229706210455 -9.70100799583318 45.026453527245486 42.6281346224919 -32.89662161332822 -85.34861982819595
10601 148414 6.009399223041572e-07 0 2223.9511311150277 29.499094825676515 89.41981695919031 -41.85030244446851 -73.47180472994796 77.44543059541601 24.036720712454976 91.46613513956864 -53.82223065643904 5.798293155944659 22.46856117947236 15.314129486887131 31.708962817735895 -54.00063525408806 8.309894578461671 -33.21583110158546 80.2214383914536 16.068445572505194 49.88478031176749 -49.58199287655687 -26.962084640086797 52.919826384974954 61.75072623447045 25.107928319655954 -0.8488691883522961 -40.388540118064725 -9.699622695949387 45.02748026913573 42.628135876971406 -32.89618703879319 -85.34957075593275
10701 149814 1.7331630998412292e-07 0 2223.951126908745 29.499094836981502 89.41981696727797 -41.850301325723905 -73.47181079312536 77.44543059677616 24.036720220751462 91.46614101031238 -53.82225687530788 5.7982933094070965 22.46855886406577 15.314130547653509 31.70895375379339 -54.00065346574461 8.309894585717412 -33.21582449550002 80.22144026050901 16.06844557286928 49.88478171267106 -49.58199788926533 -26.962069423732533 52.91982567002946 61.750737312803125 25.107934745314488 -0.8488746223676458 -40.38853804462596 -9.699628550095184 45.027499212234474 42.628135868145996 -32.89618470834287 -85.34956947815496
10801 151214 1.4278466103054085e-06 0 2223.9511197952224 29.499094839670533 89.41981696664514 -41.85028850927775 -73.47187117039584 77.4454306000099 24.036715156842295 91.46613756287402 -53.82246498697577 5.798294990716531 22.468535551694295 15.314141324971752 31.7088305179468 -54.000767833983616 8.309894584342805 -33.21582621344005 80.2215872627438 16.068445575399036 49.88484895908995 -49.582100561397866 -26.961908060651766 52.91981849608922 61.75083137046673 25.108022332891686 -0.848962704526059 -40.38846674441989 -9.699701763123556 45.02768486847456 42.628135864922534 -32.896160964310326 -85.3495567904351
10901 152614 4.570723793115786e-07 0 2223.9511029391656 29.499094837154612 89.41981696642053 -41.85024542728947 -73.47211772597443 77.44543059718771 24.03667890240421 91.46607574533687 -53.82339966064026 5.798306431732266 22.468367351983193 15.314219434481323 31.70822214805289 -54.00125454241671 8.309894584648164 -33.215876372849785 80.22238146735643 16.068445573474857 49.885264411383645 -49.58262132503335 -26.961158174587734 52.91976630575161 61.75121273128491 25.108414937082102 -0.8493710186643284 -40.38810479424563 -9.700060611850233 45.02851735759474 42.628135869914296 -32.8959893840013 -85.34948907176428
11001 154014 2.2923843199530622e-06 0 2223.9510851753826 29.49909483511908 89.41981696562348 -41.85040971044211 -73.47178532693107 77.44543059296237 24.03655319282437 91.46624114058301 -53.823395216645125 5.798342517341428 22.46777419025031 15.31449652641335 31.70819184349397 -54.00126886485844 8.309894583842631 -33.2157682898267 80.222616466733 16.068445574751873 49.88584541305919 -49.58265292304362 -26.961291207710406 52.919579268236845 61.75058000707878 25.108158586960073 -0.8491272021543637 -40.3882049685991 -9.70004442230018 45.02868650956707 42.6281358681496 -32.89538243722754 -85.34940416672124
11101 155414 5.232969831042101e-06 0 2223.9510730969773 29.49909483654365 89.4198169686814 -41.85046822614431 -73.471590841787 77.44543060103692 24.03651232850738 91.46658529851207 -53.82359419282823 5.79835405668962 22.467580510421957 15.314586734891794 31.708104133008444 -54.00151179045364 8.309894584419812 -33.21563354494308 80.22260550419975 16.068445573369555 49.88602318215506 -49.58258048688182 -26.961216442415154 52.91951847800041 61.750211524646375 25.108106978375776 -0.8490617259333533 -40.38827821484785 -9.700110084069195 45.028815496542315 42.62813586980009 -32.89518458580167 -85.34935301296389
11201 156814 4.302678592294923e-06 0 2223.9510541419827 29.49909483660679 89.41981696735591 -41.850431212686914 -73.47141783491946 77.44543059684756 24.036538057932535 91.46757321689222 -53.824398990713775 5.798346143747146 22.467699982106556 15.314529982303679 31.7078380443876 -54.00241408409145 8.309894585494366 -33.215242827193535 80.22223467404663 16.068445573621833 49.88583759553827 -49.58230774874945 -26.96071896034232 52.91955685337294 61.74985560142812 25.10828065294691 -0.8491980158029264 -40.388406745654436 -9.7003552239226 45.02919703481674 42.628135870937776 -32.89530770793999 -85.34929357907252
11301 158214 1.68103984576964e-05 0 2223.950989822195 29.499094838421943 89.41981696723735 -41.8504230438507 -73.47018866421759 77.4454306006609 24.03629139187545 91.46989048855359 -53.82473280269777 5.7984160650202865 22.466543784064143 15.315069786964871 31.708075149299408 -54.00320126007618 8.309894582097977 -33.21459183153227 80.22276219468671 16.068445575107784 49.88656579437335 -49.58137868926336 -26.960456624354997 52.919190848646586 61.747113500742955 25.10842554263172 -0.8491582016603161 -40.38862633981042 -9.70031636826775 45.02886504895304 42.62813587156894 -32.89412637851507 -85.34944832687796
11401 159614 5.490734109839139e-05 0 2223.9507573660476 29.499094763045 89.41981688960726 -41.85055917404523 -73.46906057797166 77.44543057969136 24.03584787507101 91.47341070779888 -53.825653058755556 5.798544603549876 22.464462367370402 15.316037101512803 31.709656771694206 -54.00567019421115 8.309894713952048 -33.209771459558084 80.22395810442409 16.068445520496134 49.88725392748928 -49.58098136591315 -26.960208195030855 52.91853478062207 61.743066484896275 25.107500360468574 -0.8484752493855012 -40.39074428382661 -9.699369849412363 45.03419070742716 42.62813591362104 -32.891996613330406 -85.34967998221536
11501 161014 0.0002482466807043834 0 2223.9490930035463 29.499093437444998 89.41981684608494 -41.85106009250344 -73.46123918425236 77.44542904450651 24.035851414864883 91.48050236950195 -53.8133378189482 5.798536500249899 22.464446177267675 15.316050519101417 31.711337470035616 -54.005690287938755 8.309895620489934 -33.196086770555404 80.24762594021598 16.068444884391916 49.89081222265643 -49.587165816017865 -26.96049419733217 52.91853510057585 61.71979920227713 25.106234908266856 -0.8473592558401322 -40.39589243460036 -9.698023380680837 45.051034721432856 42.62813491994129 -32.891984736961746 -85.34986420017468
11601 162414 0.0002865583135383653 0 2223.9449826563687 29.499091523887895 89.41982083711746 -41.85032384642233 -73.41851073530363 77.44542803454772 24.03767538515177 91.53370675153606 -53.77536024166057 5.7980216486426785 22.473032916944746 15.31203982400784 31.709094364088408 -54.011178429953226 8.30989376591858 -33.18163694075398 80.28576981850988 16.068448865907072 49.893203705077646 -49.57721904398841 -26.95929089406292 52.92123535603975 61.625235127614104 25.107324100648704 -0.8486989416599897 -40.40354196036968 -9.69930394845062 45.04741609020362 42.6281308123103 -32.900755698018855 -85.34934997487929
11701 163814 0.0007832030856910111 0 2223.9406500547125 29.499097493590725 89.41982569742189 -41.851153792052784 -73.41423021003843 77.44543709677083 24.037612536257278 91.53446389106658 -53.773931041687675 5.798043349594942 22.47273237209484 15.312182713308939 31.706960515686816 -54.0120439748003 8.309890143987893 -33.19160631050194 80.28212730177492 16.06845373448539 49.893073076024606 -49.576843286135905 -26.959711386917387 52.921143800862815 61.62500576756776 25.106945473863536 -0.8487269496331464 -40.40242284592909 -9.700773000359959 45.05251154505213 42.62812158897526 -32.90045098643276 -85.34878858401979
11801 165214 0.005447374947903215 0 2223.7841609070433 29.49935020264321 89.42014053727091 -41.848077704426466 -73.3024732714066 77.4459282140323 24.029852270017994 91.44175219952312 -53.68582362915986 5.80024781952008 22.43652105431972 15.329073197689251 31.682460516436272 -53.95384077322827 8.309646700317241 -33.735438734534114 80.09336746550751 16.068774512266554 49.84805759666896 -49.56237747961413 -27.029207596883833 52.90976232490259 61.79643403631519 25.125918250746306 -0.8622388815262525 -40.30726080140002 -9.718236063999711 45.220463389570995 42.62772135739483 -32.86348314632758 -85.34773470366382
11901 166614 0.0016870676923490756 0 2223.737254983168 29.499450351072866 89.42027675086125 -41.84511592909271 -73.15578658756671 77.4461231781739 24.02561663867478 91.54943928828222 -53.58885276592824 5.801436087939681 22.41652553297329 15.338403531038978 31.674479936543452 -53.96855887231925 8.309554680818238 -33.878401172981775 80.12755905674337 16.068911674324813 49.85302505558222 -49.539926925819714 -27.039798929531706 52.90344174695018 61.62660468035648 25.13141803432597 -0.8737974879693695 -40.29378901805156 -9.721377069037715 45.30480113537201 42.627560824974886 -32.8430370342094 -85.34549993485138
12001 168014 0.008856856766258614 0 2223.599901189427 29.49979351376363 89.42065734715453 -41.843488032030685 -72.9811055782283 77.44636250014526 24.021097384173117 91.64456335617137 -53.52829507396854 5.802733237662823 22.395301138021342 15.348313715548793 31.699934172189476 -54.15881519259407 8.309566597989786 -33.90645842797044 80.22973086677484 16.069206128682072 49.74602844523621 -49.611375948681726 -26.95721145191665 52.89676613603464 61.544745853978526 25.12229477970984 -0.8637759635436169 -40.28639736057274 -9.704897000774167 45.23631310381887 42.6275550410554 -32.82134606851409 -85.34846236519307
12101 169414 0.00046215236806840525 0 2223.5356094753834 29.499993515589722 89.4208450649728 -41.85065080109315 -72.99415009601965 77.44636703438593 24.030098307249208 91.58248166356961 -53.564517267336896 5.800177292723019 22.43750822527109 15.328612980529536 31.714920605858595 -54.30838090815018 8.309665953343348 -33.78855488599435 80.28190718069833 16.0693271123333 49.62487899482304 -49.722584040947964 -26.86986640336875 52.91004669195581 61.689068416747716 25.105109156078782 -0.845272552020873 -40.29821438914497 -9.696096693223495 45.13886699038439 42.62770272306883 -32.86446423147018 -85.3505055936021
12201 170814 1.030180075810342e-06 0 2223.5354715212056 29.49999404572169 89.4208455475478 -41.85057046931779 -72.99340762491829 77.44636638315055 24.03020450530153 91.5833836118764 -53.5631962173029 5.800144666702347 22.438014970899403 15.328376747052477 31.71552360695179 -54.30854295164118 8.309666419445879 -33.7871107530024 80.28296894938791 16.069326737239788 49.624306657232 -49.722552150712865 -26.869930495582384 52.9102067675917 61.687184885734155 25.10486598290204 -0.8451598655407224 -40.29856749418256 -9.695636180343968 45.13748902681008 42.62770336507584 -32.86498140810187 -85.35058873775174
12301 172214 2.298132663043177e-06 0 2223.535466811187 29.49999404732268 89.4208455456985 -41.85056564943817 -72.99339317251633 77.44636638318445 24.030212658060854 91.58349168977246 -53.56328364477551 5.800142452065557 22.438052642935446 15.328359148590826 31.715467614972763 -54.30866011260932 8.309666414851565 -33.78703544267478 80.28300072871639 16.06932673890414 49.62428981354411 -49.72255746583656 -26.869841473705222 52.910218691796636 61.68712833657594 25.104893728328488 -0.8451941125564986 -40.298583208616776 -9.695675938432828 45.13762397889895 42.62770336156406 -32.86501985352686 -85.35058544969615
12401 173614 1.8537732742013376e-06 0 2223.535446269078 29.499994045323653 89.42084554572479 -41.850522995288436 -72.9932285515229 77.44636638189644 24.03029276714165 91.58443178759117 -53.56398693352571 5.800120493919231 22.438422595235984 15.32818611954014 31.71491447170956 -54.30970381715103 8.309666417930355 -33.78626296841259 80.28358031323235 16.069326737093895 49.624203534382566 -49.72273574300284 -26.868988188161403 52.91033594632755 61.68649682413346 25.105148811203687 -0.8455328452348283 -40.298715063532875 -9.69606518190426 45.13891110211352 42.62770336361674 -32.86539751583285 -85.35054255711117
12501 175014 6.4454478712487345e-06 0 2223.5354252060647 29.499994046173512 89.42084554574342 -41.85035844815702 -72.99373251418982 77.44636638130038 24.030539606329423 91.58483793499916 -53.564376895769 5.800049911457256 22.43958164175277 15.327645303550861 31.715067471229634 -54.31025958394849 8.309666417594181 -33.78600961193886 80.28206278957155 16.069326739778504 49.62270440408494 -49.72223671465093 -26.868891341452834 52.91070133122806 61.68752077712145 25.10541703329808 -0.845554116842635 -40.298984709168366 -9.696011291898657 45.13910990442594 42.62770336289469 -32.86658208661396 -85.3506541408193
12601 176414 1.9323566587825706e-05 0 2223.5353922724776 29.499994044017022 89.4208455432545 -41.850431608179704 -72.99365708758891 77.44636637656427 24.030541441613614 91.58461845166968 -53.564007103383155 5.800050146314377 22.439591079891777 15.327641381689784 31.71506932004075 -54.30993914716558 8.309666419456919 -33.78623568799071 80.28237916152037 16.06932673729627 49.62276907831235 -49.72235191473293 -26.86905303520688 52.91070361615484 61.68744842364805 25.10541744967002 -0.8454204976032713 -40.298866235076765 -9.696039457019339 45.13893949589667 42.627703361202485 -32.866590212938746 -85.3506753400094
12701 177814 0.00014816016560543374 0 2223.535166041162 29.499994057987823 89.42084554696736 -41.85055507460564 -72.99446528182186 77.44636642050307 24.03085220284555 91.58315032424508 -53.5638520168906 5.799962307183472 22.441047972058342 15.326961279077207 31.714930284644527 -54.308972685252435 8.309666393332751 -33.78831046008722 80.28014333967089 16.069326690458215 49.62160566471106 -49.72196801818172 -26.869329992801113 52.91116323323215 61.690399850626534 25.10533293695061 -0.8453694477674958 -40.29763618509077 -9.696173359383806 45.13563186019809 42.62770335374687 -32.86807560405501 -85.35062831300118
12801 179214 0.0005980269944823075 0 2223.5331955869106 29.49999339631033 89.42084564970797 -41.85034626519957 -72.99585965899492 77.446366360736 24.031423367419 91.58421268114478 -53.56783155254571 5.799801881689368 22.443701127085447 15.32571715791952 31.715232104641046 -54.309061039955246 8.309667055561558 -33.79170952783137 80.27640555113246 16.0693259426705 49.61897385409502 -49.7192799833766 -26.866470300830127 52.911998575393135 61.6978400884629 25.105587697103974 -0.845537548376285 -40.28976029192473 -9.696251097004478 45.118766342221576 42.627704095333094 -32.870792794980645 -85.35090736158644
12901 180614 0.0012529229825920304 0 2223.5196830349387 29.499987526285903 89.42083856047219 -41.852646169994266 -73.00158150768006 77.44635112803041 24.03493139972465 91.61616258439734 -53.596630304449185 5.798802980113483 22.460156900389507 15.318048938657444 31.72684487733609 -54.330219974636 8.309667097550404 -33.75394493209779 80.30304134680972 16.069306954108967 49.6018323319404 -49.723188303522804 -26.83743092282412 52.91717455330013 61.71902709383906 25.096669961845897 -0.8366075800961141 -40.24359961926226 -9.688195204355736 45.086480128893264 42.627699900967 -32.88759623739702 -85.35199259437255
13001 182014 0.0014681775921694768 0 2223.514822116547 29.499983214108113 89.42083346407767 -41.852978328244376 -72.99688113367289 77.4463633432809 24.03454972052278 91.61950175575123 -53.58754404154185 5.798911120009405 22.45838173223883 15.31887820485071 31.73143330165485 -54.314005883599904 8.309650113031939 -33.77203879037653 80.31387280130123 16.0693019633898 49.60829267353208 -49.72089490503922 -26.842942598422685 52.916629428988735 61.71735177597725 25.093420836083514 -0.8331558228658196 -40.224673525772516 -9.685961709835908 45.09794911597704 42.627674347194706 -32.885797697694244 -85.35243548682467
13101 183414 9.610917045936332e-05 0 2223.5042186067226 29.499965684739003 89.4208160226064 -41.85261048183414 -72.9701898927747 77.446410781405 24.034427207530275 91.66277025539483 -53.5699229157695 5.798947506915177 22.45778177788938 15.319155624664267 31.730452090673282 -54.268819254220446 8.309589593613468 -33.866759252502085 80.28811826852431 16.069288973192172 49.626632620102505 -49.67812714999604 -26.86474717185015 52.916432869146384 61.68810694677737 25.094942809439775 -0.834319175827261 -40.17767578927538 -9.686437511909645 45.14472012541305 42.62758261706076 -32.88517550006324 -85.3525770225721
13201 184814 4.075677619429445e-06 0 2223.504184295756 29.499965673846994 89.42081614111407 -41.852627557139 -72.97021456778926 77.44641083293808 24.034405069151028 91.6620763251988 -53.56959898975111 5.798953598442263 22.4576791728443 15.319203870348083 31.73018773620306 -54.26840965968062 8.309589673289018 -33.867285761706384 80.28829166516826 16.069289082056834 49.626968099072826 -49.678396456566006 -26.864934098346268 52.91640061985775 61.688211395448036 25.094971628699135 -0.8343969453734132 -40.177750765249925 -9.686594078960837 45.144637610609095 42.6275827701969 -32.88507085584993 -85.35250139464124
13301 186214 8.134732933121027e-06 0 2223.5041713551213 29.499965673787994 89.42081614211205 -41.852675333523365 -72.97059606372318 77.44641083209461 24.03443866891964 91.66171417520404 -53.56985001669406 5.7989434182464805 22.45784171374724 15.31912881499996 31.730411120731695 -54.26840053896131 8.309589676086505 -33.86747100009693 80.28692494262495 16.06928908351631 49.626501510759745 -49.67811506928706 -26.865237589714027 52.91645210429393 61.68928792179284 25.094723955364042 -0.834140340928343 -40.1778584127586 -9.68647266471956 45.144387915620534 42.627582770761734 -32.8852372128452 -85.3524831500018
13401 187614 5.710996932391266e-06 0 2223.5041617495312 29.49996567377575 89.4208161422915 -41.85269283610216 -72.97031337509303 77.44641083218886 24.034426955184387 91.66214282751545 -53.56957455441006 5.798946975617841 22.457786983787425 15.319154719458776 31.730498046444648 -54.26853794200935 8.30958967481725 -33.86688213745373 80.28741297478076 16.069289082425264 49.626659440198125 -49.678142626054 -26.865241021078614 52.91643585891378 61.688362783894064 25.094601614944228 -0.8341294598688478 -40.178158619095136 -9.686435215408778 45.14506934823339 42.62758277134461 -32.88518157617315 -85.35248212249232
13501 189014 3.170534116407497e-05 0 2223.504140042065 29.499965670955067 89.42081614369641 -41.85273872216562 -72.97007832546308 77.44641082975087 24.034519171960476 91.66297556964639 -53.56947089144882 5.798921448226202 22.458217821780988 15.318954725155825 31.730532361934696 -54.26848760533053 8.309589676679897 -33.866813285709675 80.28726073367208 16.069289082990306 49.626468742372 -49.67762936115454 -26.865165862173136 52.91657165900471 61.68774343656432 25.094618914013047 -0.8341017177797312 -40.17779060743219 -9.686392233385106 45.14419849936162 42.627582776926154 -32.885621398366595 -85.35250360535376
13601 190414 0.0002873696368720659 0 2223.503831897232 29.499965366990264 89.42081657739307 -41.85261164588068 -72.97314320096258 77.44641109839665 24.034395397381534 91.66583732274921 -53.5750805503925 5.798953707365342 22.457639160195946 15.319226693957905 31.73061883034665 -54.26596689956969 8.309589780565206 -33.8666241608602 80.28323640986213 16.06928928203115 49.62932268145572 -49.67292484085803 -26.864951947485462 52.91639309257042 61.68973911374141 25.09461695165768 -0.8340373260372758 -40.173116965129246 -9.686195191212619 45.13926114155802 42.62758281564591 -32.88502829651239 -85.35246366927953
13701 191814 0.0006623188359502656 0 2223.5024536045216 29.499964612534832 89.42081803873342 -41.852554782728966 -72.98886414996865 77.44641277515757 24.03486613359168 91.66128692282506 -53.57914971702945 5.798819542011187 22.459841246646562 15.318201993823427 31.73044004671066 -54.24169944956572 8.309590804058 -33.86435317498228 80.2771677798122 16.069291668960656 49.643665225343725 -49.66174654792577 -26.87397892647665 52.91708439433053 61.69204178860062 25.095067302782937 -0.8345045008072418 -40.16686919536627 -9.686416113954465 45.14543032141836 42.627582627177574 -32.88727572876272 -85.35263062032207
13801 193214 2.835051232873155e-05 0 2223.50214623816 29.4999641576724 89.4208186640983 -41.85271489885369 -72.99434455605291 77.44641305989657 24.034989648806622 91.66215772409846 -53.583342514412486 5.798787155624796 22.460427549269916 15.31792340923122 31.729953663337795 -54.23521679861501 8.309591033840647 -33.861549549386694 80.27516239738289 16.069292153209595 49.64902242990565 -49.65757504545541 -26.8756120917526 52.91726757069853 61.69251390729207 25.094835986354102 -0.8343761067417574 -40.163743716550925 -9.68672836920706 45.149439881286426 42.627582595688025 -32.88787932512403 -85.3523905495173
13901 194614 9.1086960670199e-06 0 2223.5021427761944 29.499964159158473 89.42081866415893 -41.85275129532596 -72.99456706099261 77.44641305702308 24.035027544225002 91.66187420247677 -53.58342633285101 5.79877630712579 22.460603451353364 15.317840887640513 31.729830699863378 -54.2350545070813 8.309591034593954 -33.86184994126188 80.27448474401656 16.069292149510872 49.648965306235674 -49.65742027309601 -26.875761483308477 52.91732323463977 61.69293204163978 25.09481998151381 -0.8343994346516581 -40.16385909334288 -9.686801592633856 45.14955916845782 42.627582597702066 -32.888058712858395 -85.3523682527202
14001 196014 1.1972668144051894e-05 0 2223.5021395539065 29.499964159036967 89.42081866371254 -41.85272590463179 -72.99529767538685 77.44641305548188 24.03496694112752 91.66143292506014 -53.58369029610413 5.798793774479908 22.460319323520395 15.317973365271587 31.72974805279585 -54.233822460828605 8.309591034978169 -33.862302411204055 80.27366986980074 16.069292148508488 49.64985938547041 -49.65676513270468 -26.876427058680346 52.91723381296171 61.69312521879215 25.09489872335567 -0.8344702551254386 -40.16386061897891 -9.686846269902247 45.15036537225414 42.627582597958934 -32.88776865754417 -85.35236247435296
14101 197414 2.6310904429426626e-05 0 2223.502135858352 29.49996415973604 89.42081866441173 -41.8526896741748 -72.99496057384816 77.44641305543851 24.035002467979293 91.6622180590092 -53.58356241069851 5.798783588010817 22.460485497078928 15.31789602705178 31.72962770059893 -54.2334826617723 8.309591034398487 -33.86278270926024 80.27348771377959 16.06929214753647 49.65008598481978 -49.65614495096786 -26.87648667567888 52.91728604797223 61.69227348902331 25.094999821740732 -0.8345928862883341 -40.16344041516481 -9.686926883090763 45.149862237408676 42.6275825984151 -32.887938075773405 -85.3523395562606
14201 198814 0.00013480152138540212 0 2223.502099776234 29.499964157655413 89.42081865977887 -41.852658066457806 -72.99171536286063 77.44641305740006 24.034868881528173 91.66479723335061 -53.581346225276036 5.798821493814218 22.45986090216293 15.318186569146592 31.729750796987606 -54.23220221911912 8.309591037359693 -33.86800785004105 80.27406185523319 16.06929214416759 49.65083790700052 -49.654870287721245 -26.87721880699671 52.91708942239411 61.689159477484196 25.09501112578882 -0.8345278820789588 -40.16103842098334 -9.686863178546105 45.15186859587103 42.62758260340215 -32.887299454277894 -85.35238926688403
14301 200214 9.06460659475411e-06 0 2223.502087941334 29.49996415927718 89.42081866332916 -41.852734412125216 -72.99117789526642 77.44641305598776 24.034933531250026 91.66561022089843 -53.5810461896764 5.798803017714441 22.460162466382812 15.318046620124948 31.729853663995744 -54.23111646580381 8.309591034598332 -33.87056858741076 80.27316080257503 16.06929214866835 49.651008859857136 -49.653955541342484 -26.877677843834366 52.91718440742551 61.68932763035423 25.09483510080289 -0.8344043972225847 -40.159368650915425 -9.68678612450924 45.15356625878978 42.627582597758895 -32.88760839581593 -85.35237524664093
14401 201614 3.370833709991143e-05 0 2223.5020862179285 29.49996415924585 89.42081866402005 -41.85272030269905 -72.99118220320373 77.44641305645055 24.034929874974218 91.66557342632484 -53.58110860915134 5.798804126208105 22.460144674422278 15.318054938205076 31.729888036797867 -54.23104709529922 8.30959103506411 -33.87067311054751 80.27308245276018 16.06929214864716 49.65104633957614 -49.653885137071676 -26.877670372419082 52.91717864335582 61.689458883572485 25.094834212306832 -0.834404632060938 -40.15919604659712 -9.686766002085164 45.153402023468374 42.62758259819985 -32.88759008942978 -85.35237951168857
14501 203014 0.00029352080677309236 0 2223.502018907982 29.499964160364616 89.42081865688185 -41.85282905380166 -72.98965819080644 77.44641305176154 24.035155832187925 91.66472135969767 -53.58060129561002 5.79873912280941 22.461203856973754 15.317560525976374 31.729900883227906 -54.23185360374954 8.309591030289939 -33.867818408951145 80.27264797465483 16.069292150151067 49.65128048409779 -49.65343085494937 -26.87716060390692 52.91751188196931 61.68814250674828 25.094598140155863 -0.8341952824362693 -40.15965267148478 -9.686776240692694 45.15266472504146 42.62758259524461 -32.88867090656731 -85.35234094286959
14601 204414 0.0030015146691197915 0 2223.499354891214 29.499963782834172 89.42081744301704 -41.8530416096721 -72.86386605286538 77.44641300982875 24.033997660562257 91.66148799223389 -53.57301692855035 5.799069799517586 22.455762189857555 15.320101076258167 31.72907102719345 -54.25145789824016 8.309589645085603 -33.82089762870833 80.24427240781502 16.06929227496166 49.7265924218732 -49.58887521009025 -26.853685172955753 52.91580341197368 61.58005859496237 25.094445388932048 -0.8340439612013313 -40.12522262084214 -9.68725451894204 45.16407689264769 42.627582731601436 -32.883113438596354 -85.35221722434038
14701 205814 7.384510476278002e-05 0 2223.4987982988523 29.499963587118383 89.42081708675362 -41.852536748271454 -72.81444610019771 77.44641315859948 24.034508761738273 91.65736748697037 -53.56094764468141 5.798923503080301 22.45817229149818 15.31897509018808 31.72872222791708 -54.26271891913217 8.309589369340786 -33.80118169241261 80.24567413586414 16.069292370645535 49.7469618124684 -49.57432876460672 -26.843069470273548 52.91655722450219 61.537655420928985 25.095707639477578 -0.8352578400518951 -40.11700325398639 -9.68750835520936 45.166246925304755 42.62758287017093 -32.8855754575784 -85.35226491119148
14801 207214 6.612398542974489e-06 0 2223.4987975424306 29.49996358865348 89.42081708618116 -41.85252257693081 -72.8134426026871 77.44641315987897 24.034488131517698 91.6569474949348 -53.56098999385197 5.79892940847007 22.458075069889162 15.319020273647155 31.72870639940825 -54.26315781882261 8.30958936809673 -33.80041651610086 80.2454325944376 16.069292372666045 49.74753668840066 -49.574001478407816 -26.84276127269342 52.91652682045456 61.53699020555399 25.095744082361684 -0.8352916777260475 -40.11700905744835 -9.687521823090947 45.16632890821667 42.627582868218425 -32.88547597189202 -85.35226774301583
14901 208614 2.2203777528058732e-06 0 2223.4987975377417 29.499963588704272 89.42081708605912 -41.85252362440638 -72.81336199515793 77.44641315984185 24.03448843157904 91.65694636908933 -53.56097701882122 5.79892932564863 22.458076526311757 15.31901959043792 31.72870328961803 -54.263171469224105 8.309589368004158 -33.800360316345056 80.24543211926616 16.06929237267784 49.74758752454693 -49.57396656403816 -26.842746034569462 52.91652727386341 61.53689981526523 25.095743981308235 -0.8352921838393286 -40.11700161420596 -9.687523321382912 45.166349877821595 42.62758286819422 -32.8854774668998 -85.35226677504758
15001 210014 1.4412660408281062e-05 0 2223.498797478991 29.49996358860234 89.42081708637947 -41.85252187998282 -72.81333209302835 77.44641315974863 24.0344866583095 91.65694416006676 -53.56098842867592 5.798929795056662 22.458068291209806 15.319023458583208 31.728701794178914 -54.263180080079465 8.309589368059871 -33.80033359885672 80.24543065797542 16.069292372344812 49.74760104564967 -49.57394130426903 -26.842733648779635 52.916524672348594 61.53687658971225 25.095746218080667 -0.8352938196303512 -40.11699358980843 -9.687524138561429 45.16633419898741 42.62758286826659 -32.885469055150594 -85.35226645255294
15101 211414 0.00020369193385516885 0 2223.4987916169994 29.499963591156735 89.42081708313285 -41.85249938939773 -72.81035448431012 77.44641316320832 24.034512315399216 91.65647151121156 -53.56050530178282 5.798922546862964 22.45818875809579 15.318967293551877 31.728717898422534 -54.26330095377039 8.309589367857463 -33.798709585759816 80.24520010606753 16.069292373363954 49.74779624169683 -49.571613449792295 -26.84227243354759 52.91656259723503 61.53460445320238 25.095783687013324 -0.8352968513193275 -40.116689472570805 -9.687531468720351 45.16623134121197 42.627582866853864 -32.88559211424442 -85.35228839041883
15201 212814 0.0023442412911031016 0 2223.498487974124 29.49996350936476 89.42081708803079 -41.85261790076851 -72.7579138344631 77.44641307619494 24.03460092092594 91.65648664258498 -53.56092774763781 5.798897608125071 22.458605879296435 15.31877331270271 31.728645095464906 -54.258847413609715 8.309589497510341 -33.76388136968687 80.24887064212209 16.06929228389781 49.70768817017123 -49.497052754564926 -26.833315120290212 52.91669613932342 61.50291650914647 25.095650277777505 -0.8351300587895594 -40.11550309894972 -9.687615246442789 45.16686011114539 42.62758298324015 -32.88601780739245 -85.35221389693643
15301 214214 0.0002835974286749702 0 2223.497776315201 29.499963287573454 89.42081707783318 -41.85254488033207 -72.54567300793467 77.44641277372628 24.03451949857075 91.65597559763263 -53.56276720870484 5.798920353131813 22.458222139839457 15.318951495598364 31.72873216296935 -54.261274532927146 8.309590005855197 -33.62148247197388 80.2472307046476 16.069292095095257 49.572945786261776 -49.22243699874027 -26.794660854341217 52.916572966704244 61.36836827751614 25.095682017744444 -0.8352529539396016 -40.11967857213007 -9.687497492251765 45.16579069474406 42.627583350958965 -32.88562608219601 -85.35224750477613
15401 215614 3.872649326939227e-06 0 2223.497775274807 29.49996328681857 89.42081707754072 -41.85253886411802 -72.54761567969484 77.44641277501822 24.03452256461592 91.65595629363693 -53.562571201628494 5.7989196405369015 22.458236486018382 15.318944982426611 31.728750381678182 -54.26182805077244 8.30959000495081 -33.62260987093496 80.24756346451211 16.06929209593827 49.57415780568396 -49.22572180595215 -26.7948501043944 52.916577653288364 61.36957748870802 25.09569234202233 -0.8352484955990747 -40.1199693650068 -9.687491085868203 45.16574252275627 42.6275833495221 -32.885640870467 -85.35226714633565
15484 216776 8.780928046666822e-09 0 2223.497775274637 29.49996328682361 89.4208170775441 -41.85253856647593 -72.54762366552242 77.4464127750104 24.03452304179795 91.65595561487349 -53.5625687963542 5.798919503518817 22.45823871463553 15.31894394617964 31.728751058800757 -54.26182612284463 8.309590004928422 -33.62261590004773 80.24756368264748 16.069292095932898 49.574160968092464 -49.225731423375116 -26.794852247110708 52.916578358249616 61.36958301226622 25.0956927242213 -0.8352484575488006 -40.11996815666802 -9.6874906824591 45.165738278967446 42.62758334951183 -32.88564314965532 -85.35226732484325
