% # columns="iteration, evaluation, void, void, void, xmean", seed=49, Sun Jul  5 19:44:11 2020, <python>{}</python> # scaling_of_variables: 1, typical_x: 0
1 10 0 0 0 -5.761831342744312 -26.688446045853436 0.8247747794915743 4.9599457726928495 -1.2781476448112041 -4.481585719813634 16.874346121918343 -36.75168989922688 38.449915389497626 34.08341245418816
2 20 0 0 0 -65.71535257911185 -38.41414361767364 -18.95479850561926 -9.406455836715184 24.538213183973028 25.624745729970982 13.237288353956854 -11.854545803792867 51.0625996057076 70.57267185587907
3 30 0 0 0 -123.67290719755778 -62.82429063314609 -51.33169472212843 -24.400292295655756 54.814494772532065 69.30616687845932 -5.300354339205606 44.43944444733298 66.5787390463872 95.05587258794615
101 1010 0 0 0 -70.66314879047721 -70.42809009017698 -29.610438910779244 -58.32692093968449 22.092668084570548 59.939669568194084 14.768989091835621 18.55935745034293 76.68194392938571 -19.189618292628065
201 2010 0 0 0 -70.6244688901846 -70.429634328107 -29.610058373308046 -58.32695388870372 22.089540783681347 59.93898332038181 14.806785431777715 18.558781490177896 76.68039359694805 -19.22390192702495
301 3010 0 0 0 -64.42707572163089 -70.4305737253083 -29.605863470902687 -58.32572512507024 22.086528664755356 59.93918925255912 21.174424329158292 18.558512578365033 76.67943084910979 -24.45335737520633
401 4010 0 0 0 -55.274338774936346 -70.42956309010711 -29.610180252351757 -58.32676233911289 22.089594738091584 59.93874593332369 30.571430635158016 18.558739378557927 76.68041969632294 -32.16709527840176
501 5010 0 0 0 -55.276398578692955 -70.42955971811924 -29.610181874371694 -58.326763277166606 22.089601877172353 59.93874988503193 30.569319768185053 18.558736266207283 76.68042093362939 -32.16536877982741
520 5200 0 0 0 -55.27639853139869 -70.42955971809303 -29.61018187440567 -58.326763277058575 22.08960187714695 59.93874988514623 30.56931981689261 18.558736265947196 76.68042093362327 -32.16536881961412
