% # columns="iteration, evaluation, void, void, void, xmean", seed=37, Mon Jul  6 15:11:05 2020, <python>{}</python> # scaling_of_variables: 1, typical_x: 0
1 14 0 0 0 -7.307919430942242 -20.686988696389214 -8.790553508253938 -10.93230657424063 -9.520433078448896 -11.244364349236008 -17.250764772799283 16.407657654972812 8.621164207779437 6.630901623581893 31.929686962128933 5.309037913824755 8.06622137943539 -47.627985002019244 3.961402577357919 4.7062412765904 36.716906707924984 17.141249560966802 6.907019951543365 -33.597385833397844 -46.93239199277768 4.623064632489384 -4.458679980203587 -3.628340385360168 -22.500149320906246 8.888275192441988 -32.15344905527022 34.87380336747622 16.12892532051272 32.93256464381903
2 28 0 0 0 12.861258720956577 -49.817881767038685 -2.625207367828418 -4.65135562590549 -6.483302177245467 -18.511570265383824 -8.826787583801263 13.839534195760262 0.5575595824638171 5.400514365817126 29.09679531146498 6.572043357607575 15.013512651900271 -78.39757518594696 38.411679580217324 -17.250642212486312 26.28775975358095 0.7707496192655228 19.537179608301926 -57.341021698479935 -65.24920754040343 13.138516016181264 -5.790226958127212 8.461985346567305 -31.85071668191681 36.45810425793375 -47.60201159759038 57.41160467896367 26.222674290379473 24.563332467564535
3 42 0 0 0 50.31765520224539 -61.033729450906854 9.705202256551685 -10.23282771452839 7.963590300330096 -27.430073621690283 -19.028365307688983 18.96389948244031 -6.7995202614082855 -11.475195427039488 23.084897043767576 -12.989080847879624 35.281343396162974 -111.27326786796465 74.65623797701083 -40.36906964311807 14.920323740992472 -15.029138524062407 21.585161765990755 -89.98202958244936 -93.24952361811344 48.23357358243433 16.278327483696103 -0.11606397167822102 -45.786348757376956 41.438874358885926 -82.15946465514152 89.60683786441639 23.129689815918702 9.599304862039823
101 1414 0 0 0 8.263427152418135 -126.23528756369488 -42.06170888592162 -129.9304457245237 2.4300915949130903 -160.69705258948622 -98.48752126001564 22.085950173115442 20.584584477046516 34.72544067052114 -66.98739621939868 -68.97058774246987 75.83623949063855 -49.05352600956491 36.19067145590256 56.01996572318282 55.99514405926693 23.730166626554954 53.15519992115476 -65.69043969339826 -109.20233008692266 -3.7807737933706824 61.87574316900921 37.20508256605586 60.3902091208453 80.97326954828186 23.82234064341576 146.70470590969367 74.61299535914726 74.90643836679828
201 2814 0 0 0 28.09863443442907 -129.2608415051039 -36.854919820019376 -130.60962046923987 6.0980626900396375 -149.98087017452957 -93.00974298825311 22.287102815945083 20.782685252645468 43.49842616605929 -67.34619212530939 -67.81012257460453 71.75292118336509 -50.46365601935268 35.61623352208044 61.04826027011169 56.34950994603774 16.053231180789396 54.36832897877555 -73.23598982548677 -105.18497873446837 -2.6660365500056917 79.00619508486075 42.89347788664551 53.31534703375428 80.22019736944318 16.98085911268496 141.5703603173755 81.97790664257911 81.02741902504631
301 4214 0 0 0 38.00873505163901 -131.44036516373498 -24.480051283999124 -130.72499865860104 8.866677599435562 -147.68082357808933 -90.40138750049283 19.201813788000397 20.73517506401478 56.360621891249586 -67.68496144018152 -67.89075954266444 71.52497847081995 -58.469043979405185 35.63282235603306 55.09094843066785 56.39261027592169 5.806622779824265 54.524437653647865 -66.75302032844651 -106.21419283885821 -2.5075973740559174 98.00546695483817 41.04348437816471 44.92182744457238 80.31664940260178 14.013959856829109 135.0151939265115 86.90276293707522 87.82718724080374
401 5614 0 0 0 39.8525936182153 -131.79683508861058 -0.022677180402846275 -130.5949980167548 17.54771013211795 -150.66814513115403 -84.28832034544689 13.720500771654299 20.75536665033425 71.27104615068775 -67.49957696351211 -67.87055512295878 73.4574573042612 -71.52539830810863 35.60872643579081 36.61414150554738 56.25115960370475 1.1656354444411068 54.421869371991214 -59.55148031021355 -110.28565313680187 -2.695402704245874 112.37122813130577 32.07409218229854 38.812193919758975 80.35087509612606 20.98342924857116 128.7744314034169 88.65120061868011 93.74856085990783
501 7014 0 0 0 34.245023109895314 -129.74625314163185 25.378388557163955 -130.5523464767495 28.5401542292681 -151.05103781837585 -70.08421334102756 6.689974670811904 20.692061395842856 83.56682040430518 -67.6316977025328 -67.87646966965791 74.12113916345348 -78.73951890754412 35.601140296031204 18.648158080085484 56.48845125451855 14.668210643332026 54.6572454149124 -66.9135887989612 -106.79458970789484 -2.58147996516523 108.16396616573336 23.71215351442237 40.72138620045299 80.35061379810601 42.61894311925022 121.47679897441004 85.69770867502515 97.27960616068457
601 8414 0 0 0 33.32429763680677 -122.68435172087202 44.3137636266601 -130.57354329820697 23.517652035608563 -150.4680944834516 -47.584724663808494 1.1063688204891284 20.744433610722464 91.07011765802255 -67.5147466749534 -67.8368817423293 77.34424126585526 -80.4783855698528 35.582044628654124 7.314585181108953 56.38586895778427 20.124428472101627 54.57018383726053 -70.4926128144757 -104.91372589014107 -2.538266500307727 106.50123670036969 37.22892932392158 33.274625620097524 80.24761598488452 55.53943303947379 112.04717878060362 82.97389662469809 98.76665826099979
701 9814 0 0 0 35.54536936657243 -113.65887654608785 63.94978178921156 -130.57066206944083 22.309164529187722 -146.8507983899867 -19.73743651025969 -7.033022342848799 20.807804089200083 87.5806167431241 -67.4864519229176 -67.88593150490408 85.29892864558836 -75.59489024956184 35.623416073101886 -3.964620624004721 56.37711064268449 20.178599081791734 54.5646672398604 -63.590483341052234 -103.81129946069427 -2.558239069468282 105.08358899410936 42.94958759690717 22.9408596170561 80.37912290934928 65.62725371912707 109.6787791396231 85.60099233020787 99.72582098973646
801 11214 0 0 0 36.0527653383768 -97.66560501955294 78.94572916044172 -130.57949901356392 20.117228897516423 -145.72398248404073 8.091806761180647 -13.092793671688636 20.810906092654083 68.26657552305355 -67.5588696134681 -67.88851790530413 101.80206032386529 -73.95122239471172 35.62504408222697 -6.954329955983876 56.347728286844685 17.789342291031605 54.52360311279514 -63.35429177120474 -106.91673437096215 -2.5640263703345862 103.4976894021131 39.16718042135602 13.274097390966842 80.32135442369548 60.165633755217016 111.12566544292817 85.621008015322 101.61410778879564
901 12614 0 0 0 34.46457147307642 -88.596512857758 80.29643542365658 -130.60028865468925 20.012335811144403 -146.7372135295674 22.42649052396517 -15.34720392246864 20.79034711528822 54.91022933937306 -67.53573193259045 -67.89277420404676 111.95689529664001 -73.68106146054119 35.6682797118385 -4.946532288000291 56.405786106703104 18.81627857623041 54.5557806425369 -64.30900106068496 -110.4403250750616 -2.5586097026408714 105.09367158274578 37.80217058715577 7.757139079086008 80.3561253637038 51.2720261674658 113.00170766405394 87.83390931818228 100.66531915656074
1001 14014 0 0 0 34.44425608720695 -88.61993049298188 80.07465030740622 -130.5824645435876 19.9969190894774 -146.7606137530705 22.366458389714612 -15.287441351208717 20.790373471241413 55.05344088403944 -67.52439503621501 -67.88718035107898 111.89076796681708 -73.62507215320366 35.67286096901167 -4.811627507744948 56.40568406436844 19.069649061945377 54.55261175110212 -64.56362826413054 -110.32461751049331 -2.5645276519877047 105.1280916022183 38.10062280046513 7.890607846955506 80.3453793759073 51.319269980835045 113.00024562618397 87.81996365082767 100.60676789531854
1101 15414 0 0 0 34.44478949696387 -88.62289155335073 80.06935970481082 -130.58277566078516 19.996721974168196 -146.76141808264492 22.359658162881235 -15.285073298590213 20.79046939833212 55.055320224398294 -67.5242932838032 -67.88711594617254 111.8862411181056 -73.62506509020677 35.67278700271377 -4.808801940460245 56.40572073688068 19.068317061280474 54.552614132661915 -64.5638169801997 -110.32480308783957 -2.5642934057120352 105.12904530979182 38.101880788761605 7.8918467611544045 80.34519436193983 51.31717212297641 113.00141417252689 87.82022345462747 100.60560418254984
1201 16814 0 0 0 34.444795069910434 -88.62292159712713 80.0693325248847 -130.58277555489437 19.996721733862334 -146.76141034942157 22.35961385479913 -15.285062861120412 20.79047080546867 55.05534535277137 -67.52429400116627 -67.88711467526362 111.88622719787134 -73.6250641343291 35.67278573608182 -4.808781882357536 56.405720196304756 19.06831761805013 54.55261348008298 -64.56382321345474 -110.32480289118746 -2.564292611467177 105.12907230103448 38.10187829964581 7.891860859096558 80.34519338680448 51.31715388683613 113.00140726628862 87.82022758515859 100.60560843599494
1301 18214 0 0 0 34.44479508475206 -88.62292144698156 80.06933263199187 -130.58277554873288 19.996721735034793 -146.7614102395327 22.359614045299 -15.285062811326359 20.790470792420255 55.0553452917644 -67.52429400134854 -67.88711466491465 111.88622716260174 -73.62506400133395 35.67278572119225 -4.808781921734496 56.405720202468316 19.0683176636514 54.55261349052165 -64.56382331461778 -110.32480289398616 -2.5642926025341826 105.12907225147325 38.101878416181314 7.891860919855328 80.34519338485791 51.31715390526779 113.0014072121628 87.82022761885882 100.60560842348539
1401 19614 0 0 0 34.44479508455183 -88.62292144414626 80.06933263467644 -130.58277554853564 19.996721735220184 -146.76141023820892 22.359614052202232 -15.285062814438685 20.790470792708525 55.05534528501522 -67.5242940011151 -67.88711466498916 111.88622716770763 -73.6250639989615 35.672785721971714 -4.808781924804914 56.4057202022886 19.06831766432086 54.552613491011044 -64.56382331373264 -110.32480289306511 -2.5642926024040444 105.12907225025307 38.10187841348751 7.8918609187079385 80.34519338471856 51.31715390745623 113.00140721113942 87.82022761730461 100.60560842596384
1476 20664 0 0 0 34.44479508456173 -88.6229214442355 80.06933263457323 -130.58277554853103 19.996721735174724 -146.76141023820452 22.359614052088485 -15.285062814399149 20.790470792708835 55.05534528505131 -67.52429400111835 -67.88711466497307 111.88622716760841 -73.62506399892688 35.67278572197279 -4.808781924745511 56.40572020228134 19.06831766423264 54.552613491006355 -64.56382331366423 -110.32480289306416 -2.564292602406669 105.12907225021372 38.10187841357339 7.8918609187116315 80.3451933847284 51.317153907436236 113.00140721115618 87.82022761732502 100.6056084259343
