% # columns="iter, evals, sigma, 0, fitness, xbest" seed=46, Mon Jul  6 00:53:38 2020, <python>{}</python>
1 14 50 0 28076.68596928816 -7.330749412989185 68.1626556949354 47.88570681381027 99.83215707761798 -42.95150815631002 -19.859949708439643 -9.142976342404955 13.623352944544957 -28.546396264369907 -25.480038513945484 -21.383055561898743 7.394762039193982 13.497960030220707 -27.317554264307763 6.203812044850592 89.00111373133223 -64.24603074235038 53.93052406786779 10.737077613607013 -21.05179287593395 -7.026518405736589 -51.78455353023841 -7.521532775367136 -98.90931719828367 -0.7300086983671159 -4.444341530883545 70.36643254901304 -17.10845869241587 -36.919421556020886 -32.77413676711882
2 28 52.26662284366734 0 5044090.746471155 -0.6040485700118321 35.63278620549387 -71.60106104435808 44.71317178736985 26.2327572986989 28.96569972246627 -44.92868329699499 -29.682531837621227 -55.60338390465631 -65.89948248885496 -38.179822467995685 -5.278875812733519 96.6624479146006 -50.50996910184492 30.943326700048193 61.216336795157716 -1.7034984144799399 7.156445833919607 41.469632154159655 -75.52768171506976 -53.51354029596469 -8.662786042754862 37.36540686295453 -39.06122319230022 -24.427656050421135 -22.29350309390541 24.532026881202913 -23.812538812482103 -30.816420234276844 -44.65930539322815
3 42 48.472107173011345 0 300711.2541483877 -42.22498977554804 68.59341484227667 -61.69383038351282 14.358424144316817 -33.96860370026436 18.34729982812958 -55.803337705922246 17.95547023416056 14.577141803816012 35.686926285415076 -14.625215595522569 -36.95574214428469 97.1333203990664 -45.07942921567802 95.11512636551765 26.350507194549767 -38.61668180211697 -0.005238060216851803 26.046577561968675 26.223140310510914 -97.03940673057153 27.892382857065865 53.26611200694428 -87.46401318838447 -17.326665694555274 30.55941307869162 88.3314087673066 -37.463127666834 19.816799834197212 -98.60538568509368
101 1414 1.799348229526453 0 11001.089926471806 13.877953645533836 -14.508010893273735 11.385057978200852 23.574855800145613 -72.77113204192123 28.485713062081743 -62.840873435636524 54.79330547578309 -18.094323437890413 -62.69838193374565 -94.01509654608395 -88.88074563560957 58.856889253603356 -42.137125239798756 -43.61955407107799 -45.922879937549375 -59.01193604281028 37.87261388908461 -15.200037488955212 -48.92200942072755 -12.564105534721053 -4.926622058676628 -6.870154335078471 -10.978827526501806 -55.745939442568485 19.011927588214903 47.73312525331028 -19.29016857856567 -32.24250306848599 -3.2338780238241562
201 2814 1.1522544976825337 0 1371.7275331909739 -18.132093943847906 -19.260947294790824 3.870711010963856 54.75047573516731 -32.38373876219743 41.27391377778545 -51.4863139179228 20.045030436330144 18.845521567911383 -20.89687642774635 -69.73370756718542 -55.82430005537108 -8.728592135361794 -25.129573492098068 -71.11491354745155 -50.38901738009147 -66.07654733391229 58.60131276887529 -52.69819287888858 -13.092091822835092 -40.88278442720751 5.40335707213805 -80.30437983163628 21.842767349827646 -39.861964195367364 45.49208308102581 43.35844373870439 -27.854668283777045 -39.39846293400841 5.146957185393071
301 4214 0.3928237281520278 0 1238.9052991691372 -31.274952012971596 -11.941345468793006 4.065299429281183 54.29333544257571 -27.098035647496328 29.322099691730415 -53.314137831148685 25.869728629712903 21.541363353122087 -24.160254459416336 -67.16600648106349 -44.28812583369037 -9.003664985032556 -24.366566812505866 -54.275087469956176 -51.03719070176331 -67.24214416772975 58.94942111231138 -53.16671704669085 -0.08054253779829552 -40.71212583411781 6.205923448195904 -86.2405683344248 29.658079304349982 -40.67913559240573 44.738237045477 43.35891867404325 -27.38443243917191 -38.336821220117855 1.0793195776157218
401 5614 0.10478158266721013 0 1224.8852948495855 -30.449205246679554 -5.779686165112888 3.9372491886529275 53.04086176051735 -32.777638782162995 31.10115787430925 -53.79496205794309 26.78892362206818 22.273157522956133 -23.55097860625534 -67.31305711938761 -36.8524071948419 -4.790558844735321 -25.087582883279094 -44.162752407178665 -50.554203446540846 -67.37544663394269 58.570002677813086 -44.93006503092868 4.451119482106672 -40.712934420109406 6.057379166786291 -84.17148026633458 27.326132510447135 -40.738956360230475 44.748342964115146 42.38716352291169 -27.72050630715743 -37.740314263188736 1.1175066209100832
501 7014 0.01109696001280619 0 1224.716174172798 -30.511839480361374 -5.566248061497094 3.8874934036126914 53.04586483629171 -32.69405101359288 31.07748254658344 -53.713225998060075 26.81037843580494 22.32632340944925 -23.505989045570175 -67.27028967136171 -36.76515741571893 -4.752778316284332 -25.0590746032252 -43.39392622745579 -50.653778820237235 -67.57018865952281 58.56601234175217 -45.090317157483824 4.027793284243585 -40.79728575453065 6.081866408204945 -83.68932935601647 27.41303379848552 -40.67243398900053 44.803994997178734 42.54441274616251 -27.748461257650305 -37.61952918402963 1.2218715136473448
601 8414 0.02986814228983339 0 1224.5244075799872 -34.17914046516768 -5.056299314251938 3.8785615027328877 59.46422195976676 -31.270051630485323 29.566814903457384 -53.6610792052358 26.790184869108828 22.304543957444647 -23.52089931867343 -67.27358331459077 -43.44524590251095 -8.449472306145148 -25.026251102533354 -42.08463471407496 -50.70480265901181 -67.5168520038822 58.528616827297675 -46.93550895549298 -6.029597585221256 -40.782185130906285 6.0949019890078375 -79.54263952649369 24.401775708803065 -40.72433794764386 44.799021112242315 42.5007874513644 -27.784855323781642 -37.61147285141207 1.2495217989075609
701 9814 0.022375001826737153 0 1224.3917098170693 -38.07608007273933 -6.0074522354484765 3.89629305532024 67.59152921814292 -29.751412951354574 28.596598527272562 -53.69813250795075 26.79987308913951 22.308471689296983 -23.500805171180502 -67.27328093367338 -52.74113338562111 -14.48100293440186 -25.051847861178604 -42.211580488299546 -50.62316252538631 -67.56264267198941 58.53792792214666 -50.593990975795585 -17.72004280651323 -40.804769608166346 6.091063875056847 -73.32919020118256 22.805528038880755 -40.68338062846465 44.8092360653356 42.53335771865779 -27.760957394863112 -37.628584811919225 1.2371421676424952
801 11214 0.004335280130065746 0 1224.3758051306272 -39.801838146193575 -6.747573372300018 3.9008747943736006 71.4011157782937 -28.939035924080624 28.268266478559497 -53.72083752524865 26.800801715619702 22.328521598138558 -23.499840455224444 -67.2765871084334 -57.2611979920388 -17.65296532711912 -25.038679488658623 -42.60114940774397 -50.67012002391166 -67.57446789444577 58.54505641849512 -52.41665393257243 -23.22025673818852 -40.79437547909863 6.079472747125521 -70.14431243159716 22.568242111170274 -40.68579637370059 44.80283986474591 42.52639865943962 -27.765573142116168 -37.62473614560348 1.2158030210597002
901 12614 0.00011488988008496156 0 1224.3756268189893 -39.86661960373527 -6.788549221174248 3.8978390652483057 71.55040997101369 -28.894671427702246 28.254275723609823 -53.71954370921723 26.79872607006226 22.327392286044706 -23.505910320296692 -67.2795409280627 -57.441952686889465 -17.798117739673465 -25.04431217684008 -42.63831002671163 -50.66619694688763 -67.57481824391073 58.549361069018964 -52.49191124250973 -23.447714105214395 -40.79210968417244 6.078890474148977 -70.01458039880886 22.56332561435076 -40.68514850647524 44.80148696131896 42.52822677191567 -27.763305009099728 -37.62007337635522 1.2131165895755376
1001 14014 4.117316936016656e-06 0 1224.375626732036 -39.865682321977005 -6.78837085054897 3.897918078757017 71.54873430063694 -28.894818491494302 28.25446969796593 -53.719477549566164 26.798780976980414 22.327429400696353 -23.505845151849655 -67.27954769814065 -57.43999867168645 -17.796961858130913 -25.044401826515603 -42.638154008942344 -50.66637202540487 -67.57488020110637 58.549367965552214 -52.491036541166764 -23.445567605313823 -40.79216424683392 6.078956541936691 -70.0158566606827 22.563232764585845 -40.68514312563964 44.80150793205131 42.52816141712312 -27.763315732151387 -37.61996193077084 1.2130945428008673
1099 15386 9.690702609416725e-12 0 1224.375626731966 -39.86567028392935 -6.788361924767889 3.8979161829041264 71.54870296923976 -28.89482350302611 28.254470825759626 -53.719477310163086 26.798783008464248 22.327432291378216 -23.505844332292185 -67.27954945523823 -57.43996206360208 -17.7969431907997 -25.044401407881473 -42.638153094916824 -50.66637333622107 -67.57487966724989 58.549365712493525 -52.491030104650754 -23.44552816127972 -40.79216523868788 6.078957090602216 -70.01587590662214 22.563235310265558 -40.685143060343655 44.80150782800964 42.52816030168103 -27.76331379474174 -37.61996482885387 1.213095901252967
