% # columns="iteration, evaluation, sigma, axis ratio, bestever, best, median, worst objective function value, further objective values of best", seed=45, Mon Jul  6 00:52:12 2020, <python>{}</python>
1 14 48.99582158997193 1.0000483345014077 748.6645654298986 7.4866456542989863e+02 789.7497555475973 822.9338117739213   
2 28 49.71093726445113 1.0670739256224222 718.9834099269088 7.1898340992690885e+02 796.4479456147297 853.556962958232   
3 42 52.98691011809855 1.0725974189340568 718.9834099269088 7.4400853121460182e+02 786.9192066877974 821.7644271145937   
101 1414 1.4929331424439964 1.8201721767599237 613.2375881463079 6.1387394122341925e+02 617.6492882377852 619.4399421770795   
201 2814 0.01147005980503795 2.231944785985268 606.6490354600757 6.0664903546007565e+02 606.6967066898192 606.7964355690657   
301 4214 0.000141390688827599 2.888620730878952 606.5457735467556 6.0654577354675564e+02 606.5497621981164 606.5511041139314   
401 5614 1.8740312562475683e-06 5.006962864611175 606.5433064525992 6.0654332690120941e+02 606.5434657484938 606.5437635131241   
501 7014 8.014050815781429e-10 8.837472459225477 606.5430502444864 6.0654305189100899e+02 606.5430554571575 606.5430577904847   
561 7854 8.023303643600946e-12 11.491017544082199 606.5430481818962 6.0654304818189621e+02 606.5430484537627 606.5430487737184   
