% # columns="iteration, evaluation, void, void, void, xmean", seed=25, Sun Jul  5 15:53:44 2020, <python>{}</python> # scaling_of_variables: 1, typical_x: 0
1 14 0 0 0 -15.838866560290477 3.9366966144809354 -3.246001834123429 16.084106201080765 36.11183503180831 23.50862388019811 -50.04086676731342 0.048670465268617624 -6.584632187156703 -36.17106636387938 -27.51584910439599 -10.718962506329811 26.169575821573865 -38.25626804243558 -8.576244421981265 34.44506171822833 7.426647273006677 -12.46739030566085 -1.6555255097821915 30.142037388719462 41.85929256913491 -55.658079120650704 55.53062852478044 -9.973452813408642 -1.6633067598099847 -9.595294549797346 -2.47994992004958 15.442058185235375 3.8027238579195473 30.52467905050295
2 28 0 0 0 -14.604729105554087 -10.996386337664234 19.086085706780047 39.586156021366875 47.010611002679966 22.975283317511355 -19.651608045943117 -17.935898015246394 29.379218281610324 -11.1055511193196 -18.172351672420415 -33.61655722755617 51.056777223390284 -21.097714959041614 -24.080993579088613 24.570452819413568 11.407044327643533 -21.039246105258453 -16.88582388603394 55.75324632674294 18.75007035840162 -45.0247442836283 70.87350046688083 -4.26720657641178 17.8748567513795 30.17409011198083 4.366806372725333 9.215408333019534 25.869156606687206 23.87527851359023
3 42 0 0 0 -1.9898874604666936 24.09390449658612 40.80999132664494 17.38123801428947 64.9350164620335 34.0478211170149 -26.507550123690525 -36.93630306695521 -19.729278382472156 -61.246691486129805 -19.917440114840446 -12.838264394763542 44.50769075283812 -6.453438459271297 -39.729340595087805 28.32149116901968 31.643714671522705 -26.05517402001339 -50.82732059664951 48.199173081084766 5.1319696867185485 -30.98478223730826 70.97086654448161 -4.194098592033848 24.2624381005064 64.05710045711935 -45.337999826700724 13.885340123381635 52.626666193323665 14.474419233166069
101 1414 0 0 0 -140.04587910482263 -114.03875591127358 139.79000169676846 245.47872884491147 259.03458448368764 -43.95175620695671 223.12209615222352 16.104889742878214 -33.286978504454304 -49.054789442742404 73.84399342938886 -132.6287526861091 -113.28466940319751 -78.23264007595067 -388.46431814249195 -70.878668854951 155.5326301503318 365.1944277576026 -194.10485819922962 88.47875147447958 3.6239502527005243 -95.54783067418171 -142.19429911367808 -238.04917796105818 -218.36913658904967 55.931556291318486 -84.97904179399093 -134.11565048869736 74.06380851834649 -30.55773217380797
201 2814 0 0 0 -286.82547413131294 53.93372014875746 -40.57071887136071 187.1880847682131 129.40258967144197 -72.38351906310065 163.6461509462942 -1.5508014324617063 -127.41598450860067 41.57796200697038 167.14545186016576 -205.44114222743804 -245.5050568201345 -97.5339865743275 -370.63452385650794 110.10333556547755 30.379483496577652 380.0082039883415 -194.46874566155995 151.64078006624433 -66.74038760927914 -61.79435359666045 -67.94323800224943 -128.09169170633922 -122.00921915449447 85.41760788455852 -90.94006814304701 -169.95012327801084 121.03563734540232 -32.067167470607856
301 4214 0 0 0 -225.34681116733265 67.13275062674364 -99.06484907240099 211.16074927206594 115.92436007193186 -19.003603285612208 219.56720688191328 15.680843538369674 -130.54223877093884 -17.45106975480523 179.6421309933471 -328.33612705441055 -166.12988370831255 72.35353944842281 -385.3332985158612 138.54635292009493 -66.53802094111336 331.9316952061278 -159.6568698183282 140.92299220482303 -90.31221095714773 -74.3858673388613 -115.37505331780841 -112.6215958745659 -21.24500142232583 92.76178157582267 -80.2810514969407 -178.99929091962545 41.05045829330741 -37.3105061064346
401 5614 0 0 0 -245.13484703634083 69.40016836773617 -96.4235411971683 166.2905147266661 154.95579648263987 -44.92024223495739 236.95428529998162 28.37840892514581 -104.91539128125251 -23.12111693784694 167.75451015941107 -310.33158650906853 -197.6848185341324 22.023063379502986 -382.00241957024156 106.32454213378715 -27.823018374151857 344.3743666473781 -174.47400500232806 151.62505154112057 -119.45226517571508 -98.20824892278453 -167.11146249773694 -139.08106359439387 -81.98918215587852 82.85930234424869 -76.20542623666066 -183.83834662371757 54.608993259120666 -36.76519343150019
501 7014 0 0 0 -248.73497154541695 103.30667358789569 -101.15364598229668 158.0478421027092 122.9732533373613 -44.252640789581136 217.69222959748674 28.985852924307643 -55.247295860477315 -28.6733324658661 148.77937834882624 -335.5176560748391 -189.66899792441689 60.457513490258684 -380.10827950567375 110.68023460761614 -18.485304315763347 338.359460187158 -163.36881829814016 152.13487265475467 -122.48160870328222 -91.26707148699359 -182.38810728057638 -142.00365568674306 -76.07589273761432 83.53346829740182 -52.73571143478915 -183.73437097908374 35.20248692284451 -36.044640968759445
601 8414 0 0 0 -247.79207543155715 103.43314171400239 -99.67724532261133 158.68302049569195 124.76093921617324 -46.659029277687196 216.18553212277894 29.220804712733536 -57.23118557207807 -26.131458001455098 149.69394046920675 -334.7416306852367 -189.4748053433024 54.73288783389311 -380.7049518770307 112.8218346255046 -18.211996274250247 339.24376142634685 -164.55530096848327 151.83707845232217 -119.6447377706725 -90.88198927189774 -184.0080706121889 -141.62399826470974 -76.86308772715287 83.65844181209769 -55.70531126067001 -183.74059386975725 38.61136869678845 -35.97910398265208
701 9814 0 0 0 -248.0795668214315 103.19369494228508 -99.87747394321137 158.52845255347253 124.83719204053482 -46.56726600071629 216.54437885172246 29.253921687366464 -57.88364974329652 -26.015405057521946 149.60080117431446 -334.9352551161339 -189.31267798002702 54.721314601913036 -380.79337686219014 112.44994208998861 -18.299971214312492 339.3013852747563 -164.77346201892075 151.7832483282019 -119.69031527690181 -90.81486166748725 -183.93722157928318 -142.36478018545284 -76.75960545265217 83.70534634561122 -55.86559380835163 -183.73850687402697 38.664668865658854 -35.953025793687715
801 11214 0 0 0 -248.03305555295245 103.02455374188183 -99.88680907565139 158.5634272821358 124.87960726039995 -46.573314976610476 216.5146521265878 29.268975734135633 -57.91649489550693 -26.030085455261013 149.59543408738125 -334.9120566087887 -189.33391089965002 54.781897525872125 -380.7922775102413 112.41797208726625 -18.286728267327007 339.3295462435142 -164.78908867054116 151.79737382774022 -119.7141297109094 -90.77391584884585 -183.9188125024777 -142.33824976008066 -76.79757278139822 83.64310826658857 -55.86915134342302 -183.7330136436251 38.65988043020335 -35.97890156089222
901 12614 0 0 0 -248.0337464356944 102.91675858396881 -99.86336727530355 158.6164371934339 124.87637608161916 -46.55856896698988 216.50851999884046 29.268227802892973 -57.88291911834722 -25.990194977868104 149.55926648845957 -334.8982211489951 -189.34756808238316 54.8334255972257 -380.7799450256564 112.3669579773208 -18.28658945288036 339.37603899392076 -164.78401150446248 151.79332314696848 -119.7384876374716 -90.78881877624012 -183.95037382705175 -142.30224571564125 -76.87151022160077 83.65916351075688 -55.83972479035646 -183.7487840709217 38.659225506437735 -35.96713677795313
1001 14014 0 0 0 -248.03300466002537 102.86990812878197 -99.85891014607635 158.698596179834 124.88680878351818 -46.50065917383568 216.49150955068166 29.268012613111512 -57.894959459542925 -25.96684885475624 149.56395053830397 -334.8850196632799 -189.32479101352752 54.8193417962257 -380.7773622204382 112.39447686600069 -18.286649802617312 339.39793295380287 -164.7895492172632 151.78884472708046 -119.68856614119584 -90.80000064816194 -183.96024597011626 -142.3224653239724 -76.88942757395066 83.6613322901975 -55.8014276597938 -183.74325057289172 38.65931656120509 -35.95534346958715
1101 15414 0 0 0 -248.03340319827527 102.77837471901891 -99.83589021744841 158.75616578953026 124.87170237293991 -46.48329370772364 216.46749096515234 29.267700167320623 -57.927644371059664 -25.993789875779054 149.54054056071084 -334.84493131796125 -189.33793647109752 54.857247389883746 -380.78111309998303 112.40673067898638 -18.286761254163874 339.4188434274208 -164.77195912120396 151.78839227821584 -119.68216394712024 -90.80489117104369 -183.96748473871412 -142.32588386508752 -76.88242662555493 83.656494248753 -55.76664767402744 -183.73221292807213 38.6593992830308 -35.95919001964962
1201 16814 0 0 0 -248.03336143957785 102.50248884580598 -99.70901834817455 158.82970410096104 124.9103226619868 -46.52982003659894 216.42481008030302 29.26412329569316 -57.91278986446325 -26.007072347915777 149.44917735554563 -334.74025251068537 -189.3421163078276 54.984687605407345 -380.77816376140714 112.40535045522275 -18.28676479283776 339.404914788223 -164.77898414679655 151.78748149554048 -119.61025036377879 -90.79707086445755 -183.98354538144315 -142.32176065642096 -76.88865685940182 83.66302002566174 -55.67100090775806 -183.72070332227932 38.65924379094599 -35.97627434973044
1301 18214 0 0 0 -248.03306055904335 102.43886799282674 -99.65232672181253 158.83402160414266 124.89423461795003 -46.531053423317815 216.39920125489644 29.27513824651983 -57.82413683591981 -26.018957711888202 149.35310397208806 -334.6953601087249 -189.34116445087335 55.087087530621 -380.765587405644 112.41721174689616 -18.28668930993533 339.35157660215856 -164.78005666545428 151.78318919631974 -119.60340479596717 -90.80286657916204 -183.9303614562701 -142.31778229847848 -76.83203137033286 83.65611647727494 -55.587409097286596 -183.7207630337584 38.65925279294974 -35.98200200105154
1401 19614 0 0 0 -248.03310664817974 102.47803859456788 -99.58682604013754 158.78607881925225 124.92362810799374 -46.533894067731005 216.42477031136437 29.27291598929235 -57.827225880496684 -25.953373135242806 149.2726070489243 -334.65936442035604 -189.33476674207355 55.08317846011178 -380.76588347792244 112.41353653698597 -18.286724405133754 339.2001903750858 -164.78170416110964 151.78345614932505 -119.56388856860953 -90.80320121958552 -183.81456628840346 -142.31976433237847 -76.82239243594003 83.66393025916832 -55.595237312683565 -183.72636948321684 38.65922110522473 -35.98222739551753
1501 21014 0 0 0 -248.03324923985593 102.50942155435607 -99.49835447170236 158.76520338664096 124.93329592214737 -46.48428031991814 216.42590089805014 29.26623368280845 -57.87415913727988 -25.923680996580078 149.13562587996944 -334.53780407851906 -189.33981620616012 55.061629442770176 -380.7660335074074 112.41713499745947 -18.286711003302237 338.6946570830235 -164.78121475015683 151.78429029064614 -119.54667964289156 -90.80277718636849 -183.3429312649472 -142.3297172549953 -76.67049169483147 83.65810605355247 -55.5798297161903 -183.73298825489118 38.65917424118006 -35.98824985999478
1601 22414 0 0 0 -248.03334270627744 102.45805637016463 -99.14295585322898 158.81040112035885 124.95719963464421 -46.53918528005819 216.69404967309075 29.263686047213184 -57.805197102179946 -25.944914587263078 149.3310090984234 -333.55376720385965 -189.33107968981082 53.983428364199725 -380.76754618436405 112.420460797881 -18.286763614124652 335.0606358302233 -164.77421149074056 151.7807775289331 -119.72370290291765 -90.80122785907317 -179.88985892401018 -142.33670183379027 -76.34473593240011 83.6566982604975 -55.69213050385498 -183.72985561620078 38.65921316751487 -35.976826162056625
1701 23814 0 0 0 -248.03311069743756 102.4596498723443 -99.09152361927102 158.82044453744518 124.95612979217947 -46.514020039018654 216.68362122074132 29.26960364014182 -57.84013350004938 -25.961757573920888 149.29141139853658 -333.5440401934334 -189.33886403247746 53.966347477715374 -380.7709256275376 112.40893437398594 -18.286708528012777 334.91009143871827 -164.77685982786215 151.78390559044396 -119.73118641660795 -90.80316792724672 -179.73932380115545 -142.32597659077445 -76.36063571013054 83.66370958350907 -55.67414444520346 -183.7258350230176 38.659222809827504 -35.979387387637075
1801 25214 0 0 0 -248.03312290195154 102.47070435799733 -99.09281393883882 158.82235518052127 124.95706118272751 -46.522490383301935 216.69545878464626 29.269186257733725 -57.844565971220526 -25.962761612473194 149.30069224491683 -333.5434069125179 -189.33904741547235 53.95415084274388 -380.7708179902169 112.41047815851294 -18.286710280160108 334.9115285473285 -164.77688900602587 151.78448910141978 -119.7400204964885 -90.80626050390293 -179.74263054343723 -142.32251200613518 -76.36811562859342 83.66274231909368 -55.68128981308892 -183.72762905155142 38.65923011840659 -35.979535305896775
1901 26614 0 0 0 -248.0331230911003 102.47425126120466 -99.09741141072008 158.82184611977252 124.95067680646474 -46.52234334415208 216.69791018354664 29.269171919917106 -57.843947556960856 -25.96314010049629 149.3014917035551 -333.54685750387387 -189.33765331077745 53.95263357283847 -380.76994995045885 112.40987914815098 -18.286710169375542 334.9229659038305 -164.7766324120477 151.78460174956174 -119.74623339294935 -90.80531892916133 -179.7534109489364 -142.3236070592204 -76.37539412448433 83.66158472993256 -55.68223192154321 -183.72697945767715 38.65923003914511 -35.97992254676285
2001 28014 0 0 0 -248.0331215907346 102.47602207311547 -99.09829837598603 158.82093197759153 124.9476845348287 -46.52015889815691 216.6985778564614 29.269419177904666 -57.846606388097754 -25.96307333950533 149.29827347309978 -333.5464928109545 -189.33780339066294 53.95290787682738 -380.7702592592887 112.41111324716378 -18.286709821510136 334.92040077926333 -164.77717464543113 151.78373029248738 -119.74639568750045 -90.80449807191019 -179.75035399913554 -142.32359021075985 -76.37608329143387 83.66114158078939 -55.68016684112699 -183.72755681072056 38.659229915258486 -35.98037397734054
2101 29414 0 0 0 -248.03312226578078 102.47607774250511 -99.09811253121782 158.82305313442865 124.94761765609712 -46.51842713183316 216.7008783666569 29.26909351902298 -57.8502171879705 -25.964351306129874 149.29675098353886 -333.5440016913872 -189.33813048335128 53.94827968293805 -380.7707629326976 112.41096624661877 -18.286710020970308 334.910163647198 -164.7768583400884 151.78304128110912 -119.74811970733809 -90.80469311159526 -179.7414419680008 -142.32317780159758 -76.37898555441194 83.66140140098628 -55.68147505211662 -183.72754211989846 38.659229870046076 -35.98049773074087
2201 30814 0 0 0 -248.03312218916105 102.47580269894705 -99.09617599239543 158.82286043959232 124.94825920066728 -46.518741339379886 216.7050645027993 29.268914478181756 -57.85088345566169 -25.96826292414422 149.2958531339624 -333.54100277157784 -189.3377424790984 53.941107700723094 -380.77034092841404 112.41130465718498 -18.286709948817183 334.89360361230666 -164.77681158069134 151.78296592359553 -119.7533953382755 -90.80477017133413 -179.72573040700473 -142.3230724104287 -76.38367941833276 83.66057750095817 -55.68215743134752 -183.72723190920374 38.65922986801591 -35.98069804320672
2301 32214 0 0 0 -248.03312227177764 102.47606364935965 -99.09660771917656 158.82133236083476 124.94732740074771 -46.51782043486027 216.70803820522664 29.269115298579276 -57.84972979740279 -25.970891874476237 149.29612717051174 -333.5413177867004 -189.33800804954186 53.93738887305567 -380.77031129822336 112.41136329926421 -18.286710011577917 334.88254243303356 -164.7770197251819 151.7833972739798 -119.7579434003614 -90.80538357690526 -179.7150870256066 -142.3234448672943 -76.38846230059156 83.66097943651768 -55.68211398728359 -183.72701426332097 38.65922988892156 -35.98076202262822
2401 33614 0 0 0 -248.03312230372575 102.47534466272805 -99.09776952802152 158.82102912195796 124.9478774831789 -46.51654512471408 216.70821258341326 29.269009094017992 -57.848933199459786 -25.971917086386348 149.2959151927676 -333.5417906157442 -189.3383557517655 53.93838509166762 -380.77039371043605 112.41130581183455 -18.286710029236968 334.8827858299803 -164.7769224296234 151.78349491319125 -119.75820196010373 -90.80533515409435 -179.71547692219758 -142.3232711133974 -76.38885851498812 83.6608679554348 -55.68142447994014 -183.7271394238053 38.65922988753815 -35.98080118447578
2501 35014 0 0 0 -248.03312230476905 102.47509003371384 -99.09850948441681 158.82075543648972 124.94780403387422 -46.515316383403984 216.70827141107182 29.268974763929748 -57.848574869656616 -25.972257200288585 149.29560400270654 -333.54214394642725 -189.33815902763675 53.93906689388585 -380.7703568431939 112.41145190208388 -18.286710031152698 334.8828950861209 -164.7770361991905 151.7835402500062 -119.75808315856898 -90.80521216575487 -179.71590297935924 -142.32315640823794 -76.38941850529586 83.66083104847236 -55.680875255037634 -183.7272612774978 38.659229892019965 -35.98072503142108
2601 36414 0 0 0 -248.0331223029478 102.47483739815705 -99.09863794135535 158.81990534752822 124.94827781142806 -46.51486692009922 216.70866100394102 29.268981944846363 -57.84858584081308 -25.972352214397866 149.29535397534545 -333.54243460976954 -189.3381464218914 53.93912466384686 -380.77033063481036 112.41145066527926 -18.286710030942153 334.88218297683557 -164.7770253360255 151.78355617732174 -119.75849095276307 -90.80525503305654 -179.71507466030582 -142.32316365070693 -76.38991229865275 83.66085712103352 -55.68090934862445 -183.72727648794694 38.65922988947877 -35.98074565768799
2701 37814 0 0 0 -248.03312230507888 102.47486943335706 -99.09893447992559 158.81961815181995 124.94832626977107 -46.51444961823012 216.70882179299218 29.268995886751878 -57.84854029442256 -25.972302341318702 149.2953705201802 -333.54247826923597 -189.33810424412516 53.93915923285748 -380.77033977630657 112.4114193755743 -18.28671003199703 334.8820111206774 -164.7770447104868 151.78348567813416 -119.75846373280943 -90.80518127616418 -179.71489224337523 -142.32315277576575 -76.38982974163396 83.66089739913399 -55.681158041578826 -183.72729950897084 38.65922989024077 -35.980785672999204
2801 39214 0 0 0 -248.03312230466085 102.47492135032206 -99.09916627405643 158.8195499953654 124.94845281291998 -46.51432839253199 216.70888160140467 29.2690327437839 -57.84854102408849 -25.972342870506328 149.29559872970242 -333.54255220799905 -189.33807005740778 53.93898465546435 -380.7703581866029 112.41144277745067 -18.286710031712975 334.8820174139363 -164.7770288077029 151.78347082576755 -119.75853272542095 -90.80516143817024 -179.7148904053195 -142.32318411898618 -76.38987529979985 83.66091269576773 -55.68135118207766 -183.7272890214277 38.659229889876144 -35.98079262400637
2901 40614 0 0 0 -248.03312230502036 102.47495026569966 -99.0993805261723 158.8194566049698 124.94858846355903 -46.51429430925766 216.70886693780403 29.269069600017854 -57.84856165277026 -25.97235694131515 149.2957687936427 -333.5425960089795 -189.3380569113054 53.93896245758658 -380.7703417456074 112.41146951199552 -18.286710031815225 334.8820651924619 -164.77700617549462 151.7834450121066 -119.75845301583314 -90.80516602169405 -179.71495880869253 -142.32319181029598 -76.38982875394458 83.66091906117389 -55.681503985579916 -183.72729668340597 38.659229889967506 -35.98076527998247
3001 42014 0 0 0 -248.03312230512176 102.47492773977923 -99.09939934121736 158.81950405430487 124.9485852373278 -46.51433799898718 216.70881444941605 29.26907029354093 -57.84852551160342 -25.972364499286794 149.2957623229266 -333.5425554048902 -189.33807691709714 53.938947482100744 -380.77033804311066 112.41147941210197 -18.286710031870815 334.8821273275464 -164.7770019041233 151.78342705366683 -119.75845289747222 -90.80515606713969 -179.71504033246634 -142.32319504963456 -76.38981649863432 83.66091650648688 -55.681498509543246 -183.72729444702705 38.659229889957615 -35.98077160148334
3101 43414 0 0 0 -248.03312230514211 102.4749175734586 -99.09940342161461 158.81949389714552 124.94862866659034 -46.514327718038345 216.708832401238 29.269071865141814 -57.84854026444139 -25.97236832357373 149.29576123530205 -333.5425442941878 -189.33807306066456 53.938932671650136 -380.7703361082647 112.41148848824979 -18.2867100318776 334.8821341139128 -164.77700867916295 151.7834259033804 -119.75848327661103 -90.80516351894966 -179.71504078927174 -142.3232021491768 -76.38981021600858 83.66091653977983 -55.68153317141458 -183.7273009910797 38.65922988995485 -35.98077310421589
3201 44814 0 0 0 -248.0331223051313 102.47493276210302 -99.09941788891254 158.81949428559219 124.94863561806845 -46.51433487942599 216.70882285647696 29.269073213407783 -57.848532268176285 -25.972379985527816 149.2957469695072 -333.54255087112625 -189.33807477290074 53.93894278920873 -380.7703352844233 112.41148485616989 -18.286710031877263 334.8821880295551 -164.77700736835166 151.78342746122823 -119.7584866416879 -90.80516556402682 -179.71510020296623 -142.32320144844186 -76.38980425019544 83.66091843090464 -55.68153120752407 -183.72730471644866 38.659229889951526 -35.98077463585843
3301 46214 0 0 0 -248.03312230513959 102.4749523786398 -99.09943209858103 158.8195145393685 124.94866403717377 -46.5143155014238 216.70882244759738 29.26907520295962 -57.84853746185609 -25.972380644980433 149.29572494716945 -333.542558521675 -189.3380707016526 53.938949884357264 -380.77033541822317 112.41148995869781 -18.286710031878403 334.88224110745404 -164.77700751629877 151.78342665869445 -119.75848391692341 -90.8051656616264 -179.71515519725799 -142.32320054853622 -76.38981136094306 83.660919334557 -55.68154000363374 -183.72730301409584 38.65922988995404 -35.98077667885926
3401 47614 0 0 0 -248.0331223051367 102.47495447838682 -99.099431164022 158.81952687976084 124.94866639947271 -46.514314006764906 216.7088326590017 29.269074747906803 -57.84853816192191 -25.97238514380375 149.29571864031408 -333.5425601890178 -189.33806980066367 53.9389631225879 -380.77033329448426 112.4114904537092 -18.28671003187846 334.88226860855303 -164.77700648750107 151.78342853734893 -119.75848632258594 -90.80516623365027 -179.71518377149323 -142.32320358554563 -76.38980985853324 83.66091949926418 -55.68153973527531 -183.72730336408324 38.65922988995383 -35.980777325993145
3501 49014 0 0 0 -248.03312230513694 102.47495711427993 -99.09943402739155 158.81952888235185 124.94866742888358 -46.5143158452626 216.7088358200734 29.269073852881373 -57.84853741541686 -25.972389667397355 149.29572095008348 -333.5425615583799 -189.3380691539341 53.93896214801253 -380.7703329103624 112.41148876615382 -18.286710031878425 334.88226905031627 -164.77700719499896 151.78342895412374 -119.75849260600863 -90.80516608387369 -179.71518503708504 -142.32320468236517 -76.38980935024308 83.66091958537487 -55.681543150086824 -183.72730280011535 38.65922988995384 -35.9807772199861
3601 50414 0 0 0 -248.0331223051369 102.47495782688411 -99.09943405476216 158.8195329839454 124.94867092299627 -46.51431334197433 216.7088377808505 29.269072920277825 -57.848539671655274 -25.972391381018383 149.29572049155632 -333.5425625970768 -189.33806895977997 53.93896300231031 -380.7703327651744 112.41148860074011 -18.286710031878346 334.8822717793088 -164.77700760509632 151.78342877170786 -119.75849510470583 -90.80516599427315 -179.71518635289627 -142.32320494345132 -76.38980844946076 83.66091999042484 -55.68154486521855 -183.727303292326 38.659229889953764 -35.98077729012282
3660 51240 0 0 0 -248.03312230513703 102.47495854718026 -99.09943393217296 158.81953229723007 124.94867185950675 -46.51431304073619 216.70883873409136 29.269072886889944 -57.848539734933425 -25.972391714249518 149.29572090296622 -333.54256217517496 -189.33806873595793 53.93896152378216 -380.77033266728085 112.41148875141464 -18.2867100318784 334.88227002588485 -164.77700760229962 151.7834288414341 -119.75849677424625 -90.80516618456033 -179.71518471069095 -142.32320498539906 -76.38980775285933 83.66091987442552 -55.681546249544965 -183.72730328408164 38.65922988995381 -35.98077748060334
