% # columns="iteration, evaluation, void, void, void, xmean", seed=49, Sun Jul  5 20:00:27 2020, <python>{}</python> # scaling_of_variables: 1, typical_x: 0
1 14 0 0 0 -29.324247379034144 -30.317674634290206 6.746832584701425 36.33484036541544 -36.01426156377456 5.702505663215171 13.245331263927145 -3.8251861927974002 -6.416611268672256 13.315605720861964 15.839855129052822 -6.25208950270407 -1.1796191154647049 -12.620950585707883 8.467673671906017 -25.146641429538338 42.8707304811066 8.907615735084377 21.93087984431894 32.53611138780751 -22.210220140949072 -53.41487900544417 -3.2963557042846103 6.460906494336507 12.553659560897401 -10.547023696036835 18.83880531207059 -36.02191716993364 -7.377188837659808 13.011603243664144
2 28 0 0 0 -52.44026814728311 -26.141692775123477 -15.482382749790823 45.981721488891395 -20.172151008843173 -9.487205109551716 6.298753688301352 -12.042284550814939 3.4391967000194654 17.992552075009765 1.599637298483703 -18.544781061332078 15.566595144455983 -44.10712320193382 27.757868968477865 -4.456234756837308 -13.014919180901835 24.67517293102194 26.771412467690325 65.10513612402015 -50.77643497116032 -82.24080900466441 19.572809443890016 6.5608595958119516 46.82353810892044 13.50565825032135 22.859990176322256 -29.37884176278599 34.695442206087996 5.117557309810749
3 42 0 0 0 -30.59893827126589 -27.72828611824612 -36.38523866246137 106.09049698123489 -55.80630996065091 -20.120015271369102 -13.362252123373487 1.5913923273167843 -6.0462045132914675 13.872364643885096 3.886957240600357 -12.306967695476864 28.436481024774956 -57.838714466707465 56.60613763572261 -2.1526082083180396 -66.7543675160224 22.39364046367894 27.3372524376852 102.06013314173659 -49.4406982702385 -80.3403797738897 21.6679729311569 -4.629755750640005 69.20281322478085 14.098132407419032 -3.4383970892371423 -19.505254158121524 64.25053990702283 11.882722602579681
101 1414 0 0 0 -8.24529720511058 -42.53065619514349 173.20019946380793 17.825688637564948 -358.6025742712731 10.474091582523839 -59.33001967047453 92.30484605863899 -244.86101384263014 -257.85046898498615 45.73683750277164 145.93307716436755 16.338740740798396 -125.9392698680558 59.499832704607 32.33140266029625 -167.19405843794334 63.3488020832346 -173.25028439070024 417.3113126951065 -305.163519286838 -77.04872402696087 260.9475860577041 37.92341887173241 217.11797019992514 -88.66932045586363 3.998832640285387 48.44255219366002 -196.84140544920925 193.40452287559455
201 2814 0 0 0 5.699482462738898 -14.444502386350926 150.50624283351627 8.8345021676349 -348.76136178371286 0.4583212837151487 -69.97968179590897 57.9147313642375 -230.2831130772298 -232.18407773904198 43.41646389537866 136.20075491398794 29.126403941280703 -143.03859451797814 84.830920824307 -0.19700597125330432 -193.5277837969602 66.56034620759175 -143.63722036345774 455.6424031659636 -338.4243984145793 -36.281634411706236 227.65081620169548 50.26295961337792 208.63251626363567 -30.015653622078986 -16.095863676136894 37.21868986726463 -222.39695590764057 196.778590699526
301 4214 0 0 0 -14.281008750825672 -43.59980278358186 164.2800613114466 17.029960749156356 -347.4229007378883 -33.16356706054444 -55.635023641921 64.83153280712119 -198.27586633235413 -205.95615877208994 22.515954343649273 149.89443768484117 5.444036575792704 -156.98741797388956 103.53308084012374 6.757538356082768 -179.5140067310625 74.80657725821506 -96.86955191231442 451.03878420108686 -364.1819519755958 -66.74995147273901 228.56949076458338 35.33755300686252 211.92219327237206 3.365715284036564 -22.771662297294775 32.273370245434826 -189.60699519244162 211.17869817212068
401 5614 0 0 0 -13.402848581249183 -40.63707457489983 161.0639446099017 17.123657409765972 -347.8343204188214 -33.15861885333573 -61.00946844846229 66.11898874771548 -194.73750676301745 -204.14087491598505 23.156854371787368 152.5265009278065 7.647398802223188 -157.8906654820044 105.22330166149962 7.752723403476514 -180.08903140605537 75.65769329985365 -95.268310631455 450.08478431967137 -360.10250447989466 -64.77301759635522 231.33653663110152 37.19537892050623 209.35909866064887 0.44713467401367385 -22.181289917646854 31.88691859691173 -189.52497440669782 210.70881434721238
501 7014 0 0 0 -13.353463888754359 -40.6215296322353 159.20300032813324 17.010336117270928 -347.74673970213905 -33.191166069529686 -68.69611101399576 66.26912007550717 -194.63356514401923 -204.32411630244218 23.147771421421737 152.43744439559748 7.500704887501376 -157.95963234745463 106.45525552621426 7.711670671479652 -179.93220317541758 75.64366098754505 -95.1613554164929 450.1574343648004 -360.15127139510366 -64.81452702408704 231.26712035239527 37.277200503620286 209.4262294000224 0.5256382840992562 -22.246326417877373 31.901824873354194 -189.55495483132069 210.65274489128782
601 8414 0 0 0 -13.387052466467827 -40.61149964171216 157.76610593056773 17.080888102075285 -347.73141370805814 -33.210008530488494 -69.60484352817205 66.21493799241205 -194.69836807110863 -204.3267688292142 23.168608097237424 152.3817795079514 7.5965921716414435 -157.9298998197073 106.02210762870304 7.749783698601409 -180.0238495311705 75.63005732324777 -95.15929041542651 450.10990687201246 -360.1586585963295 -64.75431403919629 231.2332095992393 37.25126812716966 209.44815607228153 0.5248680014997558 -22.157267301562367 31.874017345387493 -189.58673356336982 210.67489324130608
701 9814 0 0 0 -13.383942853670119 -40.61626259594127 150.00416263697687 17.106771790318287 -347.77124806320023 -33.19786023376332 -72.56349913875798 66.25433717289523 -194.69833142990652 -204.30807015868282 23.160790680535975 152.413109572914 7.571451588398855 -157.94900495902561 103.50017043967595 7.716951119918862 -179.96673649824226 75.61732000809042 -95.14366681950912 450.130502190355 -360.1815585086908 -64.76179443645616 231.25932475781377 37.22642306291535 209.43441945747372 0.5246032002863552 -22.147103588254865 31.900135152044207 -189.57143705579924 210.63876925945982
801 11214 0 0 0 -13.387642122755775 -40.59347840277948 139.76944590851792 17.098366596031077 -347.77848160589656 -33.21895415530828 -76.0895923512727 66.24882186215962 -194.67129156502943 -204.3017347034245 23.122553762063887 152.39212373475237 7.579206010620754 -157.90024302965566 103.82750275424087 7.741764817208499 -179.97901977396745 75.60170654006265 -95.17597366242893 450.13201404598806 -360.19242922841715 -64.78163126162538 231.24486769965927 37.23615933258654 209.41446129163688 0.5257988877760658 -22.175975075953783 31.895483599417794 -189.5699206247842 210.59650315586597
901 12614 0 0 0 -13.385568168411961 -40.611620768035955 136.06706144839936 17.07562771854766 -347.7467571269175 -33.22067156250763 -77.51051099102277 66.22186499227521 -194.6819743590855 -204.30424005349215 23.154534329913297 152.40797240039018 7.560514540756971 -157.93721863272435 104.1891211734712 7.746979703436752 -179.98572152742176 75.62033416232053 -95.17119136312137 450.1187426970435 -360.18814435843774 -64.74915995205086 231.2504206524917 37.240297469436186 209.42603317050464 0.5328550058379671 -22.153556075419072 31.91352386740989 -189.57221919453414 210.65161584388122
1001 14014 0 0 0 -13.384816114199783 -40.610944527864625 136.06679306244186 17.075305588355445 -347.7468579824251 -33.22094189953474 -77.51773739935616 66.2221361842211 -194.68223942661675 -204.30710223303825 23.15184725055687 152.40853794681118 7.559594186848919 -157.93688442258224 104.21180870318196 7.748268944382277 -179.98639814805148 75.62046717905113 -95.17079826277524 450.11670634598335 -360.1903223162656 -64.74770981579763 231.25041025523393 37.24330013632539 209.42679825771873 0.5354441660076861 -22.155830302776746 31.912523620123455 -189.57158326854443 210.6529085611821
1101 15414 0 0 0 -13.384804162067594 -40.61095885599136 136.06592217155656 17.075309813725983 -347.7468404461414 -33.22092869730796 -77.51811084240315 66.22214505771959 -194.6822512864483 -204.30710736251305 23.1518332144882 152.4085330571111 7.559542875612089 -157.93687955415956 104.21173975493564 7.748271503193226 -179.98640612815598 75.62045422478431 -95.17078824590291 450.11668575663714 -360.19031107809354 -64.74772661193425 231.2503855071371 37.24330037214834 209.4267391084759 0.5354760463942148 -22.155834138526227 31.912480458562523 -189.57155319274034 210.65288619083108
1139 15946 0 0 0 -13.384805105911818 -40.61095847581049 136.06589322455707 17.07530992125946 -347.7468411141719 -33.22092815031058 -77.5181204047986 66.22214528784083 -194.68225085584382 -204.30710715438155 23.151833018502657 152.40853273016134 7.559542805046724 -157.9368792284688 104.21173814066061 7.748271453709872 -179.98640679630097 75.62045456065819 -95.1707882266319 450.11668573450686 -360.19031093225493 -64.74772682029302 231.25038605954487 37.243300863250255 209.42673934198646 0.5354755012792203 -22.155833958089392 31.912480565232944 -189.5715537921463 210.65288585439802
