% # columns="iteration, evaluation, sigma, axis ratio, bestever, best, median, worst objective function value, further objective values of best", seed=49, Sun Jul  5 19:48:07 2020, <python>{}</python>
1 14 50 1.0000483345014077 2714.3990888513194 2.7143990888513194e+03 3651.7730092173233 4404.647753422607   
2 28 42.81337662113902 1.064656882821491 2714.3990888513194 3.2348228537951804e+03 3746.954605304758 4319.351131406365   
3 42 36.0952376817195 1.0884960275432873 2360.269281761318 2.3602692817613179e+03 3695.510285338351 5099.268584113537   
101 1414 0.22337229738553227 1.6249752661508146 809.8037420810417 8.1378732481595671e+02 817.7300534785271 829.7243661105734   
201 2814 0.007325801660104746 1.7493337121887986 793.4937881230193 7.9349395348222640e+02 793.5048538675956 793.5145747032393   
301 4214 0.00022415324391990578 1.9919280787441953 793.4805979311423 7.9348059793114226e+02 793.4806064040654 793.4806135812248   
401 5614 5.07878547047512e-06 2.222482487314008 793.4805839357263 7.9348058393615861e+02 793.48058393863 793.480583939923   
501 7014 7.970814527360351e-08 2.3764521048617375 793.4805839311999 7.9348058393119993e+02 793.4805839312005 793.4805839312013   
547 7658 8.598250186512396e-12 2.646708256071295 793.4805839311989 7.9348058393119891e+02 793.480583931199 793.480583931199   
