% # columns="iter, evals, sigma, 0, fitness, xbest" seed=38, Mon Jul  6 12:18:21 2020, <python>{}</python>
1 14 50 0 108077159766.81795 -29.417542397193063 -59.167621642050705 81.69777105159977 31.280236779783767 -76.52094598665417 41.97132776206611 1.2817484100614043 -27.49395296675471 58.3205317498764 -65.29145593583497 67.3419414125657 56.35568072387417 -1.95681961781801 16.025812131122766 76.80839800960274 -14.876987111656096 10.09795226157326 7.588960813138147 96.46066147881639 -6.766228268155662 -0.374997063143399 59.383358529236205 49.0573212564535 52.92184390611907 -53.77704764140293 -54.167698778036666 48.620165277464054 61.76616605318506 -4.8514245493190895 88.27409102726368
2 28 47.831672757538826 0 94358284.93296047 77.15068350987798 11.094975268033693 93.41161703376707 35.78218152489379 -75.12043173348064 -27.697842058000212 48.851577104377256 -29.50161156030176 11.00814974264352 28.314205100481 -12.351340382589285 27.493955111547017 69.10217948822932 -38.77808624441161 59.31307085845874 18.2275977628575 11.523156486813354 -3.941536583545581 -11.603359726791233 71.09196954203827 33.25581539090697 88.88369902832886 94.52053703113114 84.50869040936162 -98.24970780287931 -97.51081465256237 62.504104607940064 55.487871575447976 13.857303149462515 -20.894966692868692
3 42 43.00361101118478 0 16757644794.353107 -11.508864714604037 -95.57329283548566 -34.56587559955934 29.086426931586985 -66.0550688755543 6.511328785088153 46.89530406534558 2.142612049298627 -41.58809511489187 -42.43951242620287 -48.171236661727626 71.81625078497436 88.09906156152032 -88.78489860405705 39.43971076225413 -1.5436434546601774 -38.748123709765395 12.455593366371236 20.358220145320733 -22.05104781473063 70.91678900990384 65.16940325240878 47.48144432706445 31.230249890089567 7.276408013940831 -76.49165490389835 33.31706848651672 52.42779942486096 -64.42852403242102 -15.517413441459368
101 1414 0.19236390751583107 0 230182.14099125334 -17.577110053720567 -24.6551823092421 76.52676417991742 71.52707855760185 -11.169709492937942 38.50111678719697 92.60226726966306 -66.28608776814117 23.23369462853119 10.182689039728588 -69.27894443382671 68.26634749919131 11.070459001971116 -39.69155783378278 -14.25052925933151 49.86326500927904 -47.5750468720406 -15.722326190935425 66.75007517942804 79.17276494123925 -15.216414690988234 92.57768445691798 70.36053513055228 24.14007474644554 -75.37931784081456 -94.24976942787855 74.18224778262788 99.82174218244293 35.88422376860748 -15.027662847492719
201 2814 0.47072601689211785 0 126633.11689878855 -8.029340159294994 -19.218185626493405 56.358674893749274 59.051077196791155 -81.39781831899825 14.925696895675753 62.61568160901808 -23.957782026046008 -15.687922033792663 -0.35144398171131036 -75.68719819528256 54.92929866103843 4.682550850070851 -16.09196335221402 46.06749250183473 38.008740898159246 -20.9113736143528 7.020289782774744 59.08638776601702 61.40253500017357 -39.68589078280787 99.15657335571939 67.76442300716177 21.521915378783163 -62.44094652614206 -87.94242712063443 59.25565058494408 92.75792378887803 24.221727876185415 -38.222738069366486
301 4214 0.11540261011119293 0 103826.86954071047 -4.99576730641703 -15.671373821686684 42.39062560613972 56.256786440474116 -99.72962659365332 8.777294981668394 44.30621222910207 -10.084898826710145 -29.8185958289899 -5.988168401530864 -76.64603372868837 46.73321039839337 2.4192472041478412 -6.491923401162803 64.89956692929808 30.797765022061235 -9.000199741631729 20.244072746316725 57.013084810024104 46.88110739987002 -45.65148860206991 99.98852902327926 62.82801385293816 20.8388659937929 -56.73553032539897 -82.95259656343507 50.21914015355938 87.40348825646893 19.129408280225007 -49.41521968152804
401 5614 0.0742951787906751 0 73346.70071352414 -4.556969237378659 -4.025008007461372 5.863731101181503 53.898315679843016 -98.202001036149 6.069443126504073 11.603705588069317 9.253324032399544 -45.84682547408744 -13.800665617325798 -76.82235421438372 26.96710337824052 -3.5172937589618485 5.383094798555486 80.06696072671033 17.307650041367975 9.042299097560267 47.93775518920654 59.347812928600405 8.988354314110637 -49.06882280308655 97.57074082979653 51.23566255004961 26.34036592559346 -45.943526761955354 -68.66551117713433 25.5332034872512 72.68059085506553 11.993863630713602 -75.83390385243253
501 7014 0.10505149947155512 0 66452.29002730311 -5.170874388220443 2.0643623647083675 -8.307097536688447 50.277488662054886 -94.15168698328716 6.729599816135173 -5.348412439572286 15.960457852661502 -55.18192686108982 -18.513475740363326 -76.28828988392472 16.47937060400067 -7.648297785730107 10.785547094291381 86.66492987038737 9.915939488026044 19.043022088630114 61.66869246515474 58.88185953711625 -11.065630916328274 -51.853092530984604 92.18839333954809 45.182788945982416 28.38506628570293 -42.7235517190017 -60.17319639084336 11.173849243293404 62.119425556915026 7.828019900732906 -88.22235760542927
601 8414 0.37718787125292685 0 34404.70588453453 -19.631629886026793 10.462345231090358 31.371308702264173 20.835769525731813 -75.8595180939538 23.81431765458106 -17.659773245768463 -5.946182707557499 -81.34949371873165 -29.58666469073013 -75.31959701512874 11.202130307732164 -24.83795108337052 4.882046391529221 82.62909729081304 6.398529731388656 29.904738846919248 69.25427334812738 36.98864566070504 -36.91521624581043 -62.67638659723575 68.94254567179718 37.3190434135906 24.86323693360291 -54.5515961838369 -43.98102880795116 -27.242250798925824 15.968954165241051 -2.8208978384439156 -79.90652223139958
701 9814 0.5801654876742979 0 22332.3209480676 -27.893217929033668 10.64263301399176 35.417174927256546 14.823583281951002 -65.57562534125904 26.97208814214421 -18.121835496525875 -10.679200448948382 -81.17949789832983 -24.714190816197856 -65.88397081459651 -1.4196837685438635 -24.74463960219649 -0.6435414232236152 79.29873580132015 24.803397873628136 34.72685318258936 67.46992491821412 24.863682035540872 -48.91551987666 -58.40103767400393 49.9694962509217 33.42518574046918 32.61763870374985 -42.4393290130855 -35.54796872858241 -53.79337855507313 -2.912913283113262 12.375130816334265 -72.8865330465674
801 11214 0.60350081642283 0 10356.207649504744 -48.04376019759261 12.074752241745703 36.40162018891802 23.57205293238981 -57.5696780620259 10.900956283099642 3.106520801629813 5.593728645042987 -68.05678860054509 -23.238602772770477 -49.06110004565538 0.4401403351806681 -27.77076300138318 2.360116632571899 71.39480546052295 39.35214572849645 41.828671984976374 67.14186943650391 17.362405590908576 -52.72521430878382 -49.59378834295388 28.738198847480295 39.58494758070399 29.507818653077766 -30.998085100088304 -27.363035152983947 -82.7524506771758 -25.69520476849594 43.69151571879443 -63.93164901427943
901 12614 0.6223648903189287 0 3516.404846714059 -63.93436043057896 15.51244353244511 35.67151536145298 35.1021619648218 -55.98869285568543 5.145336170244197 9.418702101402943 -6.188033268682423 -68.5924338373642 -32.19004744690729 -36.63915846035766 9.091913233446764 -13.313653553624373 32.65080244633677 55.6007892650305 33.39638697756813 34.82807760136787 81.74262279011512 11.549158279439087 -66.41941105292759 -22.4237826613905 36.19459454092742 43.27246117255066 11.455549541280083 -32.7186197930308 -30.46192044766887 -76.32223732874454 -42.83051992223973 59.20833374363456 -69.05204741991834
1001 14014 0.51438411274194 0 820.8162402495781 -57.71268605678725 9.017250498423627 37.97456464706082 17.06477984311848 -52.07593108993521 8.711880652375475 4.912989166477217 -3.431115077556991 -58.78331165847923 -42.393289400234536 -27.87986022177387 10.919742463071023 -14.192814331860239 47.96536050929275 63.943015683350616 36.43852969846031 35.00129534582941 79.63850743879944 24.296587888148913 -74.40343493868428 -10.491620672617994 28.026120144989985 38.55612800028164 4.909254299053501 -32.54222142306237 -33.01657849072481 -64.65940494164542 -57.212284421857554 67.01361856020293 -66.00822452147331
1101 15414 0.28853478536831756 0 413.0901942578663 -56.429016301938475 4.753978144430559 36.678680176329394 8.752734098104133 -50.69124994098789 7.482716344374445 5.775775792519028 -2.9463425257782174 -61.67292447815535 -46.388450234797915 -21.187812885758454 13.20588169857112 -13.19208189436519 46.554539112067175 61.68886407006634 36.1003235393361 33.74090396636008 78.56499281783245 20.583428353385067 -75.14089244831987 -4.405269385470984 28.680149457454625 39.36038843838978 10.413024591206169 -35.31624284564619 -30.966185006655262 -58.4068771719225 -53.44294093865566 63.23241742422437 -65.89910754772315
1201 16814 0.19126829166473375 0 318.4966938300965 -54.84030420490631 4.830173014413334 34.92529667697853 7.8064714929450085 -48.95470458731438 7.481515716655285 6.0354320813546 -2.534387483312155 -61.469486479726754 -46.57467568972241 -20.253970728804468 12.635518198574909 -13.646501824217236 46.02807199852293 61.508062819387554 34.95459089109169 33.15522618916207 78.10740652347042 21.551552289111314 -73.32397708741703 -5.4726833828536385 32.220301945196795 37.20055965416392 11.307058238607343 -37.046885569274465 -33.03601772988829 -61.15822838637186 -54.00746808946051 64.0693652704428 -65.8775628221208
1301 18214 0.04566895032597703 0 300.40621996460106 -55.80807730432671 4.706994944687946 35.323186745368815 8.37409301954285 -47.54446377226725 7.280261961412763 6.376330167212814 -2.45226398688064 -61.08122874188883 -47.179142247994065 -21.065890527553922 12.584686865638371 -13.367758632387254 45.9039285942343 61.009848912705806 34.84480525547185 32.60466375120563 77.96187510887331 22.438670720556534 -73.87912035952351 -6.094094462191649 33.09077566584443 36.73097157603428 11.533437275754062 -36.996077439290254 -32.87096123064536 -60.20969607722779 -54.033268677548214 63.41893889148089 -66.0778992547926
1401 19614 0.006639801220646834 0 300.0020742656802 -55.9356620483168 4.545218444179022 35.30546775789618 8.266631216379444 -47.43389058922861 7.302585879835911 6.389459986173762 -2.493786097973838 -61.05774782575946 -47.11838272132391 -21.090668944195208 12.481339319285793 -13.242365737598714 46.10830845167435 61.01753272634411 34.83373562822734 32.65112252371094 77.80129585463035 22.19103387854859 -74.082520985142 -6.158056572884726 33.084223620892445 36.77273867334643 11.41183068583687 -37.02501145501911 -32.982435837587225 -60.28861041504675 -53.881726964394986 63.54565376166599 -66.10613353008767
1501 21014 0.0003172136787041431 0 300.0000027293407 -55.937989697062676 4.543138809899052 35.300227736611646 8.279520955340827 -47.43697116024825 7.302124810738852 6.387507924447192 -2.4980051443207283 -61.05367075242171 -47.13425162070027 -21.076137228551115 12.47967313803338 -13.239038096413973 46.109029975814586 61.014961291110815 34.825944947101966 32.6480062982654 77.81655245218413 22.19610368255256 -74.08387701761401 -6.1761915576036355 33.08382892468743 36.78573695472519 11.412455772030675 -37.03411683145371 -32.98966792335852 -60.28304259452088 -53.888287486070915 63.54038083652631 -66.1082211120158
1601 22414 1.1785267949513973e-05 0 300.0000000038754 -55.93831631057222 4.543056129487173 35.30007584489933 8.279424208313651 -47.4369395240997 7.3021111908538 6.387674387821789 -2.4978249215205244 -61.05356155782146 -47.133999987381735 -21.076188646268715 12.479729877248735 -13.239343243449431 46.108251732084895 61.01474278873696 34.82552287882704 32.648169727980324 77.81650111119153 22.19587139566277 -74.08377459934994 -6.17641675310303 33.08363977332942 36.785355810089776 11.412090647559907 -37.034148844871915 -32.989826019619045 -60.282849070141395 -53.88804895975249 63.54100457665326 -66.10820185950615
1701 23814 3.2743769144009483e-07 0 300.0000000000024 -55.93832627708719 4.54306523299058 35.300070166383406 8.279440644746261 -47.43694283104571 7.3020995211999375 6.387665950751341 -2.4978314430116866 -61.05355717537102 -47.13399651701716 -21.076189473851827 12.479726646413129 -13.239358292669946 46.10822955256737 61.014745155942094 34.8255281402717 32.64817146911645 77.81651618532771 22.195865697044184 -74.08378502279649 -6.176409819616279 33.08364300935417 36.785352075889186 11.412088762795515 -37.03415205315991 -32.9898426308033 -60.28285174893014 -53.88804959749353 63.541018439668214 -66.10819432802522
1735 24290 2.5760920775121418e-08 0 300.0000000000001 -55.93832664207966 4.543065399863353 35.30007015755301 8.279440926712484 -47.436942766457435 7.302099548032353 6.387665957051809 -2.4978314854611527 -61.05355705470229 -47.13399626191196 -21.076189649229732 12.479726399646504 -13.239358181514291 46.1082296225423 61.01474527552281 34.82552789423966 32.648171375195396 77.81651671268973 22.195865830724482 -74.0837850975154 -6.1764096413133585 33.0836428145977 36.78535207490602 11.412088155833786 -37.03415182229313 -32.9898423728209 -60.282851650365984 -53.888050122727996 63.541018089725924 -66.10819445235441
