% # columns="iteration, evaluation, void, void, void, xmean", seed=47, Mon Jul  6 01:07:37 2020, <python>{}</python> # scaling_of_variables: 1, typical_x: 0
1 14 0 0 0 -11.736651707782674 25.509553955098838 -27.02909419771878 -6.639502422740773 -26.23345685082361 -11.528562950697005 -5.884581506987448 -8.243581985456006 -5.900885295186787 35.65741954841408 -6.655968005538501 -4.217023610277973 -32.98406225515556 -15.809014916308014 -2.537371243298253 37.47902879181174 -32.54750475680049 31.740909293163437 -27.393843876627567 14.355496182322822 -20.375514257940903 22.46529301363884 11.65002574809329 11.02880982972983 7.0941007607288595 28.17903646754911 -15.841979872055004 -27.51280566364797 -21.186509214071354 -17.810177840249306
2 28 0 0 0 -18.043501330133427 42.3826714281398 -32.00780399312095 -30.076509633829716 7.837474000208989 6.490167646922227 11.09233480695885 -19.827304494560344 1.6902261716563372 52.41066675814888 -43.09349225760775 -8.007645676359687 -57.926572870980785 -57.137087885534264 6.9256855731306395 18.54921348566061 -56.76403870357196 -22.02328430883198 -46.73136348739055 27.8076719056777 30.222043616484516 21.52271552354416 15.98341409101937 40.82661557992262 -8.313284423641186 48.086020547802256 12.402393110002814 -18.696015348588745 14.46866778301121 -21.47151879343878
3 42 0 0 0 -5.579851317097798 18.915840349221046 -8.63122981289446 -26.16482539554643 -20.18461412251696 -6.687449751255858 -12.515680433482657 -33.83850175476065 -15.791189087305284 12.464384724763995 -44.99722432962271 -2.568405387965371 -41.528148803910454 -47.390905073207705 20.072178866438158 11.71819879630323 -34.24607713522785 -45.186332539945646 -36.942526418442284 61.17288340404799 24.296705052572264 15.38901707311424 26.909482519861598 53.4840471085575 -8.51872037047623 73.40272042585303 -4.973274336472732 -20.09613476130752 -27.307402623660973 -36.775480449097
101 1414 0 0 0 -53.3616236250021 -17.846778350714164 -37.73706223521198 -22.640192441274717 -27.611233502909986 11.325896140728643 -46.87673515841556 -70.67030630423127 -37.4929758905329 -81.3854023586635 -9.330829495982618 23.034650830130488 -0.27555636696161645 37.12205515166418 19.32452410313694 75.77701486109731 -12.054238256288015 -94.47872038275642 -79.6967026563062 2.5281979866005853 -6.597621787793898 22.776619466152813 13.559577490247156 105.10635877341961 65.98350935922323 20.802512866519145 -9.169914645458132 -35.064285531435516 -7.804274491993571 -7.758496406998649
201 2814 0 0 0 -53.315370757896034 -18.022009728936325 -37.58398990714374 -22.70524901668584 -27.566993249326565 11.555305628446652 -46.72713072352762 -70.66610684467446 -37.52203414071579 -81.09377681469854 -9.43304455370066 23.332550844544905 0.06040637970244304 37.30125143775825 19.31691415427219 75.93375143977086 -12.342075002113468 -94.48030105537558 -79.54266900943824 2.5174201639252045 -6.382883076161624 22.55440091718724 13.682158414065926 105.25559774399576 65.83262023185631 20.895786722728435 -9.517093920365653 -35.25174785387769 -7.791526639441832 -7.7334026625161805
301 4214 0 0 0 -53.315990673442386 -18.022802691280393 -37.58457904358689 -22.704834474714737 -27.568072628201605 11.556685017954226 -46.72732012674185 -70.66558089650383 -37.52263461362488 -81.09338726867135 -9.433015252116055 23.331518406101047 0.06066448268134036 37.30060409899727 19.317331705045934 75.93403023933895 -12.341759699967717 -94.47998286389941 -79.5430886104917 2.5175355097086123 -6.382688580592446 22.554259181905707 13.68239873882948 105.25503590780598 65.83304461546568 20.89592058159515 -9.517028799109303 -35.2510925997152 -7.791647993782135 -7.733197897557148
401 5614 0 0 0 -53.31625782279312 -18.02917120697727 -37.589393142702455 -22.699432944112885 -27.572602282337606 11.570551202225202 -46.72745181332914 -70.65898299586114 -37.52735983421502 -81.08462123511268 -9.434446977879029 23.3284737390918 0.06334100454055741 37.29747814764447 19.318332852229936 75.9351281949687 -12.34167814289264 -94.47806310649841 -79.54418243896902 2.5193990279420366 -6.377968843536035 22.552676046624025 13.681304045841172 105.25153956364244 65.83710701855291 20.896037282670896 -9.51459945790171 -35.245106735610726 -7.791676313007765 -7.732801040775708
501 7014 0 0 0 -53.32175820316152 -18.124041851768233 -37.668225013106145 -22.536894166833456 -27.548252406029317 11.868542293573318 -46.63560916654424 -70.59310620831093 -37.8046686352157 -80.80671761005175 -9.490186793462506 23.209115935065856 0.14369278784310086 37.30322770190419 19.360243752923317 75.95074526186076 -12.340064890489423 -94.46467198735799 -79.54611840252096 2.539652133986626 -6.283905085962194 22.6089631428809 13.606732242981492 105.1844968660499 66.04507343110859 20.955786503290813 -9.454426491076344 -35.19844632349694 -7.792751511410677 -7.727816029901618
601 8414 0 0 0 -53.34277145858684 -18.10353577314636 -37.34753594749336 -22.780048827550562 -26.990789995473264 12.912013618206398 -45.98576792082626 -70.58007994408264 -38.25812850721116 -79.37928696492523 -9.653727410515305 22.928773899071555 0.08576263898229132 37.24946353361714 19.295686878846887 75.95774209620791 -12.333025792988229 -94.616747774808 -79.49361049327095 2.5452983666127285 -6.479368774618396 22.507411527992186 13.002790987739322 105.1731856488339 66.8229326973975 20.92690060453912 -9.351581599810846 -35.216337506979094 -7.793858138203344 -7.754467365632679
701 9814 0 0 0 -53.31544354523923 -17.67049823470198 -35.607043247580535 -26.994986696540373 -27.38721970131314 14.188290374761966 -44.82158564073797 -70.59275324378966 -37.72058545326973 -73.72836757849348 -6.854810594323754 21.795781195584624 -0.6296125718474023 35.864170973292254 19.355328699203184 75.50457323849697 -12.33549594504376 -94.64344624525798 -79.69558892526732 2.5376221604169396 -7.624704468430564 22.405727214141958 12.82010230016419 104.78370667095467 67.14525162113871 20.9194913778999 -8.5978913631718 -35.187422959093155 -7.79016073834734 -7.74736574985395
801 11214 0 0 0 -53.34915185607187 -17.626570164391268 -35.96759670735961 -26.763446629362576 -27.984587947564542 14.30436544629792 -44.93782237437823 -70.61809131330037 -38.423114202124985 -73.77735674146342 -6.09336930497723 21.668825497023196 -0.6342377842685051 35.90282437319221 19.3393481832381 75.44567990127597 -12.331774495227757 -94.48673282459048 -79.68057759665498 2.528861712698074 -7.248883947779807 22.434359915214017 13.028680773301199 104.78918821425066 66.91794754146922 20.932943983506558 -8.382856598456533 -35.20409066370882 -7.797430842130987 -7.732163081158053
901 12614 0 0 0 -53.34968436892196 -17.600680753794737 -35.89920805076466 -26.89576337332131 -28.005043994391468 14.522057433036338 -45.02787698459283 -70.61690118009058 -38.600679088029544 -73.84683013099372 -6.097270842273413 21.682112194887285 -0.6145641818504898 36.0036898510515 19.315563783907763 75.43749359615455 -12.33206473104811 -94.45591569725836 -79.68717596331153 2.523740745938204 -7.124946055379257 22.452068841238614 13.048255945904822 105.0366659789981 66.72691711473199 20.91381648283166 -8.470367318551904 -35.2143086242038 -7.797589787594869 -7.729657469314162
1001 14014 0 0 0 -53.34978907174939 -17.612125518979084 -35.86579109331392 -26.96449088654196 -28.000502288005436 14.568353918255788 -45.07478428106099 -70.61710961835624 -38.59306054653982 -73.90146279426585 -6.161914922831631 21.717665877394694 -0.6148593786212854 36.02797616847531 19.327447559785384 75.45829934257584 -12.332122183972603 -94.4897903004029 -79.68879765695762 2.529339427156164 -7.0907259045333095 22.460612184526894 13.054028054124156 105.12591617989312 66.64527682842943 20.911608042532233 -8.525016282353517 -35.20538379603004 -7.797622052215297 -7.738059832604752
1101 15414 0 0 0 -53.349835927164214 -17.623913358347238 -35.80755309716761 -27.03463779044903 -27.960322083340735 14.577382118912075 -45.07080066567337 -70.62602021886116 -38.5974183007553 -73.8908804365798 -6.217792270925574 21.7368916424219 -0.620135844532056 36.055589645939556 19.315505246670096 75.46269692293434 -12.332121877553249 -94.56663447752506 -79.67826416901083 2.537543988590587 -7.103802813744036 22.451589573895518 13.043896481565685 105.20035829979612 66.63320996863966 20.911939752967623 -8.559231285647877 -35.20211887188558 -7.7976225009994184 -7.741992675519212
1201 16814 0 0 0 -53.349801616119095 -17.621405049645606 -35.769514930643254 -27.090405186124276 -28.01738242071647 14.561698635173252 -45.091572107076644 -70.62472235986345 -38.74099084039729 -73.91017155121557 -6.211232280687288 21.726976613222924 -0.6310075020406251 36.13110164343884 19.31772099648799 75.45503390038873 -12.332119535230191 -94.70192558058872 -79.68054242824307 2.536670236026738 -7.030671242367572 22.447317528526913 13.05346651257653 105.33781176006747 66.56700743808896 20.92511254609936 -8.582746745281801 -35.19734041579999 -7.797624945115219 -7.731392560992668
1301 18214 0 0 0 -53.3498038764924 -17.616978896035807 -35.76627407781453 -27.08940547114628 -28.014543117713874 14.546633541420148 -45.091261977318496 -70.62599100306791 -38.74527291355195 -73.91746021873875 -6.21979412575058 21.729070079962682 -0.6314678478856938 36.1348293411039 19.3199302390457 75.45305092964176 -12.332121138505997 -94.71737056172294 -79.67922612703455 2.537550429747723 -7.03171228540939 22.449062801898002 13.044988610645014 105.34898089748584 66.5673369035327 20.92419105778893 -8.583985806934605 -35.19502295332602 -7.797623021620656 -7.731163901484902
1401 19614 0 0 0 -53.349804704884654 -17.613383830985388 -35.7523534945565 -27.080010904138412 -27.992640850676562 14.542477257162986 -45.080449213749695 -70.62231365195728 -38.77251348237071 -73.90395647950123 -6.254517427131086 21.72930877281517 -0.6267090630234623 36.1447284238317 19.322303182401278 75.45264210169753 -12.3321225899232 -94.7823516116992 -79.67225751521006 2.539499651861462 -7.032201866399523 22.452329358969223 12.98949471319402 105.39329311464351 66.59150414308702 20.920475349591065 -8.585049642242714 -35.193105222906134 -7.797623715233064 -7.730372082574559
1501 21014 0 0 0 -53.34962489127629 -17.619718517342154 -35.676750016283016 -27.013942701136415 -28.01584372315229 14.477473278492814 -45.08791166787114 -70.62428775770782 -38.75857785966132 -73.81660084107574 -6.303405938534744 21.76624239525702 -0.6418178216758509 35.95061176934762 19.319872928542967 75.45287906306807 -12.332199851663894 -95.46515353899926 -79.67564661913696 2.515736833857698 -7.054941264498884 22.45725576687001 12.394090610665888 105.64754293319976 66.64005052212549 20.919872153591406 -8.590141118887786 -35.19171470688046 -7.797587355790416 -7.731948969617667
1601 22414 0 0 0 -53.34978878686673 -17.61760093506161 -35.650697406901784 -26.995389250835935 -28.020634401236876 14.510041915934735 -45.102815821367656 -70.62434765566371 -38.744329194641104 -73.83337409560936 -6.227854919466447 21.800474656279775 -0.6296643487970016 35.84193348321332 19.317086801980466 75.45658621151125 -12.33211556349204 -95.77227733123945 -79.68513307132655 2.5431707449782315 -7.106830658900316 22.446656668577816 12.098715002759706 105.7114889904382 66.69771658311743 20.92653508759915 -8.58320496402242 -35.19817111870846 -7.797619740037043 -7.734126943641935
1701 23814 0 0 0 -53.3498067734585 -17.61602632720964 -35.607307193481994 -27.06071747921209 -28.03278407041485 14.538579197340447 -45.102673952529 -70.62323213873216 -38.71716533854942 -73.91453340399106 -6.196525375490454 21.85966761567906 -0.6268437404416684 35.81534566964703 19.31986915702966 75.45276863048902 -12.332119718941582 -95.85195925098128 -79.67981832636171 2.536964809481916 -7.207209137477072 22.45231405634874 11.97721909967101 105.64562829654318 66.79450480158424 20.923388867833275 -8.566683584893637 -35.19594436250995 -7.797622948391236 -7.729892822547798
1801 25214 0 0 0 -53.34980712188852 -17.61607723959491 -35.59943613875154 -27.069870655632865 -28.035162509024524 14.543253468267235 -45.10350560635222 -70.62272013463992 -38.718614835338215 -73.91994612404197 -6.195686842132332 21.863322265550973 -0.6282238254590344 35.813224688257854 19.320010325724787 75.45293337868775 -12.332120615030261 -95.86439848513356 -79.67984915257544 2.536141794061969 -7.2128397043215395 22.451197165776023 11.965725379285539 105.64328429997222 66.79819753402553 20.923358775818144 -8.566929030183795 -35.19591716136042 -7.797623077482261 -7.729764665614148
1901 26614 0 0 0 -53.34980719424483 -17.616439550961136 -35.59373286123044 -27.078068149254083 -28.03587775100735 14.547140371408968 -45.101597329973245 -70.62223429031042 -38.71864812331156 -73.91979167973312 -6.193649315024889 21.864234104493818 -0.627848234492951 35.81113318814109 19.32059590861431 75.45309846095597 -12.33212053527289 -95.86191362009451 -79.67994229851583 2.535183017960577 -7.22163372310779 22.451333605898583 11.9622930161215 105.62764362847619 66.80617350993178 20.92264719001338 -8.563827803950756 -35.19677562394081 -7.797623075886294 -7.730525402784094
2001 28014 0 0 0 -53.34980915696124 -17.61770401888613 -35.570741826622466 -27.087752380930716 -28.04127855823261 14.519554443026694 -45.06830972085196 -70.62497601785199 -38.73871729657993 -73.90341901326502 -6.201981820532751 21.852831134546182 -0.6264091512971998 35.78799554241838 19.321866944300517 75.45498189904556 -12.332119335213628 -95.86464913097254 -79.68061795192644 2.5365876694046974 -7.252969254821107 22.44862125524284 11.94598490636735 105.50583592570858 66.81034350292788 20.923609431351167 -8.547479276774583 -35.19665983821267 -7.797623864826584 -7.732618317621849
2101 29414 0 0 0 -53.349803071207006 -17.617003368844912 -35.525091691972385 -27.082362186328318 -28.05458583596462 14.530523687464697 -45.00363293187519 -70.62385229264308 -38.73928674409091 -73.91631901335354 -6.2210395398041065 21.862248648553688 -0.628123673843552 35.687340925253366 19.317803188141717 75.45456786623944 -12.332120555700639 -95.86874599358735 -79.67883739376813 2.539602200897734 -7.355888225747359 22.452150600612708 11.950092826510375 105.18884777683512 66.8004372066633 20.922151567828436 -8.504761508716372 -35.19723074221141 -7.7976224491642965 -7.730058690799257
2201 30814 0 0 0 -53.34980688602055 -17.61520756060312 -35.49273776020604 -27.075237376554686 -28.037126125566015 14.544674305548789 -44.98258516776169 -70.62322003832561 -38.73704066530074 -73.91467031047712 -6.2196336875342 21.878386346570597 -0.627028384615587 35.63492807276915 19.318721258622585 75.45265830903733 -12.33212035395675 -95.91237505320179 -79.68000785658262 2.5368285433823377 -7.403276885411959 22.450909268548866 11.943300889169572 105.08779312248632 66.78112279008452 20.92270595527106 -8.500330557355602 -35.19663792428179 -7.797622797545179 -7.731365354778176
2301 32214 0 0 0 -53.34980714034181 -17.61564278190666 -35.482241883570616 -27.077507950804804 -28.028606103340856 14.540026485306772 -44.972357322021324 -70.62318017961773 -38.738090656502834 -73.91312985609709 -6.214387775906134 21.882443600216757 -0.627479405373351 35.62791493802899 19.319593408205726 75.45300755858213 -12.332120594365023 -95.91596634327341 -79.67987406116293 2.5366111618782767 -7.417172633716832 22.45124909145348 11.94330555638492 105.05618899507431 66.77763722838402 20.922623336021676 -8.500930599818718 -35.19656310612929 -7.7976230779606475 -7.730702353481214
2401 33614 0 0 0 -53.34980714041251 -17.6156366075692 -35.48210205143886 -27.077222452867414 -28.028477956810583 14.539856531015447 -44.972056294296074 -70.6231438569715 -38.737886837108974 -73.9132132602215 -6.213842076025942 21.882732437583243 -0.6274833425979984 35.6271926890327 19.319645985821175 75.45298406207435 -12.332120597990421 -95.91627003288782 -79.67986263004346 2.536541620827814 -7.418000848381446 22.451254378453168 11.943138054673938 105.05449098192818 66.77770326833529 20.922659824789356 -8.500767629196236 -35.19656520134916 -7.797623078409263 -7.730707514186201
2501 35014 0 0 0 -53.34980714060998 -17.615625703539493 -35.48187492962411 -27.07693744899001 -28.028271672302044 14.539689467192265 -44.97171016255778 -70.62310105812779 -38.73783990231746 -73.91340497569813 -6.213262583342298 21.88308706310056 -0.6275109152926308 35.626541950658535 19.31968753115671 75.45296849642082 -12.332120597937191 -95.91657763148638 -79.67982841135748 2.5364851974065115 -7.418852061975937 22.451293767167876 11.94292693314984 105.05273041447172 66.77775855084757 20.92270107819175 -8.500641553993052 -35.196553045750846 -7.797623078400046 -7.730704865130582
2601 36414 0 0 0 -53.34980714048354 -17.615589559678988 -35.481685072621616 -27.076956200603316 -28.028512187266415 14.540153543645372 -44.971359520037495 -70.62313221113318 -38.738251407951395 -73.91356807819095 -6.2129542561804385 21.882926458230266 -0.6276862124821397 35.626178574793954 19.319742621721367 75.45294738715758 -12.33212059773911 -95.91583465726127 -79.67984448040156 2.536549676474137 -7.419267730559397 22.451385777132362 11.943014945571454 105.05075748523828 66.7779662197461 20.92271206876859 -8.500284234421457 -35.19659500489721 -7.797623078267532 -7.730729532310218
2701 37814 0 0 0 -53.34980714037586 -17.615633665383623 -35.48152361314395 -27.076860197580316 -28.028231973056602 14.540091467815541 -44.97103825000808 -70.62315505830284 -38.73810256583487 -73.91325971551547 -6.212994771903744 21.882778160752974 -0.6277003874196817 35.62593921796232 19.319817123795545 75.45301196695515 -12.33212059798464 -95.91533254038657 -79.67985612934267 2.5365660669135224 -7.419616595222344 22.45128896019579 11.94327625837578 105.04943768560618 66.77804996195717 20.922683528106493 -8.500201217750273 -35.19660473451724 -7.797623078355405 -7.730802868783824
2801 39214 0 0 0 -53.34980714046128 -17.615631302304237 -35.48151963460649 -27.076819926545717 -28.028205415310445 14.540084737504273 -44.97099778609211 -70.62315904053864 -38.73815382079713 -73.9132895082125 -6.213005218358752 21.88278449617487 -0.6277411654613824 35.625992239648276 19.319835782745926 75.45303525404702 -12.332120597966803 -95.91537640924356 -79.67984289300253 2.5365902886209493 -7.4196565340931935 22.451277366185977 11.943071215233875 105.04949305475836 66.77824959656141 20.92267526271365 -8.500204330134874 -35.196592141123396 -7.797623078344976 -7.730779075940517
2901 40614 0 0 0 -53.34980714055825 -17.61563333930529 -35.481557754868454 -27.076744782646934 -28.028160698977633 14.53999973911423 -44.97101283600904 -70.62315791208273 -38.73812293243688 -73.91328178262025 -6.213080489429827 21.882830370519542 -0.6277593088003459 35.62607776721132 19.319838392299264 75.45305597207985 -12.3321205979383 -95.91564897525016 -79.67981916081376 2.536609079969922 -7.419653575476188 22.45126704205339 11.942800738775084 105.049909499243 66.77845107907979 20.922662248418792 -8.50024075175151 -35.1965703019326 -7.797623078386397 -7.73074169263318
3001 42014 0 0 0 -53.349807140638376 -17.61564334732007 -35.48148973820124 -27.076646128809823 -28.028159857489296 14.540034694596057 -44.970859835180384 -70.62316574012269 -38.73807079682606 -73.91312825026665 -6.213103092784372 21.882810784746006 -0.6277592132624116 35.62585597835055 19.31984711985158 75.45302304430045 -12.332120597928151 -95.91577846001869 -79.67980826675911 2.5366374736854906 -7.419814001918585 22.4513114644472 11.942913370716308 105.04942410133755 66.77831226052774 20.922634329200093 -8.500144580702438 -35.19659167598127 -7.797623078400946 -7.730731346595539
3101 43414 0 0 0 -53.349807140612214 -17.615665207958273 -35.481414414740755 -27.07665667505803 -28.028089798563705 14.54004901299851 -44.97081057210722 -70.62316173309367 -38.73810066649622 -73.91309968753846 -6.213119433694224 21.882832151201306 -0.6277690550098736 35.62587920250453 19.319849502292726 75.45302672830124 -12.332120597909684 -95.91576366180855 -79.67979480671423 2.536635673951538 -7.419848162023119 22.451314958228743 11.942984697690983 105.04932888517313 66.7782480702702 20.9226170832883 -8.500182210728065 -35.19659585077604 -7.797623078401196 -7.730727261321014
3201 44814 0 0 0 -53.34980714062248 -17.615665057948714 -35.481436001259276 -27.07666967899354 -28.02811242632105 14.54006251449591 -44.970910373917924 -70.62316053025162 -38.73809910995649 -73.91320502747166 -6.213089523461518 21.882843240875392 -0.6277720718391422 35.626024635366846 19.31984610223567 75.45305058919573 -12.332120597917166 -95.91567528688147 -79.67977958085986 2.5366275429238923 -7.419732947834719 22.45131749152251 11.943091884881628 105.04962730507698 66.77821965084998 20.922609789646728 -8.500255896262054 -35.196626881648726 -7.7976230784038565 -7.730722340902253
3301 46214 0 0 0 -53.349807140618374 -17.61566143428747 -35.48147591044259 -27.076632105143723 -28.0281066553523 14.540037878729578 -44.9709665305343 -70.62317285819756 -38.73811703738277 -73.91322053224431 -6.213086974010556 21.882839868050095 -0.627773679914136 35.62609976392033 19.3198479704967 75.45306614040902 -12.332120597916687 -95.91568564014605 -79.67977990484705 2.5366360819851894 -7.419623252563841 22.45132291476728 11.943155606383044 105.04987213753682 66.77816688480557 20.922614169466268 -8.500304240631321 -35.19661943960545 -7.7976230784030705 -7.730733840460237
3401 47614 0 0 0 -53.34980714062033 -17.61566426758211 -35.48146789029089 -27.076646459332434 -28.028093755529447 14.540059401600049 -44.97098425765878 -70.62317406783836 -38.7381256206167 -73.91321072805616 -6.21306706832126 21.882849516393623 -0.6277729217230261 35.62611934836445 19.319847628293076 75.4530688661979 -12.332120597918419 -95.91571750110516 -79.67977786337842 2.5366358979058394 -7.41960659742837 22.45132733702587 11.943123581388937 105.049963277843 66.77818109675675 20.92261532296551 -8.50032146393415 -35.19661904998295 -7.7976230784036655 -7.730738208251866
3501 49014 0 0 0 -53.34980714062129 -17.615664002482333 -35.48146229812963 -27.076653534029536 -28.028096555947304 14.540060368430058 -44.970986516040924 -70.62317176554349 -38.73811291341898 -73.9131990551723 -6.213055252217507 21.882859412393145 -0.6277721823707783 35.62610626231309 19.319845388090883 75.45306943955026 -12.33212059791744 -95.91576720402236 -79.6797761456406 2.5366376459100333 -7.4196125256068965 22.451327787650786 11.943087517472373 105.04999239550209 66.7781824447342 20.92261571645666 -8.500324707927067 -35.196622680601074 -7.797623078403879 -7.730736733433252
3601 50414 0 0 0 -53.34980714062156 -17.615663056357846 -35.481463400045484 -27.076655412250027 -28.028103992339496 14.5400549234027 -44.97098435059899 -70.62317004693129 -38.73811397052316 -73.91318967959239 -6.2130540669069045 21.882858640289804 -0.6277748563688924 35.62609799242782 19.319844485802136 75.45307115479812 -12.332120597917502 -95.91578032420331 -79.67977674830864 2.5366402482013974 -7.419606783519619 22.451325782868324 11.943080533894522 105.04998923208456 66.77816919360399 20.922617531023327 -8.500325276348748 -35.19662221913904 -7.797623078403838 -7.730738520294778
3628 50792 0 0 0 -53.3498071406215 -17.61566310399173 -35.48146346667115 -27.07665539668759 -28.028103924046004 14.540054733453085 -44.97098436906393 -70.62316997737038 -38.73811415777424 -73.91318956438931 -6.213054348419522 21.882858626489423 -0.6277749463675322 35.6260983155377 19.319844482202946 75.45307122613943 -12.3321205979175 -95.91578018910562 -79.67977671320831 2.5366402487503574 -7.419606463887789 22.451325707626932 11.943080632885199 105.04998962729834 66.77816902021979 20.922617523287773 -8.500325470148194 -35.1966221496086 -7.7976230784038245 -7.730738552065823
