% # columns="iter, evals, sigma, 0, fitness, xbest" seed=40, Mon Jul  6 00:58:37 2020, <python>{}</python>
1 14 50 0 12014.415953421027 41.83246207437368 -38.054876370037114 17.344287057580694 -22.873290501803744 50.388948123156375 -72.68996773345138 -86.27494479494976 -15.176382726769699 -76.56350075620087 44.30899074513949 -0.07920289182766808 -50.94528944342584 32.213642593423096 -14.714385611977518 72.40726500419115 7.67827662784397 -0.7416378864275669 74.5509740788718 20.57174763494344 -41.093291163205414 6.187579385591986 -83.20944714084739 79.60072107953316 96.45240751722547 -11.679693061539485 -6.343682140305239 43.73430523220705 5.175230772127285 47.161556831681004 9.757340858296782
2 28 52.26662284366734 0 6219.541565289142 76.12335991663504 -89.82862378731703 11.910431019847586 -4.731804684444093 24.475956617430054 -3.6849044623511986 -52.536462815293895 -83.92120045437552 -52.85499531931144 17.794532447764382 60.66101157771082 -69.68616465794565 57.94342436648293 -82.5137584470103 -95.87524421346373 47.40656923903573 8.66800703139057 -56.69812154422952 -50.688295044841595 -98.92947040640543 -38.2248693028346 22.537277259573465 65.6418502545293 37.94355533916505 7.475547789450719 8.766020377181121 98.95567343053294 -26.265439902425147 -60.417324997325295 -88.29304939038674
3 42 52.73213151249441 0 7005.579420827899 99.99462599765428 -55.01320808591636 2.0429456424734562 30.551256020845805 -31.578608692135113 -73.65521598313889 -94.51860753412242 24.731637063003184 19.45271426911944 78.75534198048243 2.1192152933575272 -16.224057072413174 -10.840990582782092 -29.026489082853757 -73.38209456204433 26.466108397233256 8.97047013041378 35.619626189383474 -82.8458367265886 -38.3012485733032 -21.993791691857393 52.40558102557732 46.29763746550586 5.2291879319872905 2.714856328526091 2.1629728815316285 -37.81970040390452 93.25124014730805 3.804675679665509 -51.845340528436665
101 1414 0.15673990953451983 0 3678.6783769352755 78.56260556958777 -94.28785120612659 40.419700880615835 -98.17667061947878 48.45122612999327 -71.53975295426449 -69.97390444529415 -69.19403551168496 -52.64838355346535 34.47982764042075 52.25316946758272 51.64203175229525 22.8480830764415 -63.2626283246015 72.14934937096865 49.055360495983734 -17.783685939088866 11.34651430204766 -74.72075210829078 -33.56838424045437 -97.87955793745854 -13.291520353987623 83.18329258404248 28.375252345016246 -81.47319260079726 60.17484001811565 -21.444865822969035 60.46441362995089 -23.06068112297924 -54.77467565864644
201 2814 0.20326395800694758 0 3566.809024282332 68.81355365179903 -90.67126829876598 40.17820408533826 -98.38595103258292 25.58883973944807 -64.72573853988999 -57.74182933057517 -67.26876037924589 -52.65534529449238 38.863950071658884 52.295991175217935 51.7882531259364 18.373750816291327 -76.2690484054751 71.769557331998 42.301100117294254 -17.67143519285134 24.464303597824063 -74.5850698408755 -37.83814481893284 -99.8274882277583 -13.351059325320938 80.82350746958849 31.529837097936788 -80.62509818640356 60.05160365848005 -16.582471148294932 60.764828586653806 -33.1082132883046 -56.794431802456046
301 4214 0.16020828102377216 0 3521.8113347834815 61.55753695924301 -90.44326673654368 49.811780500590736 -98.32142295033778 19.690131003883252 -55.82161667653953 -43.6139735834889 -61.322546398928125 -52.72068920571155 47.628402329351516 52.379081546806816 51.64810291579973 23.090689129568798 -76.11995356019669 71.94915159679054 41.08723934718072 -17.61228624297309 29.807812494275172 -74.68694494044858 -45.5865494737246 -99.85965828385052 -13.46606697957468 81.98287224037477 39.1668784916638 -75.19204429178185 60.165066449553066 -14.664182666204743 58.176079926006096 -35.681509403029736 -54.186703756099874
401 5614 0.30827858719613743 0 3473.1768205912713 43.95884492909059 -97.37439669859121 78.50053206791574 -98.29643937608189 22.87721931431983 -59.73172304454948 -12.046737583100196 -46.65894784751758 -52.48429095371216 64.31526329141977 52.45491854772725 51.69680230221054 36.69355274905817 -77.3591713951574 72.05268299205424 33.71697097034892 -17.575210117194914 22.39404618121104 -74.7151181302089 -62.57006128213428 -99.88002575023071 -13.287081431210499 86.4936873182061 53.44987403421511 -65.58856111089544 60.124136701637276 -9.09402382261921 54.728219425126824 -32.30507320678137 -53.425006551240074
501 7014 0.17487170630404106 0 3427.9872452881773 37.01306909162551 -93.64154597185387 90.50847125480225 -98.21522077660586 23.413118440191653 -62.40577249539143 24.141546407261643 -40.1725974257847 -52.679503412598905 73.27366077301092 52.25208836757552 51.70867406449249 34.13201835187396 -81.47492155349381 71.94095956964247 25.863054283622027 -17.532182971850254 21.39326801858744 -74.57744109130496 -68.05707800481626 -99.33711435987553 -13.368089952627951 99.28665139519534 41.24664268067003 -48.77159506116057 60.211768031045104 5.99774689683659 51.40216545320329 -36.13511895124456 -53.08670603000722
601 8414 0.13367761456449093 0 3418.461811573366 29.99033578362145 -85.37146852155944 91.65490619686241 -98.18882947432962 22.096266799712264 -63.1577653646462 33.150425434770256 -36.43218625412899 -52.70635780538768 72.73220978260893 52.266456880625945 51.72544085116955 29.02649101514978 -74.10682410949023 71.97570758063665 16.502780935485347 -17.6129451499323 22.82484432138218 -74.54006781302185 -66.16227375839861 -99.97166119225086 -13.410671176848876 99.81119043524808 38.01596701153833 -36.54672184436053 60.179030049342295 15.559618747296549 50.0568600379274 -36.95476494752312 -52.290256695421945
701 9814 0.00042106711899151544 0 3412.4904796340834 31.565762947934264 -78.97108651998302 96.49798344953044 -98.21904556057494 19.94953018215446 -63.98829339002188 44.27946585960035 -31.171381244231394 -52.696779487854 73.18713426592811 52.224166602206495 51.722773037977895 25.324586637332445 -73.81529340406907 71.97058612359649 7.2735257113427085 -17.69148716169135 21.67406222921448 -74.55023553000694 -67.69724856592894 -98.26548694500363 -13.353731407546423 99.95049775974198 38.25126567596442 -26.21182429037524 60.12843867091952 23.11162508016325 48.85876835263302 -36.9370014307641 -56.33705070163562
801 11214 4.476846899814195e-09 0 3412.481183667563 31.56528170195109 -78.97033828584117 96.50014349171106 -98.21927525985475 19.948319791022662 -63.98976687532307 44.28111102133488 -31.170654440028994 -52.696606808453936 73.18702850412139 52.22420656183627 51.72267776481634 25.325546549039313 -73.81475274034514 71.97078392121706 7.272642148424864 -17.69139821433584 21.67155499436293 -74.55029303733262 -67.69720282176092 -98.26484460699065 -13.353771585016618 99.95038834404414 38.251762844178415 -26.20908865351139 60.128687124567286 23.112105629579375 48.857710323180264 -36.936032864796225 -56.338234359628586
874 12236 2.061641164693977e-12 0 3412.4811602561076 31.565281714006968 -78.97033827426594 96.500143490161 -98.21927525947679 19.94831981096642 -63.98976689259319 44.28111102360634 -31.17065443853553 -52.696606810003516 73.18702849907785 52.224206561950794 51.722677763436266 25.325546542404865 -73.81475274349152 71.97078392315252 7.272642142989095 -17.691398211813635 21.671554976928974 -74.55029303827179 -67.69720282011367 -98.26484461661701 -13.353771586287776 99.95038834461867 38.25176282593007 -26.209088645657907 60.128687125698484 23.11210562818219 48.85771033223087 -36.936032852494954 -56.33823436306374
