% # columns="iteration, evaluation, sigma, axis ratio, bestever, best, median, worst objective function value, further objective values of best", seed=36, Mon Jul  6 16:14:31 2020, <python>{}</python>
1 15 51.528450397871175 1.0000490012005196 257056.69274013964 2.5705669274013964e+05 38530122.57912651 2845648556.9630866   
2 30 54.488034924240665 1.0393629681036216 236636.7615972821 2.3663676159728211e+05 10526930.240088029 36961352.66014942   
3 45 60.02327499559666 1.0504815107646481 236636.7615972821 6.8728604606393119e+05 22610228.82496104 1920244377.266019   
101 1515 3.5290370577524945 1.6070448433335627 5731.408898269846 5.9795003893468911e+03 6628.771528697841 7833.4495223381655   
201 3015 0.10151523611535646 2.3832596363513896 4817.6930123607945 4.8176930123607945e+03 4821.568812807884 4827.124370022617   
301 4515 0.023461768885934868 3.2199836794663446 4803.336543336059 4.8033365433360586e+03 4804.016275335529 4805.152973595873   
401 6015 0.14801617222436889 6.39734318643584 4767.067146040019 4.7724049459907319e+03 4778.458077420266 4785.6625752825   
501 7515 0.07660554819069007 7.191607298134415 4694.057344469909 4.6940573444699094e+03 4696.867881801087 4701.699869260123   
601 9015 0.018037907184582737 8.392519197932355 4680.872195602455 4.6808721956024547e+03 4681.728137503247 4688.962752950914   
701 10515 0.019384969382246948 9.181471245902607 4671.783506129001 4.6717835061290007e+03 4672.233191086407 4679.820692222701   
801 12015 0.012120999337650984 13.197637292235749 4661.4344698871555 4.6614344698871555e+03 4661.629980832569 4669.374202561205   
901 13515 0.00857069691251696 18.982865698427094 4652.237862295535 4.6522378622955348e+03 4652.375423890273 4659.93334606671   
1001 15015 0.010597899944756498 19.983829862069026 4648.780953184703 4.6487809531847033e+03 4649.080115475201 4656.822628982224   
1101 16515 0.01947875217639078 26.2404755800463 4629.267279005835 4.6292672790058350e+03 4629.62166120905 4637.49345977789   
1201 18015 0.01102524042793618 25.392092751032205 4625.323238812229 4.6253232388122287e+03 4625.5736589840335 4633.429714491962   
1301 19515 0.010744173142767221 27.5697508763342 4620.727531727875 4.6208075580085588e+03 4621.040375806814 4636.498758336415   
1401 21015 0.005751525639657621 26.05697853650254 4618.000768313032 4.6180007683130316e+03 4618.070983022992 4625.984681345613   
1501 22515 0.0034115851820371358 26.48050986186031 4616.66622188223 4.6166848839511149e+03 4616.723707326085 4624.6100193472475   
1601 24015 0.019291380381912374 29.745860938600853 4612.654654503458 4.6126546545034580e+03 4620.703552133569 4628.789819479709   
1701 25515 0.0010294897358577911 28.979357059025517 4611.82806693121 4.6118300983909876e+03 4611.838526439758 4627.763356954758   
1801 27015 0.0008017137033953116 28.155589918581924 4611.695801940974 4.6116996456309234e+03 4611.714832468013 4627.619171198676   
1901 28515 0.0016177744978148744 29.491397232695903 4611.444400645793 4.6114444006457934e+03 4611.492300523213 4627.377922907543   
2001 30015 0.013653225497714663 33.41045308572768 4609.418367275717 4.6094227454310858e+03 4609.807168348307 4617.393198705359   
2101 31515 0.009283238401221767 33.309222091360624 4607.084575653255 4.6071132875769181e+03 4607.246077700771 4615.124946000787   
2201 33015 0.002802251082050425 32.20597097389556 4606.489019264151 4.6064890192641506e+03 4606.523114085842 4614.459641200761   
2301 34515 0.015965541430133037 35.57369482867425 4604.830730575164 4.6048652666368635e+03 4604.9514756186745 4612.886632190173   
2401 36015 0.01016776726628108 49.83946414203817 4594.523499598411 4.5945641057241355e+03 4594.719660128323 4602.55168110134   
2501 37515 0.0022910564950625032 45.236971400907045 4593.564766711955 4.5935779798763160e+03 4593.610590836248 4601.541712230169   
2601 39015 0.003926778101009575 43.11487186285306 4592.744331890039 4.5927443318900387e+03 4592.804331418229 4608.653737396726   
2701 40515 0.0012493731517367497 44.185653099673814 4592.219447745665 4.5922194477456651e+03 4592.2347887787755 4592.247140891819   
2801 42015 0.007938949183236328 41.616680586533114 4591.907098106862 4.5919070981068617e+03 4592.076615494183 4607.870380545606   
2901 43515 0.0002732212742353234 41.52949037467467 4591.5843402084365 4.5915843402084365e+03 4591.588695140421 4599.503536001131   
3001 45015 0.0008485889633904581 40.884373283916986 4591.539031891769 4.5915390318917689e+03 4591.555517896964 4599.468204243649   
3101 46515 0.0002637105560568935 46.53689409891813 4591.433302041491 4.5914333020414906e+03 4591.435555291175 4599.350568435388   
3201 48015 0.0011621796586816621 64.89103848660967 4591.327804565751 4.5913278045657507e+03 4591.344483039734 4591.35009719307   
3301 49515 0.00012345242742753957 68.67615212461038 4591.1851010897635 4.5911852414069199e+03 4591.186096923794 4591.188227366414   
3401 51015 5.7477651484150656e-05 61.35822128392366 4591.176443630866 4.5911764436308658e+03 4591.176725947104 4599.0923879767   
3501 52515 2.9438657002010845e-05 61.25833764261913 4591.16336244716 4.5911635338407123e+03 4591.163827855253 4606.994504567132   
3601 54015 0.00012687684929099094 63.420195011181576 4591.109239357806 4.5911092393578056e+03 4591.1100639558235 4599.025467832555   
3701 55515 0.0001229759648531845 77.87304338061945 4591.097757522124 4.5910977575221241e+03 4591.0989093717835 4599.015007029184   
3801 57015 0.0003877736321673696 94.69375764818598 4591.061810670676 4.5910618106706761e+03 4591.065407571673 4598.984387729706   
3901 58515 1.28697049419461e-05 103.31293844160245 4591.05588602683 4.5910559569982624e+03 4591.056062516082 4598.974631942441   
4001 60015 0.0005546764030164203 130.80896591117002 4591.022815141057 4.5910228151410574e+03 4591.025963805788 4598.943386121625   
4101 61515 3.2495410343803526e-05 137.10702664882987 4591.011438352592 4.5910114587477037e+03 4591.011554656403 4598.931245542783   
4201 63015 0.00092875261947199 149.88042703496004 4590.975097033861 4.5909779726560646e+03 4590.9818178302085 4598.90485124626   
4301 64515 0.0003412904327189417 163.08974388532457 4590.94118988178 4.5909411898817798e+03 4590.943301444911 4598.862518703332   
4401 66015 0.0014784047099100246 179.45337314593704 4590.89255010706 4.5908942672093344e+03 4590.902103483991 4598.81745653387   
4501 67515 0.00029167583947055083 191.65796494701073 4590.836316722649 4.5908363167226489e+03 4590.839514085887 4598.760654417251   
4601 69015 2.481382381523114e-05 217.9353903175485 4590.833681333443 4.5908336813334427e+03 4590.833823759142 4606.6715138491   
4701 70515 0.00019589141965273803 285.97759470010567 4590.8176738338425 4.5908177304005412e+03 4590.818221955587 4598.737877111736   
4801 72015 0.000642416792478078 297.53610212714216 4590.801063732979 4.5908018644931080e+03 4590.803472707761 4598.724281436633   
4901 73515 0.00028110849466219144 310.80126556587385 4590.782617991008 4.5907826179910080e+03 4590.783565029755 4598.70258266574   
5001 75015 0.0007817485882916671 341.4215283768522 4590.766022241542 4.5907670702124205e+03 4590.769779760812 4598.690558441405   
5101 76515 0.000564397914987382 356.6343982457046 4590.749250271799 4.5907496347781052e+03 4590.751067895737 4598.66989993153   
5201 78015 0.00021724066682863704 393.72444671417446 4590.728405686208 4.5907284056862081e+03 4590.728947850311 4598.6452225183475   
5301 79515 0.0006944484893400896 422.64840030436096 4590.717606876853 4.5907179927457946e+03 4590.7194462030275 4598.634375669764   
5401 81015 0.0008515314641183638 440.91758007631114 4590.688378227549 4.5906883782275490e+03 4590.691077345045 4606.518382013939   
5501 82515 0.000134257413979037 477.461511266872 4590.673291015277 4.5906732910152768e+03 4590.673492091217 4598.588131208539   
5601 84015 0.00017304478441384667 543.764066225951 4590.668285630278 4.5906682856302778e+03 4590.66876591582 4598.582987693537   
5701 85515 0.00031482389631335887 616.7222126412183 4590.657789708181 4.5906578604672368e+03 4590.658404552169 4598.57178705084   
5801 87015 0.000748049520681186 686.8558755207843 4590.642406964231 4.5906424069642308e+03 4590.644134898521 4598.555568447628   
5901 88515 0.00026720618841976235 746.1606547280147 4590.63550375439 4.5906355037543899e+03 4590.635907914813 4598.548560090167   
6001 90015 0.00022557397831275176 850.4592704442862 4590.627576868544 4.5906276169797165e+03 4590.627941753789 4598.540219019391   
6101 91515 0.0005595518763902432 959.6551961192599 4590.621726985281 4.5906219787288592e+03 4590.623535436114 4606.447336558947   
6201 93015 0.0001820258330322183 1071.159948963009 4590.6163258872075 4.5906163863288921e+03 4590.616678467462 4598.528919636732   
6301 94515 0.000706071845469098 1183.3498584905649 4590.609253024866 4.5906095870733780e+03 4590.610130626046 4598.522840831791   
6401 96015 0.0006710081550255747 1215.9415211897826 4590.595866846481 4.5905958668464809e+03 4590.596567070579 4598.50818080189   
6501 97515 0.0006453083933483651 1222.972268468294 4590.580229823883 4.5905802298238832e+03 4590.580891513088 4598.492274490117   
6601 99015 0.00013011410833357586 1317.2875078172226 4590.571881270967 4.5905718812709674e+03 4590.572125735393 4598.4834680955455   
6701 100515 0.000418133888119343 1555.087045049989 4590.565538199937 4.5905656225879575e+03 4590.56596158649 4598.477170134554   
6801 102015 0.0003881178604297467 1704.3125174104239 4590.55859989905 4.5905586891752146e+03 4590.559088896836 4598.470632990315   
6901 103515 0.0007494464267769542 1799.1311532265365 4590.55057359624 4.5905507185331289e+03 4590.551092306306 4598.463080821124   
7001 105015 0.0008215101556550837 1846.7024527232277 4590.532503218656 4.5905326715846568e+03 4590.533590199906 4606.359028493032   
7101 106515 0.0016653635730799017 2041.7768372508888 4590.514155439579 4.5905147803184655e+03 4590.5153403417335 4590.516393531643   
7201 108015 0.0004844992866201927 2061.493810676507 4590.497972571533 4.5904979725715330e+03 4590.498365437663 4598.4111213359265   
7301 109515 0.0007166378698846577 2201.4868227893257 4590.486933430102 4.5904869334301020e+03 4590.487234331014 4598.400517949638   
7401 111015 0.0009692648030913612 2315.1762428612624 4590.474461124758 4.5904744611247579e+03 4590.475138099729 4590.475961553337   
7501 112515 0.0011834737747930754 2334.3605894375887 4590.458447466643 4.5904584474666426e+03 4590.45888837452 4598.3722557167375   
7601 114015 0.00081392994531405 2375.8365079810233 4590.4461915673255 4.5904463574313841e+03 4590.447064041278 4598.360848299598   
7701 115515 0.0019694879732055468 2588.321012165418 4590.414221282226 4.5904142212822262e+03 4590.416636578751 4590.4183819825375   
7801 117015 0.0010570732046337255 2741.094405368818 4590.397702079585 4.5903977504686281e+03 4590.3985134427 4598.310831579171   
7901 118515 0.0006044708199318497 2944.009794403829 4590.389459164953 4.5903897589391545e+03 4590.389954132237 4598.301615533483   
8001 120015 0.0003088167679739641 3117.951301621322 4590.3857630910625 4.5903857630910625e+03 4590.385913971755 4598.296879008991   
8101 121515 0.0001440643563322719 3309.8066000689278 4590.382259132698 4.5903822714122707e+03 4590.38231327038 4598.292710306669   
8201 123015 0.00028945714645229015 3662.299377562861 4590.380675549164 4.5903806755491642e+03 4590.3807482975435 4598.290744876506   
8301 124515 9.254944406862261e-05 4179.300455985332 4590.379703283093 4.5903797032830926e+03 4590.3797596366385 4598.289388977554   
8401 126015 0.0005087877992221394 4522.884671558449 4590.377320342148 4.5903774312424994e+03 4590.377590850469 4598.286933056979   
8501 127515 0.00035050164095430224 4971.09334837062 4590.375034616228 4.5903751028696270e+03 4590.3752209087725 4590.375344539739   
8601 129015 0.00038612722144654133 5321.287052683594 4590.372475966291 4.5903724759662909e+03 4590.3725877423785 4598.281382424491   
8701 130515 0.0002810702077830579 5627.061185827995 4590.3709057053275 4.5903709057053275e+03 4590.371011734249 4590.371112252855   
8801 132015 0.00017672717161267 5718.877553052324 4590.369516066656 4.5903695160666557e+03 4590.3695509854115 4598.278856505765   
8901 133515 0.00012629402195713578 6116.923166692017 4590.368929429774 4.5903689294297737e+03 4590.368965221378 4590.368991354982   
9001 135015 0.00013491284215567468 6553.3200297552285 4590.368000423488 4.5903680004234884e+03 4590.36803530796 4598.2775269189315   
9101 136515 0.00019804401156241493 7221.948226176672 4590.3670724886615 4.5903670724886615e+03 4590.367136015447 4598.2766787741075   
9201 138015 0.000705681985574595 7591.703383698854 4590.364135210519 4.5903641680609471e+03 4590.36429204741 4598.274226505638   
9301 139515 0.00022921810907837646 8161.03995227169 4590.362160862913 4.5903621722111548e+03 4590.36222231574 4606.181244015603   
9401 141015 9.955729804315119e-05 8825.405846171792 4590.361803385447 4.5903618096108039e+03 4590.36182480419 4598.271230640537   
9501 142515 5.987120610277136e-05 8928.730391611689 4590.361468379759 4.5903614683797587e+03 4590.361473112648 4598.270784761841   
9601 144015 9.604779347408217e-05 9508.643172334112 4590.361350711338 4.5903613507113378e+03 4590.36136498206 4598.270662919826   
9701 145515 0.00010151463788996207 10423.751677466778 4590.361116367988 4.5903611163679880e+03 4590.361136545935 4598.270395453837   
9801 147015 6.720288218619576e-05 10978.449653276448 4590.360906625092 4.5903609066250920e+03 4590.360911487862 4590.360920902955   
9901 148515 4.043088880029724e-05 11573.800233907852 4590.360843204537 4.5903608432045366e+03 4590.360847576831 4606.179119673239   
10001 150015 1.1397202009069865e-05 12067.528861720517 4590.3607800217105 4.5903607800217105e+03 4590.360781732123 4590.36078304454   
10101 151515 8.126778763130788e-06 13700.956935698008 4590.360764226207 4.5903607648952893e+03 4590.36076609502 4606.178953773807   
10201 153015 7.848997146998977e-05 14664.77787107555 4590.360688428678 4.5903606895578532e+03 4590.3606949220375 4598.269775775335   
10301 154515 1.4050288886146988e-05 15195.16825209308 4590.360558911661 4.5903605589116614e+03 4590.360560131435 4590.36056166936   
10401 156015 3.4915869259915676e-05 16335.03141550678 4590.360493627567 4.5903604936275669e+03 4590.360496725316 4598.269474764906   
10501 157515 3.215651532515333e-05 17282.258545224664 4590.360461386484 4.5903604613864836e+03 4590.3604640623025 4598.269418475229   
10601 159015 2.595626976252916e-05 19491.38640319344 4590.360421330828 4.5903604216491631e+03 4590.360422821176 4598.269371293709   
10701 160515 0.0001698632949335512 19827.804587546198 4590.360292285975 4.5903602930589768e+03 4590.360300421507 4598.26930371018   
10801 162015 7.983035711580817e-05 21034.46224764494 4590.360027915801 4.5903600279835100e+03 4590.3600326323785 4590.360035852444   
10901 163515 1.2204000052321575e-05 21955.404619662793 4590.359979228904 4.5903599792289042e+03 4590.3599796613225 4590.359980386373   
11001 165015 0.00010243953165495033 23032.19903735833 4590.359955072229 4.5903599558825617e+03 4590.3599611653335 4598.269038975648   
11101 166515 0.00011551695868452354 24475.36794570702 4590.3598507768575 4.5903598507768575e+03 4590.3598597132905 4598.268943544634   
11201 168015 8.730765627961439e-05 26196.433583338945 4590.359701143083 4.5903597011430829e+03 4590.359706810654 4598.268801909947   
11301 169515 0.0001235876584739413 27825.767206289744 4590.359652795003 4.5903596533539439e+03 4590.359659559074 4598.268847727601   
11401 171015 7.588007741112929e-05 28657.344928709546 4590.359595154498 4.5903595951544976e+03 4590.359599937893 4598.268821976084   
11501 172515 9.006100159127101e-05 29939.350777921245 4590.3594998053195 4.5903595026550047e+03 4590.359509261 4598.2687922051   
11601 174015 6.708683701957344e-05 31270.811385993937 4590.359307470781 4.5903593074707805e+03 4590.359312346231 4598.268584276661   
11701 175515 9.755329456840544e-06 33766.50722689974 4590.35927477571 4.5903592747757102e+03 4590.359275005407 4598.2685932106215   
11801 177015 9.209733166882937e-07 36243.64792782137 4590.359273598563 4.5903592735985630e+03 4590.359273648562 4598.268590345984   
11901 178515 2.100482404967178e-06 40395.18461127408 4590.359272609414 4.5903592726094139e+03 4590.359272729718 4590.359272846819   
12001 180015 4.237551141595934e-07 46199.35904215887 4590.359271846206 4.5903592718497675e+03 4590.3592718563195 4598.268597501084   
12101 181515 9.092057070205903e-07 51090.631822267795 4590.359271715829 4.5903592717190677e+03 4590.35927173576 4598.26859711056   
12201 183015 1.6558847663638404e-06 56813.94610216894 4590.359270361532 4.5903592703634758e+03 4590.359270396639 4598.268598719189   
12301 184515 1.8178783652068156e-06 59383.684470430315 4590.359269661385 4.5903592696613850e+03 4590.359269718185 4606.177921958992   
12401 186015 1.231962442206441e-06 62855.1526048968 4590.359268991138 4.5903592689911384e+03 4590.359269020132 4590.359269042392   
12501 187515 3.11435503578735e-06 69942.18772281517 4590.359268283639 4.5903592682836388e+03 4590.359268364992 4598.26860213665   
12601 189015 2.8809162012107778e-05 72796.15052509266 4590.35926095629 4.5903592611310560e+03 4590.359261981779 4598.26862767467   
12701 190515 9.133693117907068e-05 75080.21047063495 4590.3592335132125 4.5903592340432178e+03 4590.359235798418 4598.268587527703   
12801 192015 1.6152188718228704e-05 74408.94836911751 4590.35921363777 4.5903592136377702e+03 4590.359213887183 4590.359214076615   
12901 193515 2.859011341263263e-06 76248.67106643686 4590.359211771117 4.5903592117711169e+03 4590.359211806424 4598.268556076566   
13001 195015 1.610993861557052e-06 79622.44462037164 4590.359211118019 4.5903592111264397e+03 4590.3592111407415 4598.268555119721   
13101 196515 4.760733827461617e-06 88528.60122821154 4590.359210789477 4.5903592107929926e+03 4590.359210832254 4598.268559064741   
13201 198015 3.518749004929882e-07 94980.81628977915 4590.359210541763 4.5903592105417629e+03 4590.359210547738 4598.26855770799   
13301 199515 1.1436950919527075e-06 102250.6287527405 4590.35921029005 4.5903592102920884e+03 4590.35921029825 4606.177905774273   
13401 201015 3.554557820929278e-06 112402.0014850551 4590.35921004233 4.5903592100477181e+03 4590.359210075405 4606.177901603422   
13501 202515 2.263445015869421e-06 124606.23235669112 4590.359209649083 4.5903592096514094e+03 4590.359209681121 4598.268559986223   
13601 204015 4.683690734793092e-06 137819.8434381089 4590.359209138516 4.5903592091385162e+03 4590.359209193191 4606.1779116035705   
13701 205515 1.2211422865145844e-05 139785.79872035736 4590.359207313021 4.5903592073130212e+03 4590.359207495253 4598.268562950313   
13801 207015 7.305150966114363e-05 144336.15469521403 4590.359199458177 4.5903591994581766e+03 4590.359201635154 4598.26856697159   
13901 208515 5.8315673552732015e-05 142501.28463331398 4590.359177382479 4.5903591773824792e+03 4590.359178232535 4590.359179987849   
14001 210015 1.873624873365834e-05 142002.3243335728 4590.359163311343 4.5903591633113429e+03 4590.359163516368 4590.359163746101   
14101 211515 5.055450487267057e-06 154942.57658125527 4590.359161467245 4.5903591614672450e+03 4590.359161496432 4598.268507147782   
14201 213015 6.345667904995553e-07 165839.39947783342 4590.359161302716 4.5903591613027156e+03 4590.359161307312 4598.268507994372   
14301 214515 1.409248858748014e-06 178180.79602950063 4590.359161191775 4.5903591611951488e+03 4590.359161202039 4598.268507891296   
14401 216015 2.5382954194476115e-06 198974.03449365817 4590.359161067289 4.5903591610675949e+03 4590.359161078211 4598.268508544573   
14501 217515 2.2063046079036508e-07 224777.43986137 4590.359161014401 4.5903591610151079e+03 4590.359161015762 4606.177856503187   
14601 219015 4.6145611241029787e-07 266177.4748530711 4590.359160997112 4.5903591609971118e+03 4590.359161000255 4598.268509263522   
14701 220515 2.1019264112589795e-07 302939.4172451546 4590.359160966697 4.5903591609668174e+03 4590.359160967242 4598.268510199241   
14801 222015 5.656018871580296e-07 341008.66299178783 4590.359160944248 4.5903591609452524e+03 4590.359160947354 4598.268510569278   
14901 223515 1.2285663091127607e-06 374565.87222336844 4590.359160905162 4.5903591609051618e+03 4590.359160909225 4598.268510713118   
15001 225015 1.1481211443695047e-06 398676.0595656002 4590.359160848001 4.5903591608489041e+03 4590.359160851729 4598.26851144483   
15101 226515 1.9157370569791297e-06 416660.2487101747 4590.359160679247 4.5903591606792470e+03 4590.359160689271 4598.268514375519   
15201 228015 5.6754588071470435e-06 432785.6183247815 4590.359160400345 4.5903591604003450e+03 4590.359160430705 4598.2685171712255   
15301 229515 1.573035401068504e-05 435372.4128707435 4590.359159565909 4.5903591595993075e+03 4590.359159637316 4598.268528324882   
15401 231015 1.0405897328689299e-05 462862.0301946314 4590.359158916142 4.5903591589161424e+03 4590.3591589512 4598.268538584198   
15501 232515 1.8382247479515747e-06 480996.55496721214 4590.35915870751 4.5903591587080691e+03 4590.359158718678 4598.268541955826   
15601 234015 1.0071574340727494e-06 504430.30934062775 4590.359158654341 4.5903591586543407e+03 4590.35915865579 4590.359158658364   
15701 235515 8.347214907592449e-08 528605.1093573315 4590.359158635238 4.5903591586352377e+03 4590.359158635466 4606.177927169639   
15801 237015 6.255424200532076e-07 585088.1775337757 4590.359158625575 4.5903591586255752e+03 4590.3591586264265 4598.268543568109   
15901 238515 2.2670483232401098e-07 638132.5421823644 4590.35915861757 4.5903591586175698e+03 4590.359158617982 4598.268543822065   
16001 240015 5.044790691937998e-08 723732.5554685679 4590.359158616051 4.5903591586160510e+03 4590.359158616126 4598.26854383839   
16101 241515 2.075962865858435e-07 853911.5582942467 4590.359158611472 4.5903591586115272e+03 4590.359158611829 4598.268543611669   
16201 243015 6.170685169638147e-08 946505.2545122788 4590.359158610128 4.5903591586101284e+03 4590.359158610223 4598.268543722007   
16301 244515 4.263274002013221e-07 1.31982817888397 4590.359158608135 4.5903591586313723e+03 4598.268543807562 4606.17792906745   
16401 246015 6.548567340151894e-06 2.380072730085499 4590.359158608135 4.5982685354257765e+03 4598.268537814327 4606.177917890254   
16501 247515 3.702077470936986e-07 2.569687130880281 4590.359158608135 4.5903591586263274e+03 4590.359158632227 4590.359158645428   
16601 249015 2.494338494538411e-07 2.807775975535368 4590.359158608135 4.5903591586317552e+03 4590.359158636704 4590.359158650673   
16701 250515 6.632275824964433e-08 2.9081204215977823 4590.359158608135 4.5903591586289231e+03 4590.35915863751 4598.268544162356   
16801 252015 2.750101723458299e-08 3.104759482463104 4590.359158608135 4.5903591586324746e+03 4590.3591586372895 4598.268544217156   
16901 253515 3.4288995272192825e-08 3.2373299844682486 4590.359158608135 4.5903591586290004e+03 4590.359158635469 4590.359158648356   
17001 255015 9.303252418160704e-08 3.3520359027255404 4590.359158608135 4.5903591586304155e+03 4590.359158637592 4598.268544244158   
17101 256515 1.8937710734283813e-07 3.499192781546277 4590.359158608135 4.5903591586303464e+03 4590.3591586353905 4598.268544371887   
17201 258015 5.087588151508397e-07 3.571733396068137 4590.359158608135 4.5903591586307948e+03 4590.359158636406 4590.359158644804   
17301 259515 4.4640339699157945e-07 3.6240968579384862 4590.359158608135 4.5903591586289131e+03 4590.359158634166 4598.268544590706   
17401 261015 4.4894675654627457e-07 3.6696639150633024 4590.359158608135 4.5903591586267576e+03 4590.359158634235 4598.268544709247   
17501 262515 1.9280872765765182e-07 3.671969505750326 4590.359158608135 4.5903591586247803e+03 4590.359158629377 4598.268544542931   
17601 264015 5.091001690111429e-07 3.7398294363399547 4590.359158608135 4.5903591586186440e+03 4590.359158627868 4598.268544621499   
17701 265515 7.565461938330268e-07 3.7978541526207787 4590.359158608135 4.5903591586205148e+03 4590.359158631605 4598.268544671133   
17801 267015 1.0348810112087898e-07 3.8327883724380687 4590.359158608135 4.5903591586187194e+03 4590.359158624882 4598.268545126678   
17901 268515 8.08013521151388e-07 4.023951857662866 4590.359158608135 4.5903591586164366e+03 4590.359158623082 4598.2685445626885   
18001 270015 1.3423075199785775e-06 4.248308559985561 4590.359158608135 4.5903591586212106e+03 4590.359158628075 4598.268545086141   
18101 271515 1.813089993989751e-07 4.45810676573378 4590.359158608135 4.5903591586149387e+03 4590.359158623054 4598.268544141855   
18201 273015 3.328793248335305e-07 4.753308275193924 4590.359158608135 4.5903591586139246e+03 4590.359158623077 4598.268544431212   
18301 274515 1.5922488418064923e-07 4.943523143179611 4590.359158608135 4.5903591586139846e+03 4598.268544511491 4598.268544612762   
18401 276015 1.9305768626713376e-07 5.168810849182216 4590.359158608135 4.5903591586136336e+03 4590.359158621844 4598.268544594802   
18501 277515 1.225378138892866e-06 5.351968759905171 4590.359158608135 4.5903591586187977e+03 4590.3591586237035 4598.268545004075   
18601 279015 1.690975292927819e-06 5.395729624763238 4590.359158608135 4.5903591586190287e+03 4590.359158626942 4598.268546249801   
18701 280515 6.461040420031504e-07 5.527218224188047 4590.359158608135 4.5903591586195798e+03 4590.359158625523 4598.268545645804   
18801 282015 7.946592263473386e-07 5.826486102266664 4590.359158608135 4.5903591586208358e+03 4590.35915863188 4598.268544838909   
18901 283515 4.005774812390233e-07 6.09254870935484 4590.359158608135 4.5903591586171860e+03 4590.359158621405 4598.26854431542   
19001 285015 4.280859682562798e-08 6.3612190573132805 4590.359158608135 4.5903591586156508e+03 4590.3591586308285 4598.268544280325   
19101 286515 9.180126589650115e-07 6.579962644310989 4590.359158608135 4.5903591586158363e+03 4590.359158635381 4598.268544475201   
19201 288015 5.557168736204287e-07 6.849657773940527 4590.359158608135 4.5903591586148059e+03 4590.359158628115 4598.268544764385   
19301 289515 2.555857802173285e-07 7.37047062881594 4590.359158608135 4.5903591586138800e+03 4590.359158623361 4598.268544916367   
19401 291015 7.388319236701616e-08 7.508259775217576 4590.359158608135 4.5903591586122839e+03 4590.35915862404 4598.268544975974   
19501 292515 2.068433115658598e-07 8.221175786303483 4590.359158608135 4.5903591586133134e+03 4590.359158617863 4598.268544990288   
19601 294015 3.044907011728992e-08 8.261152658816549 4590.359158608135 4.5903591586136663e+03 4590.359158618647 4598.268544919745   
19701 295515 5.9152495086450884e-08 8.802861293060955 4590.359158608135 4.5903591586152697e+03 4590.359158622449 4598.268544977073   
19801 297015 9.767309921148406e-09 9.438357674578558 4590.359158608135 4.5903591586161965e+03 4590.359158624984 4598.268544969066   
19865 297975 3.6293608890658947e-09 9.237223776513671 4590.359158608135 4.5903591586170051e+03 4590.359158632778 4606.177931309658   
